0.000000000000000000e+00 2.925245545734918573e-01 4.031999999999999994e-03
2.671118530884808093e-02 2.965628399849774000e-01 4.051278361594249505e-03
5.342237061769616185e-02 3.027263131393566620e-01 4.070649636994939403e-03
8.013355592654423931e-02 3.040254062087208720e-01 4.090114274008556892e-03
1.068447412353923237e-01 2.951406277257054289e-01 4.109672722599837583e-03
1.335559265442403942e-01 2.999117828681547859e-01 4.129325434902159087e-03
1.602671118530884786e-01 2.968014075533351170e-01 4.149072865227999667e-03
1.869782971619365630e-01 2.995563189357953737e-01 4.168915470079434180e-03
2.136894824707846474e-01 2.920282570691024038e-01 4.188853708158693338e-03
2.404006677796327318e-01 2.967364598791721875e-01 4.208888040378763740e-03
2.671118530884807885e-01 2.967494747672680400e-01 4.229018929874042536e-03
2.938230383973288729e-01 2.936768469872171883e-01 4.249246842011048485e-03
3.205342237061769572e-01 2.938425645942224218e-01 4.269572244399172031e-03
3.472454090150250416e-01 3.005046857136741134e-01 4.289995606901493043e-03
3.739565943238731260e-01 2.983611348671476038e-01 4.310517401645636709e-03
4.006677796327212104e-01 2.876361015295734735e-01 4.331138103034690157e-03
4.273789649415692948e-01 2.901158979416569306e-01 4.351858187758170238e-03
4.540901502504173792e-01 2.851839173536842575e-01 4.372678134803040760e-03
4.808013355592654636e-01 2.947048817875877469e-01 4.393598425464786961e-03
5.075125208681134925e-01 2.881308672344804478e-01 4.414619543358541155e-03
5.342237061769615769e-01 2.891318782568507162e-01 4.435741974430263898e-03
5.609348914858096613e-01 2.884993934991290088e-01 4.456966206967973715e-03
5.876460767946577457e-01 2.938808425640633271e-01 4.478292731613040152e-03
6.143572621035058301e-01 2.946906217232300729e-01 4.499722041371520195e-03
6.410684474123539145e-01 2.840824951224463213e-01 4.521254631625559739e-03
6.677796327212019989e-01 2.945549570466230449e-01 4.542891000144844496e-03
6.944908180300500833e-01 2.799529648146086291e-01 4.564631647098103817e-03
7.212020033388981677e-01 2.895767047435094388e-01 4.586477075064677826e-03
7.479131886477462521e-01 2.796274890093740084e-01 4.608427789046132261e-03
7.746243739565943365e-01 2.885631378447973683e-01 4.630484296477933165e-03
8.013355592654424209e-01 2.859284902112637639e-01 4.652647107241177950e-03
8.280467445742905053e-01 2.741763924636639316e-01 4.674916733674381979e-03
8.547579298831385897e-01 2.850305171373600510e-01 4.697293690585324123e-03
8.814691151919866741e-01 2.754224842365347592e-01 4.719778495262943498e-03
9.081803005008347585e-01 2.779457693051330947e-01 4.742371667489299510e-03
9.348914858096828429e-01 2.791870589905839362e-01 4.765073729551590892e-03
9.616026711185309273e-01 2.751917109195977096e-01 4.787885206254226776e-03
9.883138564273790116e-01 2.761741997229812395e-01 4.810806624930953276e-03
1.015025041736226985e+00 2.687392957668008342e-01 4.833838515457057269e-03
1.041736227045075180e+00 2.708367061417037980e-01 4.856981410261601399e-03
1.068447412353923154e+00 2.663721031543353490e-01 4.880235844339740614e-03
1.095158597662771349e+00 2.730596434046002607e-01 4.903602355265086407e-03
1.121869782971619323e+00 2.719305177034991305e-01 4.927081483202135244e-03
1.148580968280467518e+00 2.660581820764278960e-01 4.950673770918757703e-03
1.175292153589315491e+00 2.735021164498466772e-01 4.974379763798737926e-03
1.202003338898163687e+00 2.638223307445720089e-01 4.998200009854391127e-03
1.228714524207011660e+00 2.613520129791330193e-01 5.022135059739225339e-03
1.255425709515859856e+00 2.638913037448173959e-01 5.046185466760675156e-03
1.282136894824707829e+00 2.575688685350892015e-01 5.070351786892885772e-03
1.308848080133556024e+00 2.532122391086953916e-01 5.094634578789574222e-03
1.335559265442403998e+00 2.618197282634466272e-01 5.119034403796938332e-03
1.362270450751252193e+00 2.464219798292694719e-01 5.143551825966634176e-03
1.388981636060100167e+00 2.559723396233071768e-01 5.168187412068816870e-03
1.415692821368948362e+00 2.427108498526951152e-01 5.192941731605242063e-03
1.442404006677796335e+00 2.425653521877126906e-01 5.217815356822425553e-03
1.469115191986644531e+00 2.490640323787904065e-01 5.242808862724884431e-03
1.495826377295492504e+00 2.548904722519404475e-01 5.267922827088417255e-03
1.522537562604340700e+00 2.503323746848908904e-01 5.293157830473465761e-03
1.549248747913188673e+00 2.403734753176574590e-01 5.318514456238537282e-03
1.575959933222036868e+00 2.392327403753071458e-01 5.343993290553686153e-03
1.602671118530884842e+00 2.354526578505257151e-01 5.369594922414066239e-03
1.629382303839733037e+00 2.479149970611877751e-01 5.395319943653548514e-03
1.656093489148581011e+00 2.364281554766783366e-01 5.421168948958399354e-03
1.682804674457429206e+00 2.318330523143270205e-01 5.447142535881029958e-03
1.709515859766277179e+00 2.415291754075947206e-01 5.473241304853809081e-03
1.736227045075125153e+00 2.349730166530009934e-01 5.499465859202943424e-03
1.762938230383973348e+00 2.317874093464547536e-01 5.525816805162425682e-03
1.789649415692821321e+00 2.339363305144958050e-01 5.552294751888046768e-03
1.816360601001669517e+00 2.342569182123350191e-01 5.578900311471480904e-03
1.843071786310517490e+00 2.250932569615393675e-01 5.605634098954431419e-03
1.869782971619365686e+00 2.239246886336842546e-01 5.632496732342852017e-03
1.896494156928213659e+00 2.297415394460404769e-01 5.659488832621232222e-03
1.923205342237061855e+00 2.225119345766001233e-01 5.686611023766950483e-03
1.949916527545909828e+00 2.225807748793206808e-01 5.713863932764702731e-03
1.976627712854758023e+00 2.162953432532890852e-01 5.741248189620993397e-03
2.003338898163605997e+00 2.250265009787300319e-01 5.768764427378700148e-03
2.030050083472453970e+00 2.255000846129431302e-01 5.796413282131708880e-03
2.056761268781302388e+00 2.090440818945606127e-01 5.824195393039616371e-03
2.083472454090150361e+00 2.168382729575185630e-01 5.852111402342507519e-03
2.110183639398998334e+00 2.175414574490601716e-01 5.880161955375801108e-03
2.136894824707846308e+00 2.049938303862239020e-01 5.908347700585167561e-03
2.163606010016694725e+00 2.223089638569154536e-01 5.936669289541523023e-03
2.190317195325542698e+00 2.107495670290227829e-01 5.965127376956083291e-03
2.217028380634390672e+00 2.053876653462466395e-01 5.993722620695508818e-03
2.243739565943238645e+00 1.996484925976643177e-01 6.022455681797104360e-03
2.270450751252087063e+00 2.078149934830895995e-01 6.051327224484107960e-03
2.297161936560935036e+00 2.102406000477959891e-01 6.080337916181036313e-03
2.323873121869783009e+00 2.008986199718535426e-01 6.109488427529122939e-03
2.350584307178630983e+00 2.105556718195324695e-01 6.138779432401816200e-03
2.377295492487479400e+00 1.895296080995307331e-01 6.168211607920358851e-03
2.404006677796327374e+00 1.935935086721269349e-01 6.197785634469438719e-03
2.430717863105175347e+00 1.953347273838917930e-01 6.227502195712920907e-03
2.457429048414023320e+00 1.816060159424637277e-01 6.257361978609651994e-03
2.484140233722871738e+00 1.854146523860946971e-01 6.287365673429334487e-03
2.510851419031719711e+00 1.669602681057236471e-01 6.317513973768490616e-03
2.537562604340567685e+00 1.834870835970069669e-01 6.347807576566495517e-03
2.564273789649415658e+00 1.802757934206886681e-01 6.378247182121682402e-03
2.590984974958263631e+00 1.882894788493681693e-01 6.408833494107539670e-03
2.617696160267112049e+00 1.841542925181365309e-01 6.439567219588971346e-03
2.644407345575960022e+00 1.820240410585510227e-01 6.470449069038645105e-03
2.671118530884807996e+00 1.697086715533552004e-01 6.501479756353417509e-03
2.697829716193655969e+00 1.707919600955415396e-01 6.532659998870832090e-03
2.724540901502504386e+00 1.762364940549515646e-01 6.563990517385709378e-03
2.751252086811352360e+00 1.715397875328454613e-01 6.595472036166801118e-03
2.777963272120200333e+00 1.653245521901805792e-01 6.627105282973543357e-03
2.804674457429048307e+00 1.592174648852094088e-01 6.658890989072870255e-03
2.831385642737896724e+00 1.717976641008730765e-01 6.690829889256126768e-03
2.858096828046744697e+00 1.538442750768498901e-01 6.722922721856045523e-03
2.884808013355592671e+00 1.592088338725930197e-01 6.755170228763825169e-03
2.911519198664440644e+00 1.579518693191029610e-01 6.787573155446275514e-03
2.938230383973289062e+00 1.629262099588165980e-01 6.820132250963050272e-03
2.964941569282137035e+00 1.632951958606514431e-01 6.852848267983963938e-03
2.991652754590985008e+00 1.472155577579923602e-01 6.885721962806390199e-03
3.018363939899832982e+00 1.552341992808517757e-01 6.918754095372748811e-03
3.045075125208681399e+00 1.480917982901860108e-01 6.951945429288067940e-03
3.071786310517529373e+00 1.481837994881241294e-01 6.985296731837639314e-03
3.098497495826377346e+00 1.446454813081760604e-01 7.018808774004759235e-03
3.125208681135225319e+00 1.446237081232364940e-01 7.052482330488543324e-03
3.151919866444073737e+00 1.448852358518321337e-01 7.086318179721844482e-03
3.178631051752921710e+00 1.319389411493305797e-01 7.120317103889235028e-03
3.205342237061769683e+00 1.392914968464726844e-01 7.154479888945105073e-03
3.232053422370617657e+00 1.344916238732172531e-01 7.188807324631819005e-03
3.258764607679466074e+00 1.270194116721231059e-01 7.223300204497975184e-03
3.285475792988314048e+00 1.193404496049560726e-01 7.257959325916754113e-03
3.312186978297162021e+00 1.391509326083430476e-01 7.292785490104345542e-03
3.338898163606009994e+00 1.308051101579438269e-01 7.327779502138471839e-03
3.365609348914858412e+00 1.284777225681895119e-01 7.362942170977008517e-03
3.392320534223706385e+00 1.387141772754264812e-01 7.398274309476664604e-03
3.419031719532554359e+00 1.248964893054008846e-01 7.433776734411794845e-03
3.445742904841402332e+00 1.148757078221854799e-01 7.469450266493268299e-03
3.472454090150250305e+00 1.224529987148923332e-01 7.505295730387444471e-03
3.499165275459098723e+00 1.088793776739837849e-01 7.541313954735237059e-03
3.525876460767946696e+00 1.279416835264627628e-01 7.577505772171269638e-03
3.552587646076794670e+00 1.197545570268658544e-01 7.613872019343123285e-03
3.579298831385642643e+00 1.166400001455140528e-01 7.650413536930677876e-03
3.606010016694491060e+00 1.282859157050782739e-01 7.687131169665547062e-03
3.632721202003339034e+00 1.085426994775528370e-01 7.724025766350602583e-03
3.659432387312187007e+00 1.154252371633285035e-01 7.761098179879600927e-03
3.686143572621034981e+00 1.027173772202880364e-01 7.798349267256894125e-03
3.712854757929883398e+00 1.031334730381818637e-01 7.835779889617247237e-03
3.739565943238731371e+00 1.287670955452427657e-01 7.873390912245741696e-03
3.766277128547579345e+00 9.869144865572299086e-02 7.911183204597774937e-03
3.792988313856427318e+00 8.617361051441989328e-02 7.949157640319167578e-03
3.819699499165275736e+00 1.016911576082732971e-01 7.987315097266356467e-03
3.846410684474123709e+00 9.261923141298934736e-02 8.025656457526678805e-03
3.873121869782971682e+00 1.066432865687424458e-01 8.064182607438781167e-03
3.899833055091819656e+00 8.519930078160672937e-02 8.102894437613092707e-03
3.926544240400668073e+00 1.034924381405239041e-01 8.141792842952425002e-03
3.953255425709516047e+00 9.300765090883374164e-02 8.180878722672646486e-03
3.979966611018364020e+00 1.015637654784224408e-01 8.220152980323488720e-03
4.006677796327211993e+00 8.591893069689744700e-02 8.259616523809416855e-03
4.033388981636059967e+00 7.952674121921761430e-02 8.299270265410621517e-03
4.060100166944907940e+00 9.439462943938825568e-02 8.339115121804114780e-03
4.086811352253756802e+00 9.057683873006126818e-02 8.379152014084916347e-03
4.113522537562604775e+00 8.180956017185130047e-02 8.419381867787340337e-03
4.140233722871452748e+00 8.396397020332620198e-02 8.459805612906403510e-03
4.166944908180300722e+00 8.707482411520459098e-02 8.500424183919316756e-03
4.193656093489148695e+00 7.671616643424983284e-02 8.541238519807087606e-03
4.220367278797996669e+00 7.689078956642519946e-02 8.582249564076228562e-03
4.247078464106844642e+00 9.531749103022138514e-02 8.623458264780560836e-03
4.273789649415692615e+00 7.355613095430250936e-02 8.664865574543146459e-03
4.300500834724540589e+00 6.126347978443277831e-02 8.706472450578294983e-03
4.327212020033389450e+00 6.591868438712404632e-02 8.748279854713696818e-03
4.353923205342237424e+00 5.637362020030095566e-02 8.790288753412658918e-03
4.380634390651085397e+00 5.664106230381366069e-02 8.832500117796442812e-03
4.407345575959933370e+00 7.465506107734429242e-02 8.874914923666720606e-03
4.434056761268781344e+00 5.270130543519502969e-02 8.917534151528128117e-03
4.460767946577629317e+00 5.879607788302114446e-02 8.960358786610932505e-03
4.487479131886477290e+00 6.125844412181840476e-02 9.003389818893800522e-03
4.514190317195325264e+00 6.188425078866188062e-02 9.046628243126703800e-03
4.540901502504174125e+00 5.511603150179546218e-02 9.090075058853886586e-03
4.567612687813022099e+00 5.338714249013941371e-02 9.133731270436996549e-03
4.594323873121870072e+00 3.805682499522763940e-02 9.177597887078290176e-03
4.621035058430718045e+00 6.564673384221039742e-02 9.221675922843964798e-03
4.647746243739566019e+00 5.367486256547916029e-02 9.265966396687603385e-03
4.674457429048413992e+00 3.735043588303926798e-02 9.310470332473725144e-03
4.701168614357261966e+00 6.038938080536956216e-02 9.355188759001462767e-03
4.727879799666109939e+00 4.601943188998142142e-02 9.400122710028329873e-03
4.754590984974958801e+00 4.908686358487293622e-02 9.445273224294139375e-03
4.781302170283806774e+00 4.460100161886860343e-02 9.490641345544989504e-03
4.808013355592654747e+00 4.905838517467493720e-02 9.536228122557425038e-03
4.834724540901502721e+00 5.638063830067903404e-02 9.582034609162648833e-03
4.861435726210350694e+00 5.640621807498719803e-02 9.628061864270906836e-03
4.888146911519198667e+00 5.547420662490719356e-02 9.674310951895958091e-03
4.914858096828046641e+00 6.450182564647821692e-02 9.720782941179669651e-03
4.941569282136894614e+00 4.866073820913030534e-02 9.767478906416732914e-03
4.968280467445743476e+00 3.902886405709400652e-02 9.814399927079506605e-03
4.994991652754591449e+00 4.068035340577826064e-02 9.861547087842956888e-03
5.021702838063439422e+00 2.948265483911476081e-02 9.908921478609741471e-03
5.048414023372287396e+00 4.236616048795006223e-02 9.956524194535402994e-03
5.075125208681135369e+00 4.011124254074413531e-02 1.000435633605368559e-02
5.101836393989983343e+00 4.387858600069156206e-02 1.005241900890197285e-02
5.128547579298831316e+00 3.045576601711457235e-02 1.010071332414684900e-02
5.155258764607679289e+00 2.851243763095586553e-02 1.014924039820978494e-02
5.181969949916527263e+00 3.223878019077468238e-02 1.019800135289294397e-02
5.208681135225376124e+00 2.199897028396316165e-02 1.024699731540511943e-02
5.235392320534224098e+00 4.078584363789958256e-02 1.029622941838778498e-02
5.262103505843072071e+00 4.981665954448502576e-02 1.034569879994128895e-02
5.288814691151920044e+00 2.258330875455387410e-02 1.039540660365115103e-02
5.315525876460768018e+00 5.570533143122809866e-02 1.044535397861450637e-02
5.342237061769615991e+00 3.282166884742089563e-02 1.049554207946666595e-02
5.368948247078463964e+00 1.510966164515107658e-02 1.054597206640781916e-02
5.395659432387311938e+00 2.143949084054711310e-02 1.059664510522983008e-02
5.422370617696160799e+00 4.346054617011602117e-02 1.064756236734321765e-02
5.449081803005008773e+00 2.899107495669972848e-02 1.069872502980420519e-02
5.475792988313856746e+00 2.366148258281501951e-02 1.075013427534195383e-02
5.502504173622704720e+00 4.597957133935579033e-02 1.080179129238589483e-02
5.529215358931552693e+00 2.396974925233583131e-02 1.085369727509319891e-02
5.555926544240400666e+00 1.479112575647795191e-02 1.090585342337638784e-02
5.582637729549248640e+00 5.233584800460683306e-03 1.095826094293106401e-02
5.609348914858096613e+00 1.711488739494428091e-02 1.101092104526380129e-02
5.636060100166945475e+00 4.255819410311520445e-02 1.106383494772013310e-02
5.662771285475793448e+00 2.785495214102871875e-02 1.111700387351268783e-02
5.689482470784641421e+00 2.515320450984572659e-02 1.117042905174949613e-02
5.716193656093489395e+00 3.409997740689980211e-02 1.122411171746237786e-02
5.742904841402337368e+00 2.075743294571034958e-02 1.127805311163549568e-02
5.769616026711185341e+00 1.342602509690981813e-02 1.133225448123405601e-02
5.796327212020033315e+00 5.568655987242644018e-03 1.138671707923312459e-02
5.823038397328881288e+00 1.806219189013997389e-02 1.144144216464658935e-02
5.849749582637730150e+00 4.059541886989123660e-02 1.149643100255627257e-02
5.876460767946578123e+00 2.292133758105095037e-02 1.155168486414117311e-02
5.903171953255426097e+00 -1.899248421001676138e-02 1.160720502670685439e-02
5.929883138564274070e+00 9.049587560403153999e-03 1.166299277371496065e-02
5.956594323873122043e+00 1.068844208464552609e-02 1.171904939481290681e-02
5.983305509181970017e+00 2.157421819047713671e-02 1.177537618586367053e-02
6.010016694490817990e+00 1.275433819788487737e-02 1.183197444897576486e-02
6.036727879799665963e+00 2.932777959693804240e-02 1.188884549253333041e-02
6.063439065108513937e+00 -1.461707466439390174e-03 1.194599063122638201e-02
6.090150250417362798e+00 1.886283674794990428e-02 1.200341118608120455e-02
6.116861435726210772e+00 3.192085087232262447e-02 1.206110848449088238e-02
6.143572621035058745e+00 -1.940688676322026990e-02 1.211908386024600041e-02
6.170283806343906718e+00 4.141655498249149567e-03 1.217733865356545805e-02
6.196994991652754692e+00 1.257549252285683483e-02 1.223587421112747042e-02
6.223706176961602665e+00 5.485176013493374414e-03 1.229469188610068410e-02
6.250417362270450639e+00 2.135414159216501850e-02 1.235379303817546459e-02
6.277128547579298612e+00 2.219565092924660060e-02 1.241317903359532952e-02
6.303839732888147473e+00 2.989845966557826140e-02 1.247285124518852754e-02
6.330550918196995447e+00 1.632602107450486020e-02 1.253281105239978203e-02
6.357262103505843420e+00 -7.776774720452827791e-03 1.259305984132216838e-02
6.383973288814691394e+00 2.354654278014178814e-02 1.265359900472917340e-02
6.410684474123539367e+00 1.536025864921218217e-02 1.271442994210686926e-02
6.437395659432387340e+00 1.548078687113588377e-02 1.277555405968628863e-02
6.464106844741235314e+00 1.437023974305039024e-02 1.283697277047591429e-02
6.490818030050083287e+00 7.701461845360709976e-03 1.289868749429435094e-02
6.517529215358932149e+00 3.886709536469641624e-03 1.296069965780315657e-02
6.544240400667780122e+00 6.463134796741664551e-03 1.302301069453980220e-02
6.570951585976628095e+00 3.481110019700982272e-02 1.308562204495082593e-02
6.597662771285476069e+00 3.075329091055318577e-03 1.314853515642513265e-02
6.624373956594324042e+00 1.715331802898251851e-02 1.321175148332744652e-02
6.651085141903172016e+00 1.252727647244020540e-02 1.327527248703192983e-02
6.677796327212019989e+00 -3.889606731911278426e-03 1.333909963595597201e-02
6.704507512520867962e+00 8.998768575681808518e-03 1.340323440559414159e-02
6.731218697829716824e+00 1.149409160512277622e-02 1.346767827855227008e-02
6.757929883138564797e+00 1.056750960388935789e-02 1.353243274458175265e-02
6.784641068447412771e+00 -5.824287229663395113e-03 1.359749930061397716e-02
6.811352253756260744e+00 1.431828099196681692e-05 1.366287945079491979e-02
6.838063439065108717e+00 1.964073887887832909e-02 1.372857470651993317e-02
6.864774624373956691e+00 1.660375757128863469e-03 1.379458658646866981e-02
6.891485809682804664e+00 1.414225289808274458e-02 1.386091661664019641e-02
6.918196994991652637e+00 3.936221837554185893e-04 1.392756633038827463e-02
6.944908180300500611e+00 9.532964089099812272e-03 1.399453726845680153e-02
6.971619365609349472e+00 1.402458508223676167e-02 1.406183097901542688e-02
6.998330550918197446e+00 -9.170384023782108401e-03 1.412944901769534224e-02
7.025041736227045419e+00 8.447492057563095805e-03 1.419739294762525049e-02
7.051752921535893393e+00 1.616762792367003321e-02 1.426566433946748792e-02
7.078464106844741366e+00 2.792954979497140611e-02 1.433426477145434419e-02
7.105175292153589339e+00 1.330922102652640215e-02 1.440319582942454352e-02
7.131886477462437313e+00 5.843984565693346317e-03 1.447245910685989595e-02
7.158597662771285286e+00 -1.152138556705047286e-02 1.454205620492214981e-02
7.185308848080134148e+00 -6.644012759002861784e-03 1.461198873248999511e-02
7.212020033388982121e+00 2.318378278274298154e-02 1.468225830619625423e-02
7.238731218697830094e+00 2.659378472142401306e-02 1.475286655046525487e-02
7.265442404006678068e+00 -6.031771752242169604e-03 1.482381509755039371e-02
7.292153589315526041e+00 7.630643469187950965e-03 1.489510558757185972e-02
7.318864774624374014e+00 -1.916017397463821298e-03 1.496673966855453786e-02
7.345575959933221988e+00 1.533922896145830349e-02 1.503871899646613483e-02
7.372287145242069961e+00 5.806660906054424143e-03 1.511104523525542455e-02
7.398998330550918823e+00 -2.626099463290617470e-03 1.518372005689075203e-02
7.425709515859766796e+00 -8.106281011522767019e-03 1.525674514139864664e-02
7.452420701168614769e+00 1.284443267640246987e-02 1.533012217690269373e-02
7.479131886477462743e+00 7.211523680581694365e-03 1.540385285966252432e-02
7.505843071786310716e+00 -1.205157574540243262e-02 1.547793889411306668e-02
7.532554257095158690e+00 2.313776338666499732e-02 1.555238199290391761e-02
7.559265442404006663e+00 1.792772174910113592e-02 1.562718387693893748e-02
7.585976627712854636e+00 4.463310449962733586e-03 1.570234627541604311e-02
7.612687813021703498e+00 8.057852538988873395e-03 1.577787092586719481e-02
7.639398998330551471e+00 3.089000981390237210e-02 1.585375957419850323e-02
7.666110183639399445e+00 1.265728981852570594e-02 1.593001397473067099e-02
7.692821368948247418e+00 4.469297742731053596e-02 1.600663589023949840e-02
7.719532554257095391e+00 3.647897474173066035e-03 1.608362709199662177e-02
7.746243739565943365e+00 1.939603569419970364e-02 1.616098935981051185e-02
7.772954924874791338e+00 8.334679530619504284e-03 1.623872448206757288e-02
7.799666110183639312e+00 1.530833029700661221e-02 1.631683425577349147e-02
7.826377295492487285e+00 1.452741639145128244e-02 1.639532048659479366e-02
7.853088480801336146e+00 -6.932962190272463562e-03 1.647418498890059271e-02
7.879799666110184120e+00 5.292976680538423809e-03 1.655342958580447929e-02
7.906510851419032093e+00 2.451417798464715359e-02 1.663305610920674804e-02
7.933222036727880067e+00 1.100810313139705815e-03 1.671306639983667630e-02
7.959933222036728040e+00 6.911914165398388467e-03 1.679346230729511155e-02
7.986644407345576013e+00 1.955601734079814857e-02 1.687424569009721501e-02
8.013355592654423987e+00 -1.252778847883922152e-02 1.695541841571543765e-02
8.040066777963271960e+00 1.700457404370228284e-02 1.703698236062267321e-02
8.066777963272119933e+00 2.501597554576539401e-02 1.711893941033565056e-02
8.093489148580967907e+00 4.385649615284151898e-03 1.720129145945852381e-02
8.120200333889815880e+00 3.852519503303564186e-03 1.728404041172664635e-02
8.146911519198663854e+00 -5.333955580942556507e-02 1.736718818005061546e-02
8.173622704507513603e+00 -3.347456611535321036e-04 1.745073668656046614e-02
8.200333889816361577e+00 -3.028314422805628015e-04 1.753468786265010085e-02
8.227045075125209550e+00 -3.634162963051617429e-03 1.761904364902196207e-02
8.253756260434057523e+00 3.013263198025721221e-03 1.770380599573188538e-02
8.280467445742905497e+00 1.450472178305014376e-03 1.778897686223417096e-02
8.307178631051753470e+00 -2.271367667155837350e-03 1.787455821742688772e-02
8.333889816360601444e+00 4.550687019325744265e-02 1.796055203969738542e-02
8.360601001669449417e+00 2.260394591778559781e-02 1.804696031696803940e-02
8.387312186978297390e+00 4.380183683703705796e-03 1.813378504674217906e-02
8.414023372287145364e+00 -2.249883406795424867e-04 1.822102823615030440e-02
8.440734557595993337e+00 3.310728567494009011e-03 1.830869190199643087e-02
8.467445742904841310e+00 8.070318151404482637e-03 1.839677807080477429e-02
8.494156928213689284e+00 1.098589680433498771e-02 1.848528877886655361e-02
8.520868113522537257e+00 -3.496227993837083131e-03 1.857422607228707834e-02
8.547579298831385231e+00 -4.811110699175610156e-03 1.866359200703304397e-02
8.574290484140233204e+00 1.473418337708963521e-02 1.875338864898007385e-02
8.601001669449081177e+00 2.842637942012197355e-02 1.884361807396045183e-02
8.627712854757930927e+00 -6.412528633139687184e-03 1.893428236781113938e-02
8.654424040066778900e+00 2.440065482294453622e-02 1.902538362642195585e-02
8.681135225375626874e+00 6.651556859505489139e-02 1.911692395578407436e-02
8.707846410684474847e+00 7.407821304452128636e-03 1.920890547203866344e-02
8.734557595993322821e+00 9.037556970135930332e-03 1.930133030152583751e-02
8.761268781302170794e+00 2.850937530982144280e-02 1.939420058083380152e-02
8.787979966611018767e+00 2.117965677168822877e-02 1.948751845684822473e-02
8.814691151919866741e+00 2.200621884902452183e-02 1.958128608680190230e-02
8.841402337228714714e+00 2.329941050026324012e-02 1.967550563832460436e-02
8.868113522537562687e+00 8.830087179228628819e-03 1.977017928949317827e-02
8.894824707846410661e+00 4.221371194523343418e-03 1.986530922888192149e-02
8.921535893155258634e+00 9.460601518793958220e-03 1.996089765561315926e-02
8.948247078464106607e+00 3.749475171471210178e-02 2.005694677940808232e-02
8.974958263772954581e+00 -7.005160885966317530e-03 2.015345882063784150e-02
9.001669449081802554e+00 -2.893157123045764917e-03 2.025043601037485735e-02
9.028380634390650528e+00 2.177199933927709968e-02 2.034788059044440392e-02
9.055091819699500277e+00 1.213749633977263646e-02 2.044579481347645611e-02
9.081803005008348251e+00 6.856567983932193577e-02 2.054418094295771061e-02
9.108514190317196224e+00 1.464009538903738965e-02 2.064304125328396411e-02
9.135225375626044197e+00 -7.883747852184149613e-03 2.074237802981266851e-02
9.161936560934892171e+00 4.055874021016141195e-02 2.084219356891574629e-02
9.188647746243740144e+00 1.945740449956328416e-02 2.094249017803272161e-02
9.215358931552588118e+00 3.144481168867868659e-03 2.104327017572399719e-02
9.242070116861436091e+00 4.025730511083661783e-02 2.114453589172451964e-02
9.268781302170284064e+00 6.064505594055545623e-02 2.124628966699757676e-02
9.295492487479132038e+00 6.218695230273407759e-02 2.134853385378895907e-02
9.322203672787980011e+00 2.203287484544372982e-02 2.145127081568131214e-02
9.348914858096827984e+00 1.553499618376259425e-02 2.155450292764877346e-02
9.375626043405675958e+00 7.312675804099152965e-02 2.165823257611190072e-02
9.402337228714523931e+00 6.700265809303065923e-03 2.176246215899280828e-02
9.429048414023371905e+00 2.158580101518852573e-02 2.186719408577060889e-02
9.455759599332219878e+00 2.468583716118436314e-02 2.197243077753713650e-02
9.482470784641067851e+00 2.413679336697480832e-02 2.207817466705287723e-02
9.509181969949917601e+00 5.119233639070011610e-02 2.218442819880324379e-02
9.535893155258765574e+00 -1.353595605734382590e-02 2.229119382905503724e-02
9.562604340567613548e+00 4.745340173818014817e-02 2.239847402591328696e-02
9.589315525876461521e+00 3.399899059078365787e-02 2.250627126937827446e-02
9.616026711185309495e+00 2.671451688793901116e-02 2.261458805140285563e-02
9.642737896494157468e+00 6.151232513658455581e-02 2.272342687595008473e-02
9.669449081803005441e+00 1.248333358132287796e-02 2.283279025905109866e-02
9.696160267111853415e+00 5.682807549585495999e-02 2.294268072886325102e-02
9.722871452420701388e+00 5.536313128820639223e-02 2.305310082572860700e-02
9.749582637729549361e+00 6.742602810756465059e-02 2.316405310223262903e-02
9.776293823038397335e+00 3.693709690979493643e-02 2.327554012326318172e-02
9.803005008347245308e+00 3.247474364238071842e-02 2.338756446606986630e-02
9.829716193656093282e+00 3.321547192531031090e-02 2.350012872032353900e-02
9.856427378964941255e+00 8.220227361639336622e-03 2.361323548817623533e-02
9.883138564273789228e+00 7.280682670467607254e-02 2.372688738432128866e-02
9.909849749582637202e+00 5.073019690827183098e-02 2.384108703605377841e-02
9.936560934891486951e+00 3.607400308764877050e-02 2.395583708333128697e-02
9.963272120200334925e+00 5.322157297749862542e-02 2.407114017883487875e-02
9.989983305509182898e+00 2.728450187664393373e-02 2.418699898803048504e-02
1.001669449081803087e+01 7.978909732510619524e-02 2.430341618923048327e-02
1.004340567612687884e+01 3.461515120934752221e-02 2.442039447365560931e-02
1.007011686143572682e+01 6.064803798792221812e-02 2.453793654549719233e-02
1.009682804674457479e+01 3.942439582341877857e-02 2.465604512197965004e-02
1.012353923205342277e+01 4.280788598632320752e-02 2.477472293342330642e-02
1.015025041736227074e+01 2.829873788581030447e-03 2.489397272330752531e-02
1.017696160267111871e+01 8.372999607398778910e-02 2.501379724833409715e-02
1.020367278797996669e+01 2.615373352157488590e-02 2.513419927849099705e-02
1.023038397328881466e+01 1.800128050877625174e-02 2.525518159711641689e-02
1.025709515859766263e+01 2.739902922603713181e-02 2.537674700096307148e-02
1.028380634390651061e+01 4.614479823801373448e-02 2.549889830026290036e-02
1.031051752921535858e+01 3.753662824862385311e-02 2.562163831879201575e-02
1.033722871452420655e+01 6.858354580457073912e-02 2.574496989393594906e-02
1.036393989983305453e+01 3.092713859206443205e-02 2.586889587675528582e-02
1.039065108514190428e+01 7.575102075806408597e-02 2.599341913205156090e-02
1.041736227045075225e+01 3.294140988848433260e-02 2.611854253843345214e-02
1.044407345575960022e+01 3.468439232835579533e-02 2.624426898838337283e-02
1.047078464106844820e+01 -1.079976870614998696e-02 2.637060138832431760e-02
1.049749582637729617e+01 9.717823923353968718e-02 2.649754265868704828e-02
1.052420701168614414e+01 3.081365683134530686e-02 2.662509573397759885e-02
1.055091819699499212e+01 -3.360423697958180717e-02 2.675326356284512402e-02
1.057762938230384009e+01 3.202686237458932106e-02 2.688204910815007037e-02
1.060434056761268806e+01 2.909962562765125785e-02 2.701145534703263892e-02
1.063105175292153604e+01 4.044321946414944358e-02 2.714148527098164329e-02
1.065776293823038401e+01 7.287116591373851704e-02 2.727214188590363492e-02
1.068447412353923198e+01 5.136490161752276656e-02 2.740342821219240652e-02
1.071118530884807996e+01 7.652165774882205285e-02 2.753534728479883203e-02
1.073789649415692793e+01 6.448550367791724969e-02 2.766790215330097377e-02
1.076460767946577590e+01 4.537679925449276258e-02 2.780109588197463011e-02
1.079131886477462388e+01 5.991286455590198734e-02 2.793493154986415733e-02
1.081803005008347363e+01 3.966506796494601028e-02 2.806941225085362798e-02
1.084474123539232160e+01 3.837842459942871626e-02 2.820454109373838128e-02
1.087145242070116957e+01 4.142896493046093614e-02 2.834032120229686494e-02
1.089816360601001755e+01 2.830888883683862697e-02 2.847675571536287947e-02
1.092487479131886552e+01 4.061437916017082705e-02 2.861384778689809311e-02
1.095158597662771349e+01 7.303828336571790980e-02 2.875160058606499730e-02
1.097829716193656147e+01 5.700629811130295682e-02 2.889001729730014331e-02
1.100500834724540944e+01 8.667531958336316400e-02 2.902910112038775345e-02
1.103171953255425741e+01 2.955690566865305444e-02 2.916885527053371743e-02
1.105843071786310539e+01 5.213294218782647121e-02 2.930928297843988714e-02
1.108514190317195336e+01 7.988231074879245663e-02 2.945038749037876685e-02
1.111185308848080133e+01 2.981520351350616660e-02 2.959217206826858862e-02
1.113856427378964931e+01 3.124089572547908422e-03 2.973463998974865824e-02
1.116527545909849728e+01 5.496315665782695176e-02 2.987779454825521125e-02
1.119198664440734525e+01 9.221350277640984194e-02 3.002163905309744932e-02
1.121869782971619323e+01 1.482924379033431772e-02 3.016617682953410054e-02
1.124540901502504120e+01 5.275162133239441609e-02 3.031141121885030584e-02
1.127212020033389095e+01 4.746646834821214439e-02 3.045734557843481766e-02
1.129883138564273892e+01 5.298357027062843005e-02 3.060398328185757327e-02
1.132554257095158690e+01 7.892764696876304609e-02 3.075132771894782679e-02
1.135225375626043487e+01 8.533869003586488922e-02 3.089938229587236435e-02
1.137896494156928284e+01 5.474168439376431161e-02 3.104815043521429521e-02
1.140567612687813082e+01 4.978037477531312149e-02 3.119763557605222462e-02
1.143238731218697879e+01 9.195963473034464430e-02 3.134784117403966591e-02
1.145909849749582676e+01 5.077733770909976380e-02 3.149877070148496272e-02
1.148580968280467474e+01 4.396358527539059868e-02 3.165042764743160320e-02
1.151252086811352271e+01 5.967420026853857695e-02 3.180281551773880833e-02
1.153923205342237068e+01 5.288000064245321208e-02 3.195593783516259556e-02
1.156594323873121866e+01 2.193683568878071477e-02 3.210979813943724837e-02
1.159265442404006663e+01 6.371501050791708587e-02 3.226439998735710496e-02
1.161936560934891460e+01 3.591290872021973835e-02 3.241974695285878422e-02
1.164607679465776258e+01 9.666450815104191130e-02 3.257584262710385564e-02
1.167278797996661055e+01 1.292541426370556745e-02 3.273269061856176609e-02
1.169949916527546030e+01 6.334264984742793425e-02 3.289029455309335631e-02
1.172621035058430827e+01 9.052731118205829819e-02 3.304865807403458561e-02
1.175292153589315625e+01 -1.336693010274881549e-02 3.320778484228081168e-02
1.177963272120200422e+01 6.769240838914786229e-02 3.336767853637143816e-02
1.180634390651085219e+01 8.325667218983895390e-02 3.352834285257490221e-02
1.183305509181970017e+01 2.007948906377947373e-03 3.368978150497412699e-02
1.185976627712854814e+01 1.239849757955745896e-02 3.385199822555239740e-02
1.188647746243739611e+01 1.033246101522105609e-01 3.401499676427967300e-02
1.191318864774624409e+01 5.581926148537108556e-02 3.417878088919918539e-02
1.193989983305509206e+01 7.915253691020519844e-02 3.434335438651456990e-02
1.196661101836394003e+01 3.752551824192197627e-02 3.450872106067748996e-02
1.199332220367278801e+01 3.710315451537812836e-02 3.467488473447544878e-02
1.202003338898163598e+01 4.285346261430862669e-02 3.484184924912021863e-02
1.204674457429048395e+01 1.956758604171689869e-02 3.500961846433668645e-02
1.207345575959933193e+01 3.675926880299421051e-02 3.517819625845198389e-02
1.210016694490817990e+01 2.248273248917447703e-02 3.534758652848519339e-02
1.212687813021702787e+01 5.938761665416382451e-02 3.551779319023749132e-02
1.215358931552587762e+01 3.926290850148361072e-02 3.568882017838253401e-02
1.218030050083472560e+01 9.054610518004901909e-02 3.586067144655753075e-02
1.220701168614357357e+01 5.703411402603256880e-02 3.603335096745461513e-02
1.223372287145242154e+01 3.369803042616092981e-02 3.620686273291262580e-02
1.226043405676126952e+01 2.868719230665644354e-02 3.638121075400949089e-02
1.228714524207011749e+01 3.320260501885889670e-02 3.655639906115483451e-02
1.231385642737896546e+01 1.150724397714675828e-01 3.673243170418322850e-02
1.234056761268781344e+01 8.701653265281335259e-02 3.690931275244780513e-02
1.236727879799666141e+01 7.948160536617704386e-02 3.708704629491428595e-02
1.239398998330550938e+01 2.047687408274250637e-02 3.726563644025553818e-02
1.242070116861435736e+01 5.123225705678538522e-02 3.744508731694655423e-02
1.244741235392320533e+01 4.143624474397452490e-02 3.762540307335988932e-02
1.247412353923205330e+01 1.006922109381413466e-01 3.780658787786154301e-02
1.250083472454090128e+01 7.176408474819073735e-02 3.798864591890733361e-02
1.252754590984974925e+01 1.173656529280382027e-01 3.817158140513973730e-02
1.255425709515859722e+01 3.592824982688040680e-02 3.835539856548513676e-02
1.258096828046744697e+01 4.970989413197465095e-02 3.854010164925163184e-02
1.260767946577629495e+01 5.070938581337621626e-02 3.872569492622723181e-02
1.263439065108514292e+01 8.695714074060965915e-02 3.891218268677857500e-02
1.266110183639399089e+01 6.404545938842579056e-02 3.909956924195012035e-02
1.268781302170283887e+01 7.733777974342349870e-02 3.928785892356380371e-02
1.271452420701168684e+01 8.987563417362688656e-02 3.947705608431911761e-02
1.274123539232053481e+01 9.688262005029278645e-02 3.966716509789386391e-02
1.276794657762938279e+01 8.709898416047481828e-03 3.985819035904511476e-02
1.279465776293823076e+01 9.432562975679212314e-02 4.005013628371087431e-02
1.282136894824707873e+01 7.746522927623743227e-02 4.024300730911221230e-02
1.284808013355592671e+01 3.686773094358773706e-02 4.043680789385573765e-02
1.287479131886477468e+01 3.456674245418143998e-03 4.063154251803670347e-02
1.290150250417362265e+01 4.189924487466692438e-02 4.082721568334266721e-02
1.292821368948247063e+01 2.969175412244001722e-02 4.102383191315739364e-02
1.295492487479131860e+01 8.134782927256231644e-02 4.122139575266551420e-02
1.298163606010016657e+01 9.716056981791053315e-02 4.141991176895765819e-02
1.300834724540901455e+01 3.735310372752161795e-02 4.161938455113587537e-02
1.303505843071786430e+01 1.072406445874693054e-01 4.181981871041985654e-02
1.306176961602671227e+01 5.063382133936571161e-02 4.202121888025346641e-02
1.308848080133556024e+01 1.325862006494377826e-02 4.222358971641187314e-02
1.311519198664440822e+01 6.964738819982027596e-02 4.242693589710917063e-02
1.314190317195325619e+01 6.742950705897400587e-03 4.263126212310654889e-02
1.316861435726210416e+01 6.753067742522568528e-02 4.283657311782092247e-02
1.319532554257095214e+01 5.397231130528928889e-02 4.304287362743411394e-02
1.322203672787980011e+01 7.204702614767219404e-02 4.325016842100268266e-02
1.324874791318864808e+01 7.606103069637211445e-02 4.345846229056800347e-02
1.327545909849749606e+01 7.662117065479767675e-02 4.366776005126714322e-02
1.330217028380634403e+01 9.899762749071994161e-02 4.387806654144420920e-02
1.332888146911519200e+01 1.396199943256184739e-01 4.408938662276208620e-02
1.335559265442403998e+01 1.189027510508689905e-01 4.430172518031488815e-02
1.338230383973288795e+01 4.145476711152445287e-02 4.451508712274093726e-02
1.340901502504173592e+01 1.158859090139372772e-01 4.472947738233611775e-02
1.343572621035058390e+01 1.945244596657447894e-02 4.494490091516797209e-02
1.346243739565943365e+01 3.733704422821170626e-02 4.516136270119032459e-02
1.348914858096828162e+01 5.018120318360990567e-02 4.537886774435822418e-02
1.351585976627712959e+01 4.410327848958220387e-02 4.559742107274379619e-02
1.354257095158597757e+01 9.453822666033345756e-02 4.581702773865244799e-02
1.356928213689482554e+01 1.463785591690628107e-01 4.603769281873958119e-02
1.359599332220367351e+01 6.563668876365184868e-02 4.625942141412796998e-02
1.362270450751252149e+01 7.934527442052821677e-03 4.648221865052580559e-02
1.364941569282136946e+01 -7.880344809916284277e-03 4.670608967834501135e-02
1.367612687813021743e+01 8.662707740771766196e-02 4.693103967282038352e-02
1.370283806343906541e+01 6.947172904706837293e-02 4.715707383412931497e-02
1.372954924874791338e+01 1.834631844758127101e-02 4.738419738751183108e-02
1.375626043405676135e+01 -8.820274880254028171e-02 4.761241558339150692e-02
1.378297161936560933e+01 1.860699499016128106e-02 4.784173369749682853e-02
1.380968280467445730e+01 1.113086895949143007e-01 4.807215703098311615e-02
1.383639398998330527e+01 1.059356511921240723e-01 4.830369091055505826e-02
1.386310517529215325e+01 8.144107369183227474e-02 4.853634068858994621e-02
1.388981636060100122e+01 8.597495364204736645e-02 4.877011174326127685e-02
1.391652754590985097e+01 4.925931871869829171e-02 4.900500947866315987e-02
1.394323873121869894e+01 4.169509396614552721e-02 4.924103932493524571e-02
1.396994991652754692e+01 6.984716481159325419e-02 4.947820673838815991e-02
1.399666110183639489e+01 6.205880795555007712e-02 4.971651720162983262e-02
1.402337228714524286e+01 7.456171454978555158e-02 4.995597622369202934e-02
1.405008347245409084e+01 -5.261874995011660977e-02 5.019658934015779062e-02
1.407679465776293881e+01 3.368657255675382156e-02 5.043836211328942692e-02
1.410350584307178679e+01 5.716599676541606750e-02 5.068130013215709634e-02
1.413021702838063476e+01 3.710532336863581887e-02 5.092540901276795817e-02
1.415692821368948273e+01 9.009826465066780865e-02 5.117069439819598581e-02
1.418363939899833071e+01 3.914081036592283874e-02 5.141716195871255668e-02
1.421035058430717868e+01 -8.869209712282610791e-02 5.166481739191734757e-02
1.423706176961602665e+01 5.941126385849475333e-02 5.191366642287013888e-02
1.426377295492487463e+01 5.921881325861572815e-02 5.216371480422322959e-02
1.429048414023372260e+01 5.183587084147499302e-02 5.241496831635426151e-02
1.431719532554257057e+01 -1.049674659810614918e-02 5.266743276749993874e-02
1.434390651085142032e+01 7.881627164693748300e-02 5.292111399389038545e-02
1.437061769616026830e+01 -7.227409883485433340e-02 5.317601785988380209e-02
1.439732888146911627e+01 1.529383383221334658e-02 5.343215025810233582e-02
1.442404006677796424e+01 8.146109019748415392e-02 5.368951710956807594e-02
1.445075125208681222e+01 1.538684928461070411e-01 5.394812436384003457e-02
1.447746243739566019e+01 5.168471453609671529e-03 5.420797799915169635e-02
1.450417362270450816e+01 5.034833343082144308e-02 5.446908402254914405e-02
1.453088480801335614e+01 1.071733128822351389e-01 5.473144847002993363e-02
1.455759599332220411e+01 6.038984550622873704e-02 5.499507740668275330e-02
1.458430717863105208e+01 6.317822520763111127e-02 5.525997692682745044e-02
1.461101836393990006e+01 -1.762651095418804603e-02 5.552615315415602298e-02
1.463772954924874803e+01 8.624104216855446592e-02 5.579361224187412427e-02
1.466444073455759600e+01 9.978355263598863434e-02 5.606236037284342832e-02
1.469115191986644398e+01 1.019429800239728956e-01 5.633240375972437680e-02
1.471786310517529195e+01 3.877115657745851263e-02 5.660374864511991816e-02
1.474457429048413992e+01 2.206726151856678447e-02 5.687640130171982972e-02
1.477128547579298790e+01 9.112280211286824527e-02 5.715036803244563646e-02
1.479799666110183765e+01 9.581555296963489843e-02 5.742565517059636249e-02
1.482470784641068562e+01 1.104421370254298623e-02 5.770226907999497640e-02
1.485141903171953359e+01 1.034710292302087747e-01 5.798021615513541949e-02
1.487813021702838157e+01 -7.594719974240236871e-03 5.825950282133052910e-02
1.490484140233722954e+01 7.998611092083267315e-03 5.854013553486048932e-02
1.493155258764607751e+01 1.609353268684891869e-01 5.882212078312206577e-02
1.495826377295492549e+01 -1.155828690997214026e-02 5.910546508477873551e-02
1.498497495826377346e+01 4.717272333422500852e-02 5.939017498991115002e-02
1.501168614357262143e+01 1.450152075734793128e-02 5.967625708016869451e-02
1.503839732888146941e+01 4.913620975565690524e-02 5.996371796892167177e-02
1.506510851419031738e+01 1.046510040983854584e-01 6.025256430141404107e-02
1.509181969949916535e+01 6.175920631714528625e-02 6.054280275491712854e-02
1.511853088480801333e+01 1.184505998754663281e-02 6.083444003888403145e-02
1.514524207011686130e+01 1.212877334111464034e-01 6.112748289510461230e-02
1.517195325542570927e+01 4.366282513483292493e-02 6.142193809786137410e-02
1.519866444073455725e+01 4.813466845779011682e-02 6.171781245408617528e-02
1.522537562604340700e+01 -9.302054222248841431e-03 6.201511280351743732e-02
1.525208681135225497e+01 6.471143130783342523e-02 6.231384601885826824e-02
1.527879799666110294e+01 1.075966955345805109e-01 6.261401900593550895e-02
1.530550918196995092e+01 7.562467489295347789e-02 6.291563870385916135e-02
1.533222036727879889e+01 1.447137243372784154e-01 6.321871208518292651e-02
1.535893155258764686e+01 1.374446750812073903e-01 6.352324615606541602e-02
1.538564273789649484e+01 2.370206296727163375e-02 6.382924795643195315e-02
1.541235392320534281e+01 1.234760448478952055e-01 6.413672456013745637e-02
1.543906510851419078e+01 -1.006834298137742473e-02 6.444568307512998917e-02
1.546577629382303876e+01 1.242013878505387886e-01 6.475613064361493421e-02
1.549248747913188673e+01 1.859480150186572367e-01 6.506807444222018066e-02
1.551919866444073470e+01 -1.139485140108648098e-01 6.538152168216210258e-02
1.554590984974958268e+01 5.449348200274130305e-02 6.569647960941209230e-02
1.557262103505843065e+01 9.384854535198039471e-02 6.601295550486419028e-02
1.559933222036727862e+01 1.229853482806323173e-01 6.633095668450342264e-02
1.562604340567612660e+01 1.124590977309311152e-01 6.665049049957477711e-02
1.565275459098497457e+01 9.055311575284520631e-02 6.697156433675321985e-02
1.567946577629382432e+01 4.211311431113693576e-02 6.729418561831461421e-02
1.570617696160267229e+01 1.586972080415119390e-01 6.761836180230698656e-02
1.573288814691152027e+01 -3.357612389934523656e-02 6.794410038272312435e-02
1.575959933222036824e+01 1.191791752767168422e-01 6.827140888967390964e-02
1.578631051752921621e+01 1.473958668381236403e-01 6.860029488956216615e-02
1.581302170283806419e+01 1.325287196570659742e-01 6.893076598525767207e-02
1.583973288814691216e+01 9.192970769991612445e-02 6.926282981627301938e-02
1.586644407345576013e+01 7.156292248023796154e-02 6.959649405894004215e-02
1.589315525876460811e+01 1.343590760293046082e-01 6.993176642658734121e-02
1.591986644407345608e+01 1.333036945402069073e-02 7.026865466971868313e-02
1.594657762938230405e+01 -2.371623534579258424e-02 7.060716657619200975e-02
1.597328881469115203e+01 9.018731411738263593e-02 7.094730997139954420e-02
1.600000000000000000e+01 6.293318810594064616e-02 7.128909271844878492e-02
