0.000000000000000000e+00 2.972044725378342189e-01 4.031999999999999994e-03
2.671118530884808093e-02 2.977099973833319813e-01 4.051278361594249505e-03
5.342237061769616185e-02 3.033241202718141571e-01 4.070649636994939403e-03
8.013355592654423931e-02 3.016571338501111699e-01 4.090114274008556892e-03
1.068447412353923237e-01 3.020006037504853191e-01 4.109672722599837583e-03
1.335559265442403942e-01 2.972072305942827231e-01 4.129325434902159087e-03
1.602671118530884786e-01 3.018821835552887856e-01 4.149072865227999667e-03
1.869782971619365630e-01 2.912557550916325955e-01 4.168915470079434180e-03
2.136894824707846474e-01 2.973084482521738403e-01 4.188853708158693338e-03
2.404006677796327318e-01 3.028207236141404191e-01 4.208888040378763740e-03
2.671118530884807885e-01 3.008774060589288202e-01 4.229018929874042536e-03
2.938230383973288729e-01 2.889888671359154282e-01 4.249246842011048485e-03
3.205342237061769572e-01 2.971228259543052252e-01 4.269572244399172031e-03
3.472454090150250416e-01 2.919673103423829352e-01 4.289995606901493043e-03
3.739565943238731260e-01 2.991822678632524157e-01 4.310517401645636709e-03
4.006677796327212104e-01 2.958434188096185080e-01 4.331138103034690157e-03
4.273789649415692948e-01 2.926933061344598741e-01 4.351858187758170238e-03
4.540901502504173792e-01 2.889443690297378020e-01 4.372678134803040760e-03
4.808013355592654636e-01 2.852981308943701166e-01 4.393598425464786961e-03
5.075125208681134925e-01 2.952924609999648675e-01 4.414619543358541155e-03
5.342237061769615769e-01 3.051101711019256757e-01 4.435741974430263898e-03
5.609348914858096613e-01 2.819099204419418525e-01 4.456966206967973715e-03
5.876460767946577457e-01 2.866366564544217677e-01 4.478292731613040152e-03
6.143572621035058301e-01 2.946169426456773932e-01 4.499722041371520195e-03
6.410684474123539145e-01 2.856722751515378134e-01 4.521254631625559739e-03
6.677796327212019989e-01 2.931725550109857692e-01 4.542891000144844496e-03
6.944908180300500833e-01 2.885211709836700833e-01 4.564631647098103817e-03
7.212020033388981677e-01 2.848426112148346734e-01 4.586477075064677826e-03
7.479131886477462521e-01 2.799182864800708881e-01 4.608427789046132261e-03
7.746243739565943365e-01 2.826076865991958842e-01 4.630484296477933165e-03
8.013355592654424209e-01 2.839388601777054766e-01 4.652647107241177950e-03
8.280467445742905053e-01 2.946975013261557974e-01 4.674916733674381979e-03
8.547579298831385897e-01 2.893516238175256050e-01 4.697293690585324123e-03
8.814691151919866741e-01 2.828328578866114995e-01 4.719778495262943498e-03
9.081803005008347585e-01 2.866449125162285338e-01 4.742371667489299510e-03
9.348914858096828429e-01 2.842209665501539972e-01 4.765073729551590892e-03
9.616026711185309273e-01 2.751443228959737364e-01 4.787885206254226776e-03
9.883138564273790116e-01 2.739228952955586882e-01 4.810806624930953276e-03
1.015025041736226985e+00 2.807505268181030300e-01 4.833838515457057269e-03
1.041736227045075180e+00 2.758488491295292833e-01 4.856981410261601399e-03
1.068447412353923154e+00 2.764225204138119341e-01 4.880235844339740614e-03
1.095158597662771349e+00 2.716164046846041291e-01 4.903602355265086407e-03
1.121869782971619323e+00 2.824279807733718894e-01 4.927081483202135244e-03
1.148580968280467518e+00 2.728745715888531986e-01 4.950673770918757703e-03
1.175292153589315491e+00 2.734223446158627335e-01 4.974379763798737926e-03
1.202003338898163687e+00 2.751420507046523634e-01 4.998200009854391127e-03
1.228714524207011660e+00 2.646127238091713907e-01 5.022135059739225339e-03
1.255425709515859856e+00 2.663442603070818593e-01 5.046185466760675156e-03
1.282136894824707829e+00 2.694626979579203829e-01 5.070351786892885772e-03
1.308848080133556024e+00 2.704379769405558798e-01 5.094634578789574222e-03
1.335559265442403998e+00 2.710769691326566089e-01 5.119034403796938332e-03
1.362270450751252193e+00 2.625059567776437119e-01 5.143551825966634176e-03
1.388981636060100167e+00 2.647046949821024175e-01 5.168187412068816870e-03
1.415692821368948362e+00 2.580974720129243227e-01 5.192941731605242063e-03
1.442404006677796335e+00 2.523133464378153334e-01 5.217815356822425553e-03
1.469115191986644531e+00 2.460560541722865702e-01 5.242808862724884431e-03
1.495826377295492504e+00 2.584822149797226243e-01 5.267922827088417255e-03
1.522537562604340700e+00 2.542112151571870315e-01 5.293157830473465761e-03
1.549248747913188673e+00 2.451702441518800457e-01 5.318514456238537282e-03
1.575959933222036868e+00 2.428917044779705381e-01 5.343993290553686153e-03
1.602671118530884842e+00 2.563443001653879505e-01 5.369594922414066239e-03
1.629382303839733037e+00 2.484599865876664371e-01 5.395319943653548514e-03
1.656093489148581011e+00 2.457504785705185435e-01 5.421168948958399354e-03
1.682804674457429206e+00 2.527883179603593322e-01 5.447142535881029958e-03
1.709515859766277179e+00 2.494608191532445285e-01 5.473241304853809081e-03
1.736227045075125153e+00 2.401278559939242774e-01 5.499465859202943424e-03
1.762938230383973348e+00 2.366764279208702915e-01 5.525816805162425682e-03
1.789649415692821321e+00 2.474239623142881761e-01 5.552294751888046768e-03
1.816360601001669517e+00 2.400116681875913704e-01 5.578900311471480904e-03
1.843071786310517490e+00 2.405925709158289461e-01 5.605634098954431419e-03
1.869782971619365686e+00 2.357142052883662020e-01 5.632496732342852017e-03
1.896494156928213659e+00 2.200555887943256295e-01 5.659488832621232222e-03
1.923205342237061855e+00 2.356767819466559777e-01 5.686611023766950483e-03
1.949916527545909828e+00 2.298499447518547734e-01 5.713863932764702731e-03
1.976627712854758023e+00 2.269588654707508923e-01 5.741248189620993397e-03
2.003338898163605997e+00 2.170819607616470415e-01 5.768764427378700148e-03
2.030050083472453970e+00 2.261696202296063218e-01 5.796413282131708880e-03
2.056761268781302388e+00 2.232077332039285600e-01 5.824195393039616371e-03
2.083472454090150361e+00 2.201898283682429680e-01 5.852111402342507519e-03
2.110183639398998334e+00 2.165895101006086176e-01 5.880161955375801108e-03
2.136894824707846308e+00 2.033357226780927174e-01 5.908347700585167561e-03
2.163606010016694725e+00 2.195000235267794697e-01 5.936669289541523023e-03
2.190317195325542698e+00 2.118926462116843823e-01 5.965127376956083291e-03
2.217028380634390672e+00 2.125356102396392943e-01 5.993722620695508818e-03
2.243739565943238645e+00 2.125313207239140079e-01 6.022455681797104360e-03
2.270450751252087063e+00 2.120061474419074610e-01 6.051327224484107960e-03
2.297161936560935036e+00 2.115075590566361241e-01 6.080337916181036313e-03
2.323873121869783009e+00 2.106411153894143795e-01 6.109488427529122939e-03
2.350584307178630983e+00 2.166170920524564114e-01 6.138779432401816200e-03
2.377295492487479400e+00 1.959579572982767248e-01 6.168211607920358851e-03
2.404006677796327374e+00 1.907422766934460112e-01 6.197785634469438719e-03
2.430717863105175347e+00 1.959344160274301971e-01 6.227502195712920907e-03
2.457429048414023320e+00 1.905139502938467677e-01 6.257361978609651994e-03
2.484140233722871738e+00 2.022051324504415271e-01 6.287365673429334487e-03
2.510851419031719711e+00 2.100836041897780060e-01 6.317513973768490616e-03
2.537562604340567685e+00 1.806862331452532833e-01 6.347807576566495517e-03
2.564273789649415658e+00 1.971207386292911090e-01 6.378247182121682402e-03
2.590984974958263631e+00 1.808150913932548010e-01 6.408833494107539670e-03
2.617696160267112049e+00 1.830616571116408242e-01 6.439567219588971346e-03
2.644407345575960022e+00 1.853230481259315332e-01 6.470449069038645105e-03
2.671118530884807996e+00 1.828082884094410221e-01 6.501479756353417509e-03
2.697829716193655969e+00 1.881643415025957833e-01 6.532659998870832090e-03
2.724540901502504386e+00 1.757168852970152628e-01 6.563990517385709378e-03
2.751252086811352360e+00 1.870465381570903252e-01 6.595472036166801118e-03
2.777963272120200333e+00 1.677590146762397150e-01 6.627105282973543357e-03
2.804674457429048307e+00 1.774684317625252472e-01 6.658890989072870255e-03
2.831385642737896724e+00 1.752189067526450372e-01 6.690829889256126768e-03
2.858096828046744697e+00 1.705356037854844908e-01 6.722922721856045523e-03
2.884808013355592671e+00 1.674228610234414216e-01 6.755170228763825169e-03
2.911519198664440644e+00 1.702775010905843711e-01 6.787573155446275514e-03
2.938230383973289062e+00 1.538476291947904195e-01 6.820132250963050272e-03
2.964941569282137035e+00 1.645623294361281685e-01 6.852848267983963938e-03
2.991652754590985008e+00 1.655764753456774874e-01 6.885721962806390199e-03
3.018363939899832982e+00 1.565750034170219074e-01 6.918754095372748811e-03
3.045075125208681399e+00 1.612852042855461021e-01 6.951945429288067940e-03
3.071786310517529373e+00 1.488828637530399124e-01 6.985296731837639314e-03
3.098497495826377346e+00 1.609491682967438275e-01 7.018808774004759235e-03
3.125208681135225319e+00 1.547392519065478034e-01 7.052482330488543324e-03
3.151919866444073737e+00 1.501083701099355794e-01 7.086318179721844482e-03
3.178631051752921710e+00 1.565115173352111533e-01 7.120317103889235028e-03
3.205342237061769683e+00 1.366750291704911247e-01 7.154479888945105073e-03
3.232053422370617657e+00 1.444632811509804493e-01 7.188807324631819005e-03
3.258764607679466074e+00 1.384283113917368357e-01 7.223300204497975184e-03
3.285475792988314048e+00 1.410936577223551314e-01 7.257959325916754113e-03
3.312186978297162021e+00 1.376567363729974680e-01 7.292785490104345542e-03
3.338898163606009994e+00 1.387053517259671520e-01 7.327779502138471839e-03
3.365609348914858412e+00 1.343447233902550775e-01 7.362942170977008517e-03
3.392320534223706385e+00 1.320761666401605305e-01 7.398274309476664604e-03
3.419031719532554359e+00 1.428034572516821976e-01 7.433776734411794845e-03
3.445742904841402332e+00 1.257252607068311268e-01 7.469450266493268299e-03
3.472454090150250305e+00 1.170024580859176100e-01 7.505295730387444471e-03
3.499165275459098723e+00 1.236651484620767127e-01 7.541313954735237059e-03
3.525876460767946696e+00 1.208737388306150157e-01 7.577505772171269638e-03
3.552587646076794670e+00 1.104040166638452364e-01 7.613872019343123285e-03
3.579298831385642643e+00 1.367443002953544762e-01 7.650413536930677876e-03
3.606010016694491060e+00 1.205460658874367985e-01 7.687131169665547062e-03
3.632721202003339034e+00 1.282939827308971215e-01 7.724025766350602583e-03
3.659432387312187007e+00 1.216000724351206375e-01 7.761098179879600927e-03
3.686143572621034981e+00 1.143426815487457032e-01 7.798349267256894125e-03
3.712854757929883398e+00 1.215247433350743894e-01 7.835779889617247237e-03
3.739565943238731371e+00 1.216919050608354508e-01 7.873390912245741696e-03
3.766277128547579345e+00 1.074710948730094873e-01 7.911183204597774937e-03
3.792988313856427318e+00 9.939199495799033723e-02 7.949157640319167578e-03
3.819699499165275736e+00 9.254797458360625173e-02 7.987315097266356467e-03
3.846410684474123709e+00 1.068363693486146654e-01 8.025656457526678805e-03
3.873121869782971682e+00 1.044352183231145176e-01 8.064182607438781167e-03
3.899833055091819656e+00 9.445504596706504052e-02 8.102894437613092707e-03
3.926544240400668073e+00 1.072355896735511932e-01 8.141792842952425002e-03
3.953255425709516047e+00 8.556620548029844620e-02 8.180878722672646486e-03
3.979966611018364020e+00 1.007443347727869226e-01 8.220152980323488720e-03
4.006677796327211993e+00 8.900820113188089022e-02 8.259616523809416855e-03
4.033388981636059967e+00 9.473737206444129977e-02 8.299270265410621517e-03
4.060100166944907940e+00 9.763634846575582060e-02 8.339115121804114780e-03
4.086811352253756802e+00 9.671481738183310140e-02 8.379152014084916347e-03
4.113522537562604775e+00 8.433306582799258988e-02 8.419381867787340337e-03
4.140233722871452748e+00 8.246084087596639023e-02 8.459805612906403510e-03
4.166944908180300722e+00 8.931537010022883027e-02 8.500424183919316756e-03
4.193656093489148695e+00 8.594017665064293543e-02 8.541238519807087606e-03
4.220367278797996669e+00 8.173146606248683776e-02 8.582249564076228562e-03
4.247078464106844642e+00 7.411358558041268585e-02 8.623458264780560836e-03
4.273789649415692615e+00 7.851008647824726794e-02 8.664865574543146459e-03
4.300500834724540589e+00 7.248926978450548342e-02 8.706472450578294983e-03
4.327212020033389450e+00 6.956551079731283782e-02 8.748279854713696818e-03
4.353923205342237424e+00 7.557694524472834130e-02 8.790288753412658918e-03
4.380634390651085397e+00 8.147333083367613860e-02 8.832500117796442812e-03
4.407345575959933370e+00 6.843748811133670840e-02 8.874914923666720606e-03
4.434056761268781344e+00 5.677416139719544674e-02 8.917534151528128117e-03
4.460767946577629317e+00 6.881245491376873635e-02 8.960358786610932505e-03
4.487479131886477290e+00 6.554985546859624923e-02 9.003389818893800522e-03
4.514190317195325264e+00 7.030319893168017475e-02 9.046628243126703800e-03
4.540901502504174125e+00 7.779239272040278097e-02 9.090075058853886586e-03
4.567612687813022099e+00 6.004924715571734184e-02 9.133731270436996549e-03
4.594323873121870072e+00 4.766157285157421319e-02 9.177597887078290176e-03
4.621035058430718045e+00 6.229008799951732400e-02 9.221675922843964798e-03
4.647746243739566019e+00 6.050189073609699847e-02 9.265966396687603385e-03
4.674457429048413992e+00 6.273451202371224666e-02 9.310470332473725144e-03
4.701168614357261966e+00 4.936652110528412518e-02 9.355188759001462767e-03
4.727879799666109939e+00 5.659162660523952421e-02 9.400122710028329873e-03
4.754590984974958801e+00 6.591435165214462599e-02 9.445273224294139375e-03
4.781302170283806774e+00 6.542413916646620808e-02 9.490641345544989504e-03
4.808013355592654747e+00 5.911538010532447346e-02 9.536228122557425038e-03
4.834724540901502721e+00 6.972253108195185234e-02 9.582034609162648833e-03
4.861435726210350694e+00 5.114608617298049137e-02 9.628061864270906836e-03
4.888146911519198667e+00 4.758785895706496571e-02 9.674310951895958091e-03
4.914858096828046641e+00 4.486047719770906717e-02 9.720782941179669651e-03
4.941569282136894614e+00 4.656142966690821755e-02 9.767478906416732914e-03
4.968280467445743476e+00 4.257651525734706954e-02 9.814399927079506605e-03
4.994991652754591449e+00 5.485252327641747250e-02 9.861547087842956888e-03
5.021702838063439422e+00 3.446576463528269046e-02 9.908921478609741471e-03
5.048414023372287396e+00 3.323570650735054727e-02 9.956524194535402994e-03
5.075125208681135369e+00 3.694810010844509773e-02 1.000435633605368559e-02
5.101836393989983343e+00 5.446320365106584876e-02 1.005241900890197285e-02
5.128547579298831316e+00 3.351647616348254338e-02 1.010071332414684900e-02
5.155258764607679289e+00 5.390170587140899472e-02 1.014924039820978494e-02
5.181969949916527263e+00 4.547857087188633685e-02 1.019800135289294397e-02
5.208681135225376124e+00 3.258714529208835836e-02 1.024699731540511943e-02
5.235392320534224098e+00 4.475005868074199977e-02 1.029622941838778498e-02
5.262103505843072071e+00 4.352866075600894669e-02 1.034569879994128895e-02
5.288814691151920044e+00 1.514499138973533429e-02 1.039540660365115103e-02
5.315525876460768018e+00 3.459570180355529129e-02 1.044535397861450637e-02
5.342237061769615991e+00 4.143174452226133092e-02 1.049554207946666595e-02
5.368948247078463964e+00 1.629847462616458922e-02 1.054597206640781916e-02
5.395659432387311938e+00 4.757476377004896118e-02 1.059664510522983008e-02
5.422370617696160799e+00 2.455666732478321498e-02 1.064756236734321765e-02
5.449081803005008773e+00 3.447768988051924666e-02 1.069872502980420519e-02
5.475792988313856746e+00 1.681485510099155201e-02 1.075013427534195383e-02
5.502504173622704720e+00 2.200730996962111524e-02 1.080179129238589483e-02
5.529215358931552693e+00 2.531655509612933466e-02 1.085369727509319891e-02
5.555926544240400666e+00 1.669727937150609909e-02 1.090585342337638784e-02
5.582637729549248640e+00 2.580699726782379952e-02 1.095826094293106401e-02
5.609348914858096613e+00 2.629792084101688354e-02 1.101092104526380129e-02
5.636060100166945475e+00 1.210626739955632247e-02 1.106383494772013310e-02
5.662771285475793448e+00 2.344977586938614550e-02 1.111700387351268783e-02
5.689482470784641421e+00 -2.337569759611111270e-03 1.117042905174949613e-02
5.716193656093489395e+00 3.407821623101474351e-02 1.122411171746237786e-02
5.742904841402337368e+00 5.832538136094165410e-03 1.127805311163549568e-02
5.769616026711185341e+00 5.460200219736897204e-03 1.133225448123405601e-02
5.796327212020033315e+00 3.260173995850678547e-02 1.138671707923312459e-02
5.823038397328881288e+00 3.389912442309563068e-02 1.144144216464658935e-02
5.849749582637730150e+00 1.135167899217302823e-02 1.149643100255627257e-02
5.876460767946578123e+00 3.154126628432304263e-02 1.155168486414117311e-02
5.903171953255426097e+00 3.015037676725637605e-02 1.160720502670685439e-02
5.929883138564274070e+00 3.300626628425066406e-02 1.166299277371496065e-02
5.956594323873122043e+00 4.010512837229757155e-02 1.171904939481290681e-02
5.983305509181970017e+00 2.024629835772739569e-02 1.177537618586367053e-02
6.010016694490817990e+00 2.679091097713426697e-02 1.183197444897576486e-02
6.036727879799665963e+00 1.586327547927578879e-02 1.188884549253333041e-02
6.063439065108513937e+00 2.667188812028013778e-02 1.194599063122638201e-02
6.090150250417362798e+00 1.534738649913496532e-02 1.200341118608120455e-02
6.116861435726210772e+00 8.830012483004422846e-03 1.206110848449088238e-02
6.143572621035058745e+00 1.258874805565619349e-02 1.211908386024600041e-02
6.170283806343906718e+00 1.317262946641196628e-02 1.217733865356545805e-02
6.196994991652754692e+00 2.949712255504479547e-02 1.223587421112747042e-02
6.223706176961602665e+00 1.217687286095966472e-02 1.229469188610068410e-02
6.250417362270450639e+00 8.325106649284328211e-03 1.235379303817546459e-02
6.277128547579298612e+00 5.709339363484654609e-03 1.241317903359532952e-02
6.303839732888147473e+00 1.641695193353149423e-02 1.247285124518852754e-02
6.330550918196995447e+00 1.376992051209066648e-02 1.253281105239978203e-02
6.357262103505843420e+00 1.118457234775305405e-02 1.259305984132216838e-02
6.383973288814691394e+00 5.876546690132979089e-02 1.265359900472917340e-02
6.410684474123539367e+00 -6.889828892656170087e-03 1.271442994210686926e-02
6.437395659432387340e+00 -1.131772683718584860e-04 1.277555405968628863e-02
6.464106844741235314e+00 -5.078500429088498788e-03 1.283697277047591429e-02
6.490818030050083287e+00 -1.433871615077698600e-02 1.289868749429435094e-02
6.517529215358932149e+00 2.181986461374188502e-02 1.296069965780315657e-02
6.544240400667780122e+00 3.072834634320609909e-02 1.302301069453980220e-02
6.570951585976628095e+00 1.473776693838624655e-02 1.308562204495082593e-02
6.597662771285476069e+00 9.526358667124174007e-04 1.314853515642513265e-02
6.624373956594324042e+00 1.571861408662376947e-02 1.321175148332744652e-02
6.651085141903172016e+00 -4.767521243589874225e-03 1.327527248703192983e-02
6.677796327212019989e+00 1.443880150162200893e-02 1.333909963595597201e-02
6.704507512520867962e+00 3.124542940005081010e-02 1.340323440559414159e-02
6.731218697829716824e+00 4.240723287605684989e-03 1.346767827855227008e-02
6.757929883138564797e+00 8.754472385357684253e-03 1.353243274458175265e-02
6.784641068447412771e+00 1.014369274657167704e-02 1.359749930061397716e-02
6.811352253756260744e+00 1.313849522578039095e-02 1.366287945079491979e-02
6.838063439065108717e+00 3.071906989818157241e-02 1.372857470651993317e-02
6.864774624373956691e+00 2.279835783835443622e-03 1.379458658646866981e-02
6.891485809682804664e+00 1.622474013980874236e-03 1.386091661664019641e-02
6.918196994991652637e+00 2.787791038212435180e-02 1.392756633038827463e-02
6.944908180300500611e+00 3.320703010747597800e-02 1.399453726845680153e-02
6.971619365609349472e+00 1.408825177141199980e-02 1.406183097901542688e-02
6.998330550918197446e+00 4.349348401388813956e-03 1.412944901769534224e-02
7.025041736227045419e+00 2.121778759622919980e-02 1.419739294762525049e-02
7.051752921535893393e+00 1.042388516009637271e-02 1.426566433946748792e-02
7.078464106844741366e+00 1.825957870657254206e-03 1.433426477145434419e-02
7.105175292153589339e+00 2.562574877876746399e-02 1.440319582942454352e-02
7.131886477462437313e+00 1.860172119882290073e-03 1.447245910685989595e-02
7.158597662771285286e+00 9.246103293397945136e-03 1.454205620492214981e-02
7.185308848080134148e+00 2.136973208484304471e-02 1.461198873248999511e-02
7.212020033388982121e+00 1.416711414305550296e-02 1.468225830619625423e-02
7.238731218697830094e+00 -3.963172439197415464e-03 1.475286655046525487e-02
7.265442404006678068e+00 3.094383956552411094e-02 1.482381509755039371e-02
7.292153589315526041e+00 1.987841324924416453e-02 1.489510558757185972e-02
7.318864774624374014e+00 2.069153064310046489e-02 1.496673966855453786e-02
7.345575959933221988e+00 3.019258995934753081e-02 1.503871899646613483e-02
7.372287145242069961e+00 1.662827101871763510e-02 1.511104523525542455e-02
7.398998330550918823e+00 1.994655812480781998e-02 1.518372005689075203e-02
7.425709515859766796e+00 1.210665950119548667e-02 1.525674514139864664e-02
7.452420701168614769e+00 2.221159859019076338e-02 1.533012217690269373e-02
7.479131886477462743e+00 2.047308431434373410e-02 1.540385285966252432e-02
7.505843071786310716e+00 1.253815377519532266e-02 1.547793889411306668e-02
7.532554257095158690e+00 2.328749079644863371e-03 1.555238199290391761e-02
7.559265442404006663e+00 -7.026632962439804606e-03 1.562718387693893748e-02
7.585976627712854636e+00 3.269067792494115970e-04 1.570234627541604311e-02
7.612687813021703498e+00 -2.739948000906246989e-02 1.577787092586719481e-02
7.639398998330551471e+00 3.174647070870600246e-02 1.585375957419850323e-02
7.666110183639399445e+00 1.444993661245224693e-02 1.593001397473067099e-02
7.692821368948247418e+00 2.623968545636908706e-02 1.600663589023949840e-02
7.719532554257095391e+00 2.116912397204592788e-02 1.608362709199662177e-02
7.746243739565943365e+00 1.358590595170869851e-02 1.616098935981051185e-02
7.772954924874791338e+00 1.015432595308724678e-02 1.623872448206757288e-02
7.799666110183639312e+00 1.836356951245405114e-02 1.631683425577349147e-02
7.826377295492487285e+00 2.568391493721087354e-02 1.639532048659479366e-02
7.853088480801336146e+00 -5.415726665544715740e-03 1.647418498890059271e-02
7.879799666110184120e+00 2.174178512142889083e-02 1.655342958580447929e-02
7.906510851419032093e+00 4.012331310272525264e-02 1.663305610920674804e-02
7.933222036727880067e+00 2.243641314514323304e-02 1.671306639983667630e-02
7.959933222036728040e+00 -1.686229968595118200e-03 1.679346230729511155e-02
7.986644407345576013e+00 2.170377831176840619e-02 1.687424569009721501e-02
8.013355592654423987e+00 2.438080018259178999e-02 1.695541841571543765e-02
8.040066777963271960e+00 2.867926232847165663e-02 1.703698236062267321e-02
8.066777963272119933e+00 3.722382913513995473e-02 1.711893941033565056e-02
8.093489148580967907e+00 3.981866026707538142e-02 1.720129145945852381e-02
8.120200333889815880e+00 1.455442855507961195e-02 1.728404041172664635e-02
8.146911519198663854e+00 5.345716103878080105e-03 1.736718818005061546e-02
8.173622704507513603e+00 2.945991906051552076e-02 1.745073668656046614e-02
8.200333889816361577e+00 4.764187184302140499e-02 1.753468786265010085e-02
8.227045075125209550e+00 4.510073761349084331e-02 1.761904364902196207e-02
8.253756260434057523e+00 8.478215301768326356e-03 1.770380599573188538e-02
8.280467445742905497e+00 7.407489593694271957e-02 1.778897686223417096e-02
8.307178631051753470e+00 5.723965919267819114e-03 1.787455821742688772e-02
8.333889816360601444e+00 5.090845223731077507e-02 1.796055203969738542e-02
8.360601001669449417e+00 3.590023983498166760e-02 1.804696031696803940e-02
8.387312186978297390e+00 -6.682512456772489451e-03 1.813378504674217906e-02
8.414023372287145364e+00 -3.855159386077902650e-03 1.822102823615030440e-02
8.440734557595993337e+00 1.250501595063693849e-03 1.830869190199643087e-02
8.467445742904841310e+00 1.936249279994770728e-02 1.839677807080477429e-02
8.494156928213689284e+00 2.382650716750965222e-02 1.848528877886655361e-02
8.520868113522537257e+00 1.030384843420467308e-02 1.857422607228707834e-02
8.547579298831385231e+00 4.600843538836291852e-03 1.866359200703304397e-02
8.574290484140233204e+00 1.378883095326687708e-02 1.875338864898007385e-02
8.601001669449081177e+00 6.381369441094038308e-02 1.884361807396045183e-02
8.627712854757930927e+00 3.418217729126762916e-02 1.893428236781113938e-02
8.654424040066778900e+00 2.579005263152836167e-02 1.902538362642195585e-02
8.681135225375626874e+00 3.730746728671105461e-02 1.911692395578407436e-02
8.707846410684474847e+00 1.530861007849297455e-02 1.920890547203866344e-02
8.734557595993322821e+00 5.376417765469673760e-02 1.930133030152583751e-02
8.761268781302170794e+00 1.901324843805830139e-02 1.939420058083380152e-02
8.787979966611018767e+00 3.032237098395239999e-02 1.948751845684822473e-02
8.814691151919866741e+00 1.908743168989191635e-02 1.958128608680190230e-02
8.841402337228714714e+00 2.307422344026683822e-02 1.967550563832460436e-02
8.868113522537562687e+00 6.084975864958328678e-02 1.977017928949317827e-02
8.894824707846410661e+00 4.218266959375500946e-02 1.986530922888192149e-02
8.921535893155258634e+00 2.308216410426223303e-02 1.996089765561315926e-02
8.948247078464106607e+00 6.278020501041699231e-02 2.005694677940808232e-02
8.974958263772954581e+00 2.128505477739333490e-02 2.015345882063784150e-02
9.001669449081802554e+00 6.855503687104091276e-03 2.025043601037485735e-02
9.028380634390650528e+00 5.008718955112595461e-02 2.034788059044440392e-02
9.055091819699500277e+00 2.705378146837539299e-02 2.044579481347645611e-02
9.081803005008348251e+00 3.533741414264397751e-02 2.054418094295771061e-02
9.108514190317196224e+00 4.226264987877779294e-02 2.064304125328396411e-02
9.135225375626044197e+00 3.704940658498807882e-02 2.074237802981266851e-02
9.161936560934892171e+00 3.677218357477677474e-02 2.084219356891574629e-02
9.188647746243740144e+00 4.388106468014534023e-02 2.094249017803272161e-02
9.215358931552588118e+00 5.890030311345553771e-02 2.104327017572399719e-02
9.242070116861436091e+00 3.521057270721087568e-02 2.114453589172451964e-02
9.268781302170284064e+00 2.308306154425507697e-02 2.124628966699757676e-02
9.295492487479132038e+00 5.668231259152034518e-02 2.134853385378895907e-02
9.322203672787980011e+00 5.608305373093415425e-02 2.145127081568131214e-02
9.348914858096827984e+00 9.362798702169954079e-02 2.155450292764877346e-02
9.375626043405675958e+00 4.027250136289702714e-02 2.165823257611190072e-02
9.402337228714523931e+00 5.999516291311291633e-02 2.176246215899280828e-02
9.429048414023371905e+00 1.387136586992470874e-02 2.186719408577060889e-02
9.455759599332219878e+00 3.946745157079081107e-02 2.197243077753713650e-02
9.482470784641067851e+00 4.525547556220496648e-02 2.207817466705287723e-02
9.509181969949917601e+00 5.009719532486325844e-02 2.218442819880324379e-02
9.535893155258765574e+00 1.775900550835126518e-02 2.229119382905503724e-02
9.562604340567613548e+00 4.856093391087130950e-02 2.239847402591328696e-02
9.589315525876461521e+00 3.410917269450602918e-02 2.250627126937827446e-02
9.616026711185309495e+00 2.781906239973495204e-02 2.261458805140285563e-02
9.642737896494157468e+00 2.872525344928604507e-02 2.272342687595008473e-02
9.669449081803005441e+00 8.098591605245251956e-02 2.283279025905109866e-02
9.696160267111853415e+00 5.746290795910700272e-02 2.294268072886325102e-02
9.722871452420701388e+00 3.005394740275268289e-02 2.305310082572860700e-02
9.749582637729549361e+00 6.075398327413007032e-02 2.316405310223262903e-02
9.776293823038397335e+00 2.820992188119135838e-02 2.327554012326318172e-02
9.803005008347245308e+00 3.813447629627467889e-02 2.338756446606986630e-02
9.829716193656093282e+00 2.219917266709755740e-02 2.350012872032353900e-02
9.856427378964941255e+00 2.916583342342654941e-02 2.361323548817623533e-02
9.883138564273789228e+00 5.258843329231471797e-02 2.372688738432128866e-02
9.909849749582637202e+00 5.091826346082185817e-02 2.384108703605377841e-02
9.936560934891486951e+00 4.256021148068147436e-02 2.395583708333128697e-02
9.963272120200334925e+00 4.078119916423630226e-02 2.407114017883487875e-02
9.989983305509182898e+00 8.097603807657260955e-02 2.418699898803048504e-02
1.001669449081803087e+01 5.687051940274629597e-02 2.430341618923048327e-02
1.004340567612687884e+01 4.010291216772559481e-02 2.442039447365560931e-02
1.007011686143572682e+01 7.262854754075508124e-02 2.453793654549719233e-02
1.009682804674457479e+01 4.154159054936122641e-02 2.465604512197965004e-02
1.012353923205342277e+01 6.470926449860593677e-02 2.477472293342330642e-02
1.015025041736227074e+01 2.648130800185996211e-02 2.489397272330752531e-02
1.017696160267111871e+01 7.791642811452248463e-02 2.501379724833409715e-02
1.020367278797996669e+01 2.761714046332268760e-02 2.513419927849099705e-02
1.023038397328881466e+01 9.312967347847680988e-02 2.525518159711641689e-02
1.025709515859766263e+01 1.976598634772924745e-02 2.537674700096307148e-02
1.028380634390651061e+01 4.767830113530256708e-02 2.549889830026290036e-02
1.031051752921535858e+01 8.643311424549084132e-02 2.562163831879201575e-02
1.033722871452420655e+01 6.704682282901808232e-02 2.574496989393594906e-02
1.036393989983305453e+01 -2.151231010196028026e-03 2.586889587675528582e-02
1.039065108514190428e+01 7.425252016439026770e-02 2.599341913205156090e-02
1.041736227045075225e+01 5.810079517493622198e-02 2.611854253843345214e-02
1.044407345575960022e+01 6.505787840692867086e-02 2.624426898838337283e-02
1.047078464106844820e+01 3.394426744788085759e-02 2.637060138832431760e-02
1.049749582637729617e+01 5.232000198952289904e-02 2.649754265868704828e-02
1.052420701168614414e+01 8.033618519118278234e-02 2.662509573397759885e-02
1.055091819699499212e+01 2.247665004770676295e-02 2.675326356284512402e-02
1.057762938230384009e+01 1.011082506371285411e-01 2.688204910815007037e-02
1.060434056761268806e+01 9.455282487562202687e-02 2.701145534703263892e-02
1.063105175292153604e+01 7.261197189213602909e-02 2.714148527098164329e-02
1.065776293823038401e+01 4.028522162834981962e-02 2.727214188590363492e-02
1.068447412353923198e+01 3.127187775921773383e-02 2.740342821219240652e-02
1.071118530884807996e+01 4.247319927115937588e-02 2.753534728479883203e-02
1.073789649415692793e+01 4.854218700144951465e-02 2.766790215330097377e-02
1.076460767946577590e+01 6.574812834383524096e-02 2.780109588197463011e-02
1.079131886477462388e+01 9.432590114719904828e-02 2.793493154986415733e-02
1.081803005008347363e+01 3.541373395518591233e-02 2.806941225085362798e-02
1.084474123539232160e+01 1.065215209456843171e-01 2.820454109373838128e-02
1.087145242070116957e+01 8.258039928651671191e-02 2.834032120229686494e-02
1.089816360601001755e+01 8.733745252595261077e-02 2.847675571536287947e-02
1.092487479131886552e+01 3.286386227448880037e-02 2.861384778689809311e-02
1.095158597662771349e+01 4.809737496953457592e-02 2.875160058606499730e-02
1.097829716193656147e+01 8.392314741546196000e-02 2.889001729730014331e-02
1.100500834724540944e+01 5.346611566442971419e-02 2.902910112038775345e-02
1.103171953255425741e+01 2.959047024408019422e-02 2.916885527053371743e-02
1.105843071786310539e+01 5.692309570373133010e-02 2.930928297843988714e-02
1.108514190317195336e+01 5.802782357074667829e-02 2.945038749037876685e-02
1.111185308848080133e+01 6.174682090461114381e-02 2.959217206826858862e-02
1.113856427378964931e+01 9.304501567854092658e-02 2.973463998974865824e-02
1.116527545909849728e+01 1.103907597503994142e-01 2.987779454825521125e-02
1.119198664440734525e+01 3.563507442913046996e-02 3.002163905309744932e-02
1.121869782971619323e+01 6.655207545047697737e-02 3.016617682953410054e-02
1.124540901502504120e+01 5.615056547026948258e-02 3.031141121885030584e-02
1.127212020033389095e+01 5.702540207347294582e-02 3.045734557843481766e-02
1.129883138564273892e+01 1.161888404589366680e-01 3.060398328185757327e-02
1.132554257095158690e+01 1.067909264572033667e-01 3.075132771894782679e-02
1.135225375626043487e+01 5.052207137395470921e-02 3.089938229587236435e-02
1.137896494156928284e+01 9.010302188915027266e-02 3.104815043521429521e-02
1.140567612687813082e+01 8.530035246493763990e-02 3.119763557605222462e-02
1.143238731218697879e+01 3.269729533411701305e-02 3.134784117403966591e-02
1.145909849749582676e+01 5.319441476680652342e-02 3.149877070148496272e-02
1.148580968280467474e+01 1.200841629184457304e-01 3.165042764743160320e-02
1.151252086811352271e+01 6.694635521132705214e-02 3.180281551773880833e-02
1.153923205342237068e+01 5.019451205733790888e-02 3.195593783516259556e-02
1.156594323873121866e+01 4.969026915796995181e-02 3.210979813943724837e-02
1.159265442404006663e+01 4.113001579410216491e-02 3.226439998735710496e-02
1.161936560934891460e+01 7.877697239552193531e-02 3.241974695285878422e-02
1.164607679465776258e+01 7.351938040266765839e-02 3.257584262710385564e-02
1.167278797996661055e+01 1.140008916496908775e-01 3.273269061856176609e-02
1.169949916527546030e+01 2.131739958535024126e-02 3.289029455309335631e-02
1.172621035058430827e+01 6.344932111750417603e-02 3.304865807403458561e-02
1.175292153589315625e+01 1.667694285717460922e-02 3.320778484228081168e-02
1.177963272120200422e+01 5.283955629784388430e-02 3.336767853637143816e-02
1.180634390651085219e+01 9.398602769575194193e-02 3.352834285257490221e-02
1.183305509181970017e+01 5.558094590311814243e-02 3.368978150497412699e-02
1.185976627712854814e+01 3.105442587640492441e-02 3.385199822555239740e-02
1.188647746243739611e+01 1.158528363756527735e-01 3.401499676427967300e-02
1.191318864774624409e+01 6.575531738328790898e-02 3.417878088919918539e-02
1.193989983305509206e+01 6.873545187452571870e-02 3.434335438651456990e-02
1.196661101836394003e+01 9.179851475006543804e-02 3.450872106067748996e-02
1.199332220367278801e+01 1.023914780482495374e-01 3.467488473447544878e-02
1.202003338898163598e+01 1.044859255468684883e-01 3.484184924912021863e-02
1.204674457429048395e+01 9.477202739338860815e-02 3.500961846433668645e-02
1.207345575959933193e+01 6.052121083772567245e-02 3.517819625845198389e-02
1.210016694490817990e+01 3.636632468263596707e-02 3.534758652848519339e-02
1.212687813021702787e+01 7.086035245633780233e-02 3.551779319023749132e-02
1.215358931552587762e+01 7.245641294472371374e-02 3.568882017838253401e-02
1.218030050083472560e+01 5.692407910620563005e-02 3.586067144655753075e-02
1.220701168614357357e+01 3.344664054361320277e-02 3.603335096745461513e-02
1.223372287145242154e+01 6.862666346566533015e-02 3.620686273291262580e-02
1.226043405676126952e+01 7.794733733116084029e-02 3.638121075400949089e-02
1.228714524207011749e+01 3.902466138589313904e-02 3.655639906115483451e-02
1.231385642737896546e+01 5.565952358168306524e-02 3.673243170418322850e-02
1.234056761268781344e+01 4.581807149320138439e-02 3.690931275244780513e-02
1.236727879799666141e+01 8.366903860378202551e-02 3.708704629491428595e-02
1.239398998330550938e+01 1.310555483545418620e-01 3.726563644025553818e-02
1.242070116861435736e+01 8.933358729836396450e-02 3.744508731694655423e-02
1.244741235392320533e+01 4.312210001332041076e-02 3.762540307335988932e-02
1.247412353923205330e+01 8.762599732543378817e-02 3.780658787786154301e-02
1.250083472454090128e+01 4.491983133157629454e-02 3.798864591890733361e-02
1.252754590984974925e+01 1.729116871059468430e-01 3.817158140513973730e-02
1.255425709515859722e+01 3.178739798107087927e-02 3.835539856548513676e-02
1.258096828046744697e+01 8.181055624525324088e-02 3.854010164925163184e-02
1.260767946577629495e+01 7.386061878959777893e-02 3.872569492622723181e-02
1.263439065108514292e+01 5.372876856289156289e-02 3.891218268677857500e-02
1.266110183639399089e+01 5.115409487265346056e-02 3.909956924195012035e-02
1.268781302170283887e+01 1.587532125044694431e-01 3.928785892356380371e-02
1.271452420701168684e+01 3.620464044401802001e-02 3.947705608431911761e-02
1.274123539232053481e+01 1.579148263607474956e-01 3.966716509789386391e-02
1.276794657762938279e+01 1.178068536587473791e-01 3.985819035904511476e-02
1.279465776293823076e+01 1.193259181754148801e-01 4.005013628371087431e-02
1.282136894824707873e+01 1.375388648540722680e-01 4.024300730911221230e-02
1.284808013355592671e+01 4.126287656944272603e-02 4.043680789385573765e-02
1.287479131886477468e+01 -3.084676183247286874e-03 4.063154251803670347e-02
1.290150250417362265e+01 7.848136544556728877e-02 4.082721568334266721e-02
1.292821368948247063e+01 1.229519096172438791e-01 4.102383191315739364e-02
1.295492487479131860e+01 1.264413083991622611e-01 4.122139575266551420e-02
1.298163606010016657e+01 4.020049060513431610e-02 4.141991176895765819e-02
1.300834724540901455e+01 7.889092070830835968e-02 4.161938455113587537e-02
1.303505843071786430e+01 -6.415810453981853068e-02 4.181981871041985654e-02
1.306176961602671227e+01 1.247895661825859370e-01 4.202121888025346641e-02
1.308848080133556024e+01 1.148194317356388550e-01 4.222358971641187314e-02
1.311519198664440822e+01 1.489759383757039979e-01 4.242693589710917063e-02
1.314190317195325619e+01 1.012397770287907089e-01 4.263126212310654889e-02
1.316861435726210416e+01 6.669976696339435795e-02 4.283657311782092247e-02
1.319532554257095214e+01 5.108904085203749140e-02 4.304287362743411394e-02
1.322203672787980011e+01 9.704190465579669300e-02 4.325016842100268266e-02
1.324874791318864808e+01 -4.143013323365236922e-02 4.345846229056800347e-02
1.327545909849749606e+01 2.547202585416191017e-02 4.366776005126714322e-02
1.330217028380634403e+01 4.958553011183849252e-02 4.387806654144420920e-02
1.332888146911519200e+01 7.046318869350631786e-02 4.408938662276208620e-02
1.335559265442403998e+01 9.709104980642140059e-02 4.430172518031488815e-02
1.338230383973288795e+01 1.191899406597228261e-01 4.451508712274093726e-02
1.340901502504173592e+01 1.183308379764849427e-01 4.472947738233611775e-02
1.343572621035058390e+01 1.612399149986291635e-01 4.494490091516797209e-02
1.346243739565943365e+01 6.903734782779265278e-02 4.516136270119032459e-02
1.348914858096828162e+01 1.491142065584680210e-01 4.537886774435822418e-02
1.351585976627712959e+01 3.956756115260753187e-02 4.559742107274379619e-02
1.354257095158597757e+01 1.364570956284138770e-01 4.581702773865244799e-02
1.356928213689482554e+01 9.451237162244632839e-02 4.603769281873958119e-02
1.359599332220367351e+01 3.668157783771939379e-02 4.625942141412796998e-02
1.362270450751252149e+01 9.560368695735761702e-02 4.648221865052580559e-02
1.364941569282136946e+01 1.110400715637813313e-01 4.670608967834501135e-02
1.367612687813021743e+01 7.408425980245797460e-03 4.693103967282038352e-02
1.370283806343906541e+01 1.297543439340811122e-01 4.715707383412931497e-02
1.372954924874791338e+01 1.236230354258073122e-01 4.738419738751183108e-02
1.375626043405676135e+01 1.182387996736326552e-01 4.761241558339150692e-02
1.378297161936560933e+01 7.956023742816585587e-02 4.784173369749682853e-02
1.380968280467445730e+01 9.041086587148382259e-02 4.807215703098311615e-02
1.383639398998330527e+01 5.915618860596295880e-02 4.830369091055505826e-02
1.386310517529215325e+01 -1.493294145667192763e-03 4.853634068858994621e-02
1.388981636060100122e+01 9.281887163150888409e-02 4.877011174326127685e-02
1.391652754590985097e+01 6.780348582279788205e-02 4.900500947866315987e-02
1.394323873121869894e+01 1.460701235609334070e-01 4.924103932493524571e-02
1.396994991652754692e+01 6.903716032692580606e-02 4.947820673838815991e-02
1.399666110183639489e+01 5.201290832879564008e-02 4.971651720162983262e-02
1.402337228714524286e+01 5.184189916612903792e-02 4.995597622369202934e-02
1.405008347245409084e+01 8.910387653507124972e-02 5.019658934015779062e-02
1.407679465776293881e+01 6.052096863783193448e-02 5.043836211328942692e-02
1.410350584307178679e+01 3.438927944437128459e-02 5.068130013215709634e-02
1.413021702838063476e+01 1.074961553429377575e-01 5.092540901276795817e-02
1.415692821368948273e+01 8.265197833450144138e-02 5.117069439819598581e-02
1.418363939899833071e+01 1.214276391124292642e-01 5.141716195871255668e-02
1.421035058430717868e+01 1.319296407120188752e-01 5.166481739191734757e-02
1.423706176961602665e+01 3.985844714318622500e-02 5.191366642287013888e-02
1.426377295492487463e+01 7.146638013647196863e-02 5.216371480422322959e-02
1.429048414023372260e+01 8.034295140754169062e-02 5.241496831635426151e-02
1.431719532554257057e+01 3.245293096896154084e-02 5.266743276749993874e-02
1.434390651085142032e+01 8.320181140396278041e-02 5.292111399389038545e-02
1.437061769616026830e+01 1.760166031176962353e-01 5.317601785988380209e-02
1.439732888146911627e+01 9.004086181852336002e-02 5.343215025810233582e-02
1.442404006677796424e+01 1.333140383686089170e-01 5.368951710956807594e-02
1.445075125208681222e+01 1.487901716786559358e-01 5.394812436384003457e-02
1.447746243739566019e+01 6.847334742364588611e-02 5.420797799915169635e-02
1.450417362270450816e+01 7.989989116186306528e-02 5.446908402254914405e-02
1.453088480801335614e+01 1.659711270856245868e-01 5.473144847002993363e-02
1.455759599332220411e+01 5.992629877320702902e-02 5.499507740668275330e-02
1.458430717863105208e+01 1.223960282241851050e-01 5.525997692682745044e-02
1.461101836393990006e+01 1.136625033151843767e-01 5.552615315415602298e-02
1.463772954924874803e+01 1.392955989678301698e-01 5.579361224187412427e-02
1.466444073455759600e+01 5.056855111291815030e-02 5.606236037284342832e-02
1.469115191986644398e+01 5.361740575801492853e-02 5.633240375972437680e-02
1.471786310517529195e+01 3.615309726290396458e-02 5.660374864511991816e-02
1.474457429048413992e+01 1.280575948168350131e-01 5.687640130171982972e-02
1.477128547579298790e+01 1.445873299820056301e-01 5.715036803244563646e-02
1.479799666110183765e+01 1.348623229085613717e-01 5.742565517059636249e-02
1.482470784641068562e+01 7.626977788745081810e-02 5.770226907999497640e-02
1.485141903171953359e+01 8.034034635364169230e-02 5.798021615513541949e-02
1.487813021702838157e+01 3.686719576119102532e-02 5.825950282133052910e-02
1.490484140233722954e+01 4.769028073048450778e-02 5.854013553486048932e-02
1.493155258764607751e+01 1.221391190677043603e-01 5.882212078312206577e-02
1.495826377295492549e+01 1.093832256266857178e-01 5.910546508477873551e-02
1.498497495826377346e+01 8.768034688696652035e-02 5.939017498991115002e-02
1.501168614357262143e+01 1.429850106564213852e-01 5.967625708016869451e-02
1.503839732888146941e+01 9.272192719934944927e-02 5.996371796892167177e-02
1.506510851419031738e+01 7.677063626587715683e-02 6.025256430141404107e-02
1.509181969949916535e+01 -3.766019217186040990e-02 6.054280275491712854e-02
1.511853088480801333e+01 -6.659535193478394177e-03 6.083444003888403145e-02
1.514524207011686130e+01 -8.867965492856411114e-02 6.112748289510461230e-02
1.517195325542570927e+01 5.328833858037234500e-02 6.142193809786137410e-02
1.519866444073455725e+01 1.017110724021159929e-01 6.171781245408617528e-02
1.522537562604340700e+01 1.062255482280513724e-01 6.201511280351743732e-02
1.525208681135225497e+01 1.471671184725428239e-01 6.231384601885826824e-02
1.527879799666110294e+01 2.870476864618053126e-02 6.261401900593550895e-02
1.530550918196995092e+01 6.228885052184950089e-02 6.291563870385916135e-02
1.533222036727879889e+01 5.958034680919717385e-02 6.321871208518292651e-02
1.535893155258764686e+01 3.557662683840820406e-03 6.352324615606541602e-02
1.538564273789649484e+01 1.563810715247588856e-01 6.382924795643195315e-02
1.541235392320534281e+01 1.107161397317276141e-01 6.413672456013745637e-02
1.543906510851419078e+01 1.111984942496222345e-01 6.444568307512998917e-02
1.546577629382303876e+01 2.228101030001879840e-02 6.475613064361493421e-02
1.549248747913188673e+01 1.440084178335041543e-01 6.506807444222018066e-02
1.551919866444073470e+01 1.644654467230786399e-01 6.538152168216210258e-02
1.554590984974958268e+01 2.060814764299183921e-01 6.569647960941209230e-02
1.557262103505843065e+01 3.459415445233674641e-02 6.601295550486419028e-02
1.559933222036727862e+01 1.146980176619072089e-01 6.633095668450342264e-02
1.562604340567612660e+01 1.147605822364171080e-01 6.665049049957477711e-02
1.565275459098497457e+01 -5.148323714305319543e-04 6.697156433675321985e-02
1.567946577629382432e+01 1.416794478920160860e-02 6.729418561831461421e-02
1.570617696160267229e+01 6.587687075036259554e-02 6.761836180230698656e-02
1.573288814691152027e+01 -9.310102214013897537e-02 6.794410038272312435e-02
1.575959933222036824e+01 -2.663013145029854978e-03 6.827140888967390964e-02
1.578631051752921621e+01 -9.629615802163317417e-02 6.860029488956216615e-02
1.581302170283806419e+01 2.834387616453915015e-02 6.893076598525767207e-02
1.583973288814691216e+01 1.759399951956711894e-01 6.926282981627301938e-02
1.586644407345576013e+01 7.458677060845868290e-02 6.959649405894004215e-02
1.589315525876460811e+01 -3.147278137996331604e-02 6.993176642658734121e-02
1.591986644407345608e+01 1.611763845331165845e-01 7.026865466971868313e-02
1.594657762938230405e+01 1.139593866468277261e-01 7.060716657619200975e-02
1.597328881469115203e+01 1.146266630240391216e-01 7.094730997139954420e-02
1.600000000000000000e+01 2.073269894749209252e-02 7.128909271844878492e-02
