0.000000000000000000e+00 3.029199278747387591e-01 4.031999999999999994e-03
2.671118530884808093e-02 2.974099091571240638e-01 4.051278361594249505e-03
5.342237061769616185e-02 3.009062122518318394e-01 4.070649636994939403e-03
8.013355592654423931e-02 2.976901641932164777e-01 4.090114274008556892e-03
1.068447412353923237e-01 2.950045104679235863e-01 4.109672722599837583e-03
1.335559265442403942e-01 2.942620618521643583e-01 4.129325434902159087e-03
1.602671118530884786e-01 2.917258188220845927e-01 4.149072865227999667e-03
1.869782971619365630e-01 3.019757625596283246e-01 4.168915470079434180e-03
2.136894824707846474e-01 2.916544212614731735e-01 4.188853708158693338e-03
2.404006677796327318e-01 2.993713811641420808e-01 4.208888040378763740e-03
2.671118530884807885e-01 2.870397900634290567e-01 4.229018929874042536e-03
2.938230383973288729e-01 2.932743051919360910e-01 4.249246842011048485e-03
3.205342237061769572e-01 2.921850991430260946e-01 4.269572244399172031e-03
3.472454090150250416e-01 2.907835975055918509e-01 4.289995606901493043e-03
3.739565943238731260e-01 2.991120561979039305e-01 4.310517401645636709e-03
4.006677796327212104e-01 2.985770777818913535e-01 4.331138103034690157e-03
4.273789649415692948e-01 2.901500562417838047e-01 4.351858187758170238e-03
4.540901502504173792e-01 2.858465407466905250e-01 4.372678134803040760e-03
4.808013355592654636e-01 2.900893966184340256e-01 4.393598425464786961e-03
5.075125208681134925e-01 2.852457670470059936e-01 4.414619543358541155e-03
5.342237061769615769e-01 2.854287601067668212e-01 4.435741974430263898e-03
5.609348914858096613e-01 2.937578667095123164e-01 4.456966206967973715e-03
5.876460767946577457e-01 2.873861572119162933e-01 4.478292731613040152e-03
6.143572621035058301e-01 2.812009296967311056e-01 4.499722041371520195e-03
6.410684474123539145e-01 2.782998400505397596e-01 4.521254631625559739e-03
6.677796327212019989e-01 2.863515511356299337e-01 4.542891000144844496e-03
6.944908180300500833e-01 2.740245803743515118e-01 4.564631647098103817e-03
7.212020033388981677e-01 2.785444492684726603e-01 4.586477075064677826e-03
7.479131886477462521e-01 2.776784843041995576e-01 4.608427789046132261e-03
7.746243739565943365e-01 2.742017570206870536e-01 4.630484296477933165e-03
8.013355592654424209e-01 2.751352493655012110e-01 4.652647107241177950e-03
8.280467445742905053e-01 2.727230074898776002e-01 4.674916733674381979e-03
8.547579298831385897e-01 2.686002004435548707e-01 4.697293690585324123e-03
8.814691151919866741e-01 2.724737755509288317e-01 4.719778495262943498e-03
9.081803005008347585e-01 2.819040849327174580e-01 4.742371667489299510e-03
9.348914858096828429e-01 2.725752892506516090e-01 4.765073729551590892e-03
9.616026711185309273e-01 2.638869415177979016e-01 4.787885206254226776e-03
9.883138564273790116e-01 2.699654019998207755e-01 4.810806624930953276e-03
1.015025041736226985e+00 2.637880034219670655e-01 4.833838515457057269e-03
1.041736227045075180e+00 2.623087998962382317e-01 4.856981410261601399e-03
1.068447412353923154e+00 2.611100468840082955e-01 4.880235844339740614e-03
1.095158597662771349e+00 2.684403651977777527e-01 4.903602355265086407e-03
1.121869782971619323e+00 2.649832990958330137e-01 4.927081483202135244e-03
1.148580968280467518e+00 2.613155763119717756e-01 4.950673770918757703e-03
1.175292153589315491e+00 2.629734428506217414e-01 4.974379763798737926e-03
1.202003338898163687e+00 2.519039034559209522e-01 4.998200009854391127e-03
1.228714524207011660e+00 2.609060573223565549e-01 5.022135059739225339e-03
1.255425709515859856e+00 2.557901342597482808e-01 5.046185466760675156e-03
1.282136894824707829e+00 2.512634692513051049e-01 5.070351786892885772e-03
1.308848080133556024e+00 2.514435804852073741e-01 5.094634578789574222e-03
1.335559265442403998e+00 2.552214915869849832e-01 5.119034403796938332e-03
1.362270450751252193e+00 2.451331259451524913e-01 5.143551825966634176e-03
1.388981636060100167e+00 2.572555039064061133e-01 5.168187412068816870e-03
1.415692821368948362e+00 2.585214059366803818e-01 5.192941731605242063e-03
1.442404006677796335e+00 2.485739974629099514e-01 5.217815356822425553e-03
1.469115191986644531e+00 2.430203909191226974e-01 5.242808862724884431e-03
1.495826377295492504e+00 2.457239618591979258e-01 5.267922827088417255e-03
1.522537562604340700e+00 2.460135007703023458e-01 5.293157830473465761e-03
1.549248747913188673e+00 2.443355358040102121e-01 5.318514456238537282e-03
1.575959933222036868e+00 2.310262413487705335e-01 5.343993290553686153e-03
1.602671118530884842e+00 2.355778735426176662e-01 5.369594922414066239e-03
1.629382303839733037e+00 2.306681409593632770e-01 5.395319943653548514e-03
1.656093489148581011e+00 2.311205318038870027e-01 5.421168948958399354e-03
1.682804674457429206e+00 2.381177830682472962e-01 5.447142535881029958e-03
1.709515859766277179e+00 2.370160916278932217e-01 5.473241304853809081e-03
1.736227045075125153e+00 2.312462133701021771e-01 5.499465859202943424e-03
1.762938230383973348e+00 2.269947174296746140e-01 5.525816805162425682e-03
1.789649415692821321e+00 2.320796814216747883e-01 5.552294751888046768e-03
1.816360601001669517e+00 2.189143294059412992e-01 5.578900311471480904e-03
1.843071786310517490e+00 2.236940822549889074e-01 5.605634098954431419e-03
1.869782971619365686e+00 2.247060229604443127e-01 5.632496732342852017e-03
1.896494156928213659e+00 2.279678989032915271e-01 5.659488832621232222e-03
1.923205342237061855e+00 2.239707611608819371e-01 5.686611023766950483e-03
1.949916527545909828e+00 2.122035273844633807e-01 5.713863932764702731e-03
1.976627712854758023e+00 2.099251411079353091e-01 5.741248189620993397e-03
2.003338898163605997e+00 1.998150683871001698e-01 5.768764427378700148e-03
2.030050083472453970e+00 2.175122075981202607e-01 5.796413282131708880e-03
2.056761268781302388e+00 2.045167706704317523e-01 5.824195393039616371e-03
2.083472454090150361e+00 2.045092521858827839e-01 5.852111402342507519e-03
2.110183639398998334e+00 2.023451115877966111e-01 5.880161955375801108e-03
2.136894824707846308e+00 2.015347110992185276e-01 5.908347700585167561e-03
2.163606010016694725e+00 1.989340849913709131e-01 5.936669289541523023e-03
2.190317195325542698e+00 1.963499777888143283e-01 5.965127376956083291e-03
2.217028380634390672e+00 1.857209675264040183e-01 5.993722620695508818e-03
2.243739565943238645e+00 2.082684444342021990e-01 6.022455681797104360e-03
2.270450751252087063e+00 1.969628585493287398e-01 6.051327224484107960e-03
2.297161936560935036e+00 1.893362551796369531e-01 6.080337916181036313e-03
2.323873121869783009e+00 1.944097953485412755e-01 6.109488427529122939e-03
2.350584307178630983e+00 1.820558823479477562e-01 6.138779432401816200e-03
2.377295492487479400e+00 1.856713925165273116e-01 6.168211607920358851e-03
2.404006677796327374e+00 1.893318515386293310e-01 6.197785634469438719e-03
2.430717863105175347e+00 1.826209512469393892e-01 6.227502195712920907e-03
2.457429048414023320e+00 1.860851891228355315e-01 6.257361978609651994e-03
2.484140233722871738e+00 1.835747163509114654e-01 6.287365673429334487e-03
2.510851419031719711e+00 1.761611749851423880e-01 6.317513973768490616e-03
2.537562604340567685e+00 1.795332785624105532e-01 6.347807576566495517e-03
2.564273789649415658e+00 1.849083002043810653e-01 6.378247182121682402e-03
2.590984974958263631e+00 1.635953390543413155e-01 6.408833494107539670e-03
2.617696160267112049e+00 1.709727105156600147e-01 6.439567219588971346e-03
2.644407345575960022e+00 1.610224755492432880e-01 6.470449069038645105e-03
2.671118530884807996e+00 1.703785415489723065e-01 6.501479756353417509e-03
2.697829716193655969e+00 1.566374931515987223e-01 6.532659998870832090e-03
2.724540901502504386e+00 1.620849074673696155e-01 6.563990517385709378e-03
2.751252086811352360e+00 1.703843987741754384e-01 6.595472036166801118e-03
2.777963272120200333e+00 1.633207741999501139e-01 6.627105282973543357e-03
2.804674457429048307e+00 1.588680842991410935e-01 6.658890989072870255e-03
2.831385642737896724e+00 1.571817155084417328e-01 6.690829889256126768e-03
2.858096828046744697e+00 1.585185534596641188e-01 6.722922721856045523e-03
2.884808013355592671e+00 1.566784753674179131e-01 6.755170228763825169e-03
2.911519198664440644e+00 1.479706533419308245e-01 6.787573155446275514e-03
2.938230383973289062e+00 1.441141732585287938e-01 6.820132250963050272e-03
2.964941569282137035e+00 1.433494651735164604e-01 6.852848267983963938e-03
2.991652754590985008e+00 1.421274953950585895e-01 6.885721962806390199e-03
3.018363939899832982e+00 1.365054753313213742e-01 6.918754095372748811e-03
3.045075125208681399e+00 1.447541053958424917e-01 6.951945429288067940e-03
3.071786310517529373e+00 1.333094919610689488e-01 6.985296731837639314e-03
3.098497495826377346e+00 1.338220272621763740e-01 7.018808774004759235e-03
3.125208681135225319e+00 1.319457721575873210e-01 7.052482330488543324e-03
3.151919866444073737e+00 1.364767561458422596e-01 7.086318179721844482e-03
3.178631051752921710e+00 1.349318376136636188e-01 7.120317103889235028e-03
3.205342237061769683e+00 1.376989794227052311e-01 7.154479888945105073e-03
3.232053422370617657e+00 1.364636066973765605e-01 7.188807324631819005e-03
3.258764607679466074e+00 1.265373122071251910e-01 7.223300204497975184e-03
3.285475792988314048e+00 1.292873369708455455e-01 7.257959325916754113e-03
3.312186978297162021e+00 1.163912363926834503e-01 7.292785490104345542e-03
3.338898163606009994e+00 1.237214696440168404e-01 7.327779502138471839e-03
3.365609348914858412e+00 1.230579732274325044e-01 7.362942170977008517e-03
3.392320534223706385e+00 1.253524124488457347e-01 7.398274309476664604e-03
3.419031719532554359e+00 1.054084011174063196e-01 7.433776734411794845e-03
3.445742904841402332e+00 1.199136117856640371e-01 7.469450266493268299e-03
3.472454090150250305e+00 1.077516740330421302e-01 7.505295730387444471e-03
3.499165275459098723e+00 1.261230270867569336e-01 7.541313954735237059e-03
3.525876460767946696e+00 1.099287460421470852e-01 7.577505772171269638e-03
3.552587646076794670e+00 1.014065549979583786e-01 7.613872019343123285e-03
3.579298831385642643e+00 1.265606563959157937e-01 7.650413536930677876e-03
3.606010016694491060e+00 1.032680866029764971e-01 7.687131169665547062e-03
3.632721202003339034e+00 1.113971255197097887e-01 7.724025766350602583e-03
3.659432387312187007e+00 9.121076009305055521e-02 7.761098179879600927e-03
3.686143572621034981e+00 1.096877204309287257e-01 7.798349267256894125e-03
3.712854757929883398e+00 1.091418769058890431e-01 7.835779889617247237e-03
3.739565943238731371e+00 9.201944990953309089e-02 7.873390912245741696e-03
3.766277128547579345e+00 1.053676137948817565e-01 7.911183204597774937e-03
3.792988313856427318e+00 8.141866140931811047e-02 7.949157640319167578e-03
3.819699499165275736e+00 1.035075293749959657e-01 7.987315097266356467e-03
3.846410684474123709e+00 6.975058056926189409e-02 8.025656457526678805e-03
3.873121869782971682e+00 9.020871150359696666e-02 8.064182607438781167e-03
3.899833055091819656e+00 8.364258773512096845e-02 8.102894437613092707e-03
3.926544240400668073e+00 8.562956366285880139e-02 8.141792842952425002e-03
3.953255425709516047e+00 8.625696975631853836e-02 8.180878722672646486e-03
3.979966611018364020e+00 8.741577744839153230e-02 8.220152980323488720e-03
4.006677796327211993e+00 7.687408938702985917e-02 8.259616523809416855e-03
4.033388981636059967e+00 6.707200757923471868e-02 8.299270265410621517e-03
4.060100166944907940e+00 7.579342420437894245e-02 8.339115121804114780e-03
4.086811352253756802e+00 8.126439987112826779e-02 8.379152014084916347e-03
4.113522537562604775e+00 7.310925573722565352e-02 8.419381867787340337e-03
4.140233722871452748e+00 8.455640695973694332e-02 8.459805612906403510e-03
4.166944908180300722e+00 6.782711029968306604e-02 8.500424183919316756e-03
4.193656093489148695e+00 5.897444209481458866e-02 8.541238519807087606e-03
4.220367278797996669e+00 6.497518763992833624e-02 8.582249564076228562e-03
4.247078464106844642e+00 7.897905202897358146e-02 8.623458264780560836e-03
4.273789649415692615e+00 6.189134413020455638e-02 8.664865574543146459e-03
4.300500834724540589e+00 6.169921501920200974e-02 8.706472450578294983e-03
4.327212020033389450e+00 8.699064592281337271e-02 8.748279854713696818e-03
4.353923205342237424e+00 5.736438540690094040e-02 8.790288753412658918e-03
4.380634390651085397e+00 7.699015751983509515e-02 8.832500117796442812e-03
4.407345575959933370e+00 6.436319327041439831e-02 8.874914923666720606e-03
4.434056761268781344e+00 5.170368769376666729e-02 8.917534151528128117e-03
4.460767946577629317e+00 6.626855692212144100e-02 8.960358786610932505e-03
4.487479131886477290e+00 5.018949196015357050e-02 9.003389818893800522e-03
4.514190317195325264e+00 6.975593616339285929e-02 9.046628243126703800e-03
4.540901502504174125e+00 7.204551043170202840e-02 9.090075058853886586e-03
4.567612687813022099e+00 5.329652043868173678e-02 9.133731270436996549e-03
4.594323873121870072e+00 3.628749892681279454e-02 9.177597887078290176e-03
4.621035058430718045e+00 6.748279818075909875e-02 9.221675922843964798e-03
4.647746243739566019e+00 4.449792688117139294e-02 9.265966396687603385e-03
4.674457429048413992e+00 6.141383137191965685e-02 9.310470332473725144e-03
4.701168614357261966e+00 3.577123148161237554e-02 9.355188759001462767e-03
4.727879799666109939e+00 4.630102475085062091e-02 9.400122710028329873e-03
4.754590984974958801e+00 4.707419121400369805e-02 9.445273224294139375e-03
4.781302170283806774e+00 4.272502971497685320e-02 9.490641345544989504e-03
4.808013355592654747e+00 4.864904483507950100e-02 9.536228122557425038e-03
4.834724540901502721e+00 3.191548129238060139e-02 9.582034609162648833e-03
4.861435726210350694e+00 5.629613394081729033e-02 9.628061864270906836e-03
4.888146911519198667e+00 2.184005688058385242e-02 9.674310951895958091e-03
4.914858096828046641e+00 3.616844678457756257e-02 9.720782941179669651e-03
4.941569282136894614e+00 4.845559918992643073e-02 9.767478906416732914e-03
4.968280467445743476e+00 5.243159547546252797e-02 9.814399927079506605e-03
4.994991652754591449e+00 4.550899138046923115e-02 9.861547087842956888e-03
5.021702838063439422e+00 2.856624419012208926e-02 9.908921478609741471e-03
5.048414023372287396e+00 3.620534225253559113e-02 9.956524194535402994e-03
5.075125208681135369e+00 1.952291425627684582e-02 1.000435633605368559e-02
5.101836393989983343e+00 3.875611748010859836e-02 1.005241900890197285e-02
5.128547579298831316e+00 3.146137733191414071e-02 1.010071332414684900e-02
5.155258764607679289e+00 2.578890362341436371e-02 1.014924039820978494e-02
5.181969949916527263e+00 4.160013412949273987e-02 1.019800135289294397e-02
5.208681135225376124e+00 3.405889234828166773e-02 1.024699731540511943e-02
5.235392320534224098e+00 2.761665987908236766e-02 1.029622941838778498e-02
5.262103505843072071e+00 2.253123504837695884e-02 1.034569879994128895e-02
5.288814691151920044e+00 3.943253653675448528e-02 1.039540660365115103e-02
5.315525876460768018e+00 4.672618073368439706e-02 1.044535397861450637e-02
5.342237061769615991e+00 3.060216324949782685e-02 1.049554207946666595e-02
5.368948247078463964e+00 3.422765684838365019e-02 1.054597206640781916e-02
5.395659432387311938e+00 3.109515946183307941e-02 1.059664510522983008e-02
5.422370617696160799e+00 2.919587070892878597e-02 1.064756236734321765e-02
5.449081803005008773e+00 1.996090317407739345e-02 1.069872502980420519e-02
5.475792988313856746e+00 1.534376823443121644e-02 1.075013427534195383e-02
5.502504173622704720e+00 3.745977157966055848e-02 1.080179129238589483e-02
5.529215358931552693e+00 9.729546279711618825e-03 1.085369727509319891e-02
5.555926544240400666e+00 3.777060728918502780e-02 1.090585342337638784e-02
5.582637729549248640e+00 2.208963653830083029e-02 1.095826094293106401e-02
5.609348914858096613e+00 3.136878085447140918e-02 1.101092104526380129e-02
5.636060100166945475e+00 1.877488709031143940e-02 1.106383494772013310e-02
5.662771285475793448e+00 2.774007164112602536e-02 1.111700387351268783e-02
5.689482470784641421e+00 2.295605423195711328e-02 1.117042905174949613e-02
5.716193656093489395e+00 2.521507508142006165e-02 1.122411171746237786e-02
5.742904841402337368e+00 3.857229353488364487e-02 1.127805311163549568e-02
5.769616026711185341e+00 5.181760943807774134e-02 1.133225448123405601e-02
5.796327212020033315e+00 1.713522279065311099e-02 1.138671707923312459e-02
5.823038397328881288e+00 1.937592440806373481e-02 1.144144216464658935e-02
5.849749582637730150e+00 2.683911538632429566e-02 1.149643100255627257e-02
5.876460767946578123e+00 5.522924204164295081e-03 1.155168486414117311e-02
5.903171953255426097e+00 3.436482602448776014e-03 1.160720502670685439e-02
5.929883138564274070e+00 1.280428791148758606e-02 1.166299277371496065e-02
5.956594323873122043e+00 -3.863221316096730404e-03 1.171904939481290681e-02
5.983305509181970017e+00 1.953900711667200252e-02 1.177537618586367053e-02
6.010016694490817990e+00 1.440343298235725183e-02 1.183197444897576486e-02
6.036727879799665963e+00 8.799565533360470884e-03 1.188884549253333041e-02
6.063439065108513937e+00 1.046551795073775645e-03 1.194599063122638201e-02
6.090150250417362798e+00 2.443586028039915203e-02 1.200341118608120455e-02
6.116861435726210772e+00 3.180297534360861100e-02 1.206110848449088238e-02
6.143572621035058745e+00 3.703597954562889982e-03 1.211908386024600041e-02
6.170283806343906718e+00 -6.901441923699276268e-03 1.217733865356545805e-02
6.196994991652754692e+00 2.564998363013277702e-02 1.223587421112747042e-02
6.223706176961602665e+00 5.435046828755888369e-03 1.229469188610068410e-02
6.250417362270450639e+00 -2.989640886495940897e-03 1.235379303817546459e-02
6.277128547579298612e+00 1.767806361512259949e-02 1.241317903359532952e-02
6.303839732888147473e+00 2.277362080571606814e-02 1.247285124518852754e-02
6.330550918196995447e+00 2.519388442274577908e-02 1.253281105239978203e-02
6.357262103505843420e+00 8.427371149975146358e-03 1.259305984132216838e-02
6.383973288814691394e+00 1.472247540295191538e-02 1.265359900472917340e-02
6.410684474123539367e+00 1.489192125814287060e-02 1.271442994210686926e-02
6.437395659432387340e+00 4.866552506190818111e-03 1.277555405968628863e-02
6.464106844741235314e+00 6.351780890983712603e-03 1.283697277047591429e-02
6.490818030050083287e+00 2.208467056440146375e-02 1.289868749429435094e-02
6.517529215358932149e+00 -9.574942366882102304e-03 1.296069965780315657e-02
6.544240400667780122e+00 1.210612364014298017e-02 1.302301069453980220e-02
6.570951585976628095e+00 2.966814388357263271e-02 1.308562204495082593e-02
6.597662771285476069e+00 9.307853468941721872e-04 1.314853515642513265e-02
6.624373956594324042e+00 1.227368683043343449e-02 1.321175148332744652e-02
6.651085141903172016e+00 -1.375106171860360216e-03 1.327527248703192983e-02
6.677796327212019989e+00 1.862811989256244263e-02 1.333909963595597201e-02
6.704507512520867962e+00 9.171883410960186486e-03 1.340323440559414159e-02
6.731218697829716824e+00 1.042138990365190469e-02 1.346767827855227008e-02
6.757929883138564797e+00 3.701261012542086254e-03 1.353243274458175265e-02
6.784641068447412771e+00 2.465868793199829136e-03 1.359749930061397716e-02
6.811352253756260744e+00 -1.303970742855817093e-02 1.366287945079491979e-02
6.838063439065108717e+00 6.975139910150749897e-03 1.372857470651993317e-02
6.864774624373956691e+00 9.729688041930424636e-03 1.379458658646866981e-02
6.891485809682804664e+00 1.940740546853339521e-02 1.386091661664019641e-02
6.918196994991652637e+00 -4.882820321909110001e-03 1.392756633038827463e-02
6.944908180300500611e+00 1.385153121320185400e-02 1.399453726845680153e-02
6.971619365609349472e+00 -5.578453669296762688e-04 1.406183097901542688e-02
6.998330550918197446e+00 2.627652395096462951e-02 1.412944901769534224e-02
7.025041736227045419e+00 -2.352842175704373748e-03 1.419739294762525049e-02
7.051752921535893393e+00 4.921401728236372841e-03 1.426566433946748792e-02
7.078464106844741366e+00 -2.076123043143604172e-03 1.433426477145434419e-02
7.105175292153589339e+00 5.998416395954001695e-03 1.440319582942454352e-02
7.131886477462437313e+00 1.932496170042565312e-02 1.447245910685989595e-02
7.158597662771285286e+00 2.780758251792422864e-02 1.454205620492214981e-02
7.185308848080134148e+00 1.165925720417378998e-02 1.461198873248999511e-02
7.212020033388982121e+00 -1.144326559310744618e-03 1.468225830619625423e-02
7.238731218697830094e+00 1.407836188070705347e-02 1.475286655046525487e-02
7.265442404006678068e+00 1.996595595115754213e-02 1.482381509755039371e-02
7.292153589315526041e+00 9.130974366820428234e-03 1.489510558757185972e-02
7.318864774624374014e+00 1.554916354036203069e-02 1.496673966855453786e-02
7.345575959933221988e+00 -2.822288702095309201e-02 1.503871899646613483e-02
7.372287145242069961e+00 1.893699367925755911e-02 1.511104523525542455e-02
7.398998330550918823e+00 1.339010992089383761e-02 1.518372005689075203e-02
7.425709515859766796e+00 8.836434977864101106e-03 1.525674514139864664e-02
7.452420701168614769e+00 2.830604487878896069e-02 1.533012217690269373e-02
7.479131886477462743e+00 -7.390491559543656969e-03 1.540385285966252432e-02
7.505843071786310716e+00 2.507979141446412680e-02 1.547793889411306668e-02
7.532554257095158690e+00 3.654866733792468125e-02 1.555238199290391761e-02
7.559265442404006663e+00 2.412011619459998937e-02 1.562718387693893748e-02
7.585976627712854636e+00 3.223375169854503230e-02 1.570234627541604311e-02
7.612687813021703498e+00 -1.139110043731373159e-03 1.577787092586719481e-02
7.639398998330551471e+00 3.665804363291259860e-03 1.585375957419850323e-02
7.666110183639399445e+00 2.972500533383035104e-02 1.593001397473067099e-02
7.692821368948247418e+00 1.013782234330315966e-02 1.600663589023949840e-02
7.719532554257095391e+00 2.810684751743754844e-03 1.608362709199662177e-02
7.746243739565943365e+00 2.893113322971976181e-02 1.616098935981051185e-02
7.772954924874791338e+00 2.307425838863137735e-02 1.623872448206757288e-02
7.799666110183639312e+00 1.089742195310846630e-02 1.631683425577349147e-02
7.826377295492487285e+00 5.388870231090218954e-02 1.639532048659479366e-02
7.853088480801336146e+00 1.237854419071630560e-02 1.647418498890059271e-02
7.879799666110184120e+00 -1.563005327629381908e-02 1.655342958580447929e-02
7.906510851419032093e+00 3.048311205180269726e-02 1.663305610920674804e-02
7.933222036727880067e+00 2.425895198588634907e-02 1.671306639983667630e-02
7.959933222036728040e+00 3.441319120859354097e-02 1.679346230729511155e-02
7.986644407345576013e+00 6.181504417818589614e-03 1.687424569009721501e-02
8.013355592654423987e+00 1.994135054186947642e-02 1.695541841571543765e-02
8.040066777963271960e+00 3.205488179742906757e-02 1.703698236062267321e-02
8.066777963272119933e+00 2.799340112134114655e-02 1.711893941033565056e-02
8.093489148580967907e+00 4.268058235187496136e-02 1.720129145945852381e-02
8.120200333889815880e+00 -3.353500791043147189e-02 1.728404041172664635e-02
8.146911519198663854e+00 1.137530312009502401e-02 1.736718818005061546e-02
8.173622704507513603e+00 2.624473543053781888e-02 1.745073668656046614e-02
8.200333889816361577e+00 8.672114019294442644e-03 1.753468786265010085e-02
8.227045075125209550e+00 7.682081982433520279e-03 1.761904364902196207e-02
8.253756260434057523e+00 -1.728939015965889892e-02 1.770380599573188538e-02
8.280467445742905497e+00 1.358821757850757657e-02 1.778897686223417096e-02
8.307178631051753470e+00 2.592522625096680550e-02 1.787455821742688772e-02
8.333889816360601444e+00 1.333624972124158869e-02 1.796055203969738542e-02
8.360601001669449417e+00 5.477060102359606469e-02 1.804696031696803940e-02
8.387312186978297390e+00 3.323507038089199006e-02 1.813378504674217906e-02
8.414023372287145364e+00 5.395434512624789139e-03 1.822102823615030440e-02
8.440734557595993337e+00 1.929353240955456253e-02 1.830869190199643087e-02
8.467445742904841310e+00 1.088825107748123827e-02 1.839677807080477429e-02
8.494156928213689284e+00 1.638752958669309479e-02 1.848528877886655361e-02
8.520868113522537257e+00 1.077693633679088075e-02 1.857422607228707834e-02
8.547579298831385231e+00 -5.463093029433915837e-03 1.866359200703304397e-02
8.574290484140233204e+00 1.705321135401963173e-02 1.875338864898007385e-02
8.601001669449081177e+00 3.802605785517967907e-02 1.884361807396045183e-02
8.627712854757930927e+00 5.395385072112399844e-02 1.893428236781113938e-02
8.654424040066778900e+00 3.597198618469023973e-02 1.902538362642195585e-02
8.681135225375626874e+00 1.226878068221958981e-02 1.911692395578407436e-02
8.707846410684474847e+00 3.638257014372503484e-02 1.920890547203866344e-02
8.734557595993322821e+00 -2.563803476214748453e-02 1.930133030152583751e-02
8.761268781302170794e+00 4.950098649259163791e-03 1.939420058083380152e-02
8.787979966611018767e+00 1.846946971705734630e-02 1.948751845684822473e-02
8.814691151919866741e+00 2.881321928522727338e-02 1.958128608680190230e-02
8.841402337228714714e+00 3.785584690123820761e-03 1.967550563832460436e-02
8.868113522537562687e+00 3.078655499521075825e-02 1.977017928949317827e-02
8.894824707846410661e+00 -4.701957783523929429e-03 1.986530922888192149e-02
8.921535893155258634e+00 -1.962055589956033033e-02 1.996089765561315926e-02
8.948247078464106607e+00 3.901153922577235700e-02 2.005694677940808232e-02
8.974958263772954581e+00 2.833054988121972567e-02 2.015345882063784150e-02
9.001669449081802554e+00 4.784901691841150773e-02 2.025043601037485735e-02
9.028380634390650528e+00 4.451319002633524063e-02 2.034788059044440392e-02
9.055091819699500277e+00 5.514679590042127766e-02 2.044579481347645611e-02
9.081803005008348251e+00 2.113486363773044510e-02 2.054418094295771061e-02
9.108514190317196224e+00 3.224665886017177158e-02 2.064304125328396411e-02
9.135225375626044197e+00 1.392416110261959425e-02 2.074237802981266851e-02
9.161936560934892171e+00 3.359929808822584990e-02 2.084219356891574629e-02
9.188647746243740144e+00 1.265097748700052399e-02 2.094249017803272161e-02
9.215358931552588118e+00 4.447584320416274328e-03 2.104327017572399719e-02
9.242070116861436091e+00 1.268689199137703130e-02 2.114453589172451964e-02
9.268781302170284064e+00 3.254666387885480489e-03 2.124628966699757676e-02
9.295492487479132038e+00 1.897442127218679220e-02 2.134853385378895907e-02
9.322203672787980011e+00 2.473255958073550947e-02 2.145127081568131214e-02
9.348914858096827984e+00 2.661323837733380396e-02 2.155450292764877346e-02
9.375626043405675958e+00 4.069012956831596917e-02 2.165823257611190072e-02
9.402337228714523931e+00 3.525442034358804849e-02 2.176246215899280828e-02
9.429048414023371905e+00 1.676532015778840062e-02 2.186719408577060889e-02
9.455759599332219878e+00 2.945610176905174779e-02 2.197243077753713650e-02
9.482470784641067851e+00 2.465887714823067345e-02 2.207817466705287723e-02
9.509181969949917601e+00 2.660649146331632922e-02 2.218442819880324379e-02
9.535893155258765574e+00 4.359027183927494109e-02 2.229119382905503724e-02
9.562604340567613548e+00 4.195975649198118579e-02 2.239847402591328696e-02
9.589315525876461521e+00 1.965974665199485272e-02 2.250627126937827446e-02
9.616026711185309495e+00 5.649748343851536403e-02 2.261458805140285563e-02
9.642737896494157468e+00 3.318544257271682785e-03 2.272342687595008473e-02
9.669449081803005441e+00 3.544908891044322441e-02 2.283279025905109866e-02
9.696160267111853415e+00 5.054317171564259858e-02 2.294268072886325102e-02
9.722871452420701388e+00 3.672482867318273281e-02 2.305310082572860700e-02
9.749582637729549361e+00 2.667135647874432566e-02 2.316405310223262903e-02
9.776293823038397335e+00 3.795353562629703859e-02 2.327554012326318172e-02
9.803005008347245308e+00 6.105578855470299160e-02 2.338756446606986630e-02
9.829716193656093282e+00 2.991529727876276676e-02 2.350012872032353900e-02
9.856427378964941255e+00 5.543468662161535332e-02 2.361323548817623533e-02
9.883138564273789228e+00 3.400753355665896149e-02 2.372688738432128866e-02
9.909849749582637202e+00 2.102627746721554003e-02 2.384108703605377841e-02
9.936560934891486951e+00 5.193917132826125771e-02 2.395583708333128697e-02
9.963272120200334925e+00 5.188692349969693113e-02 2.407114017883487875e-02
9.989983305509182898e+00 5.049859117925036001e-02 2.418699898803048504e-02
1.001669449081803087e+01 7.340004160687652046e-02 2.430341618923048327e-02
1.004340567612687884e+01 6.739077354779907103e-02 2.442039447365560931e-02
1.007011686143572682e+01 8.777782604484425655e-03 2.453793654549719233e-02
1.009682804674457479e+01 7.437808308269505675e-02 2.465604512197965004e-02
1.012353923205342277e+01 7.278537138220229907e-02 2.477472293342330642e-02
1.015025041736227074e+01 4.042891376977499757e-02 2.489397272330752531e-02
1.017696160267111871e+01 2.865241470596448931e-02 2.501379724833409715e-02
1.020367278797996669e+01 -1.587662169029151887e-02 2.513419927849099705e-02
1.023038397328881466e+01 6.986020196272269001e-02 2.525518159711641689e-02
1.025709515859766263e+01 1.863052025906758100e-02 2.537674700096307148e-02
1.028380634390651061e+01 -3.599018990712839206e-02 2.549889830026290036e-02
1.031051752921535858e+01 3.896210132011940913e-02 2.562163831879201575e-02
1.033722871452420655e+01 3.158166069451624064e-02 2.574496989393594906e-02
1.036393989983305453e+01 4.631137758483244021e-02 2.586889587675528582e-02
1.039065108514190428e+01 5.669145083174423339e-02 2.599341913205156090e-02
1.041736227045075225e+01 8.530824599032436895e-02 2.611854253843345214e-02
1.044407345575960022e+01 3.895068471363912627e-02 2.624426898838337283e-02
1.047078464106844820e+01 1.694182347199929203e-02 2.637060138832431760e-02
1.049749582637729617e+01 5.593828876876998091e-02 2.649754265868704828e-02
1.052420701168614414e+01 6.455903491397047000e-02 2.662509573397759885e-02
1.055091819699499212e+01 -1.926544203213648165e-02 2.675326356284512402e-02
1.057762938230384009e+01 1.088472443063980694e-02 2.688204910815007037e-02
1.060434056761268806e+01 8.285891964327402048e-02 2.701145534703263892e-02
1.063105175292153604e+01 4.085611271824587248e-02 2.714148527098164329e-02
1.065776293823038401e+01 7.528413884390180999e-02 2.727214188590363492e-02
1.068447412353923198e+01 7.025140355044208473e-03 2.740342821219240652e-02
1.071118530884807996e+01 6.039778488329056172e-02 2.753534728479883203e-02
1.073789649415692793e+01 -1.047152401304320829e-02 2.766790215330097377e-02
1.076460767946577590e+01 3.684135023566903477e-02 2.780109588197463011e-02
1.079131886477462388e+01 5.188823931251941579e-02 2.793493154986415733e-02
1.081803005008347363e+01 1.047444351950862010e-02 2.806941225085362798e-02
1.084474123539232160e+01 2.863124786079340733e-02 2.820454109373838128e-02
1.087145242070116957e+01 3.806865317933679632e-02 2.834032120229686494e-02
1.089816360601001755e+01 1.800128367049587744e-02 2.847675571536287947e-02
1.092487479131886552e+01 -2.460529814653506647e-02 2.861384778689809311e-02
1.095158597662771349e+01 1.457602371243153228e-01 2.875160058606499730e-02
1.097829716193656147e+01 2.602399772705954809e-02 2.889001729730014331e-02
1.100500834724540944e+01 -1.616227278763828629e-02 2.902910112038775345e-02
1.103171953255425741e+01 3.895951142519791383e-02 2.916885527053371743e-02
1.105843071786310539e+01 1.341509475299174081e-01 2.930928297843988714e-02
1.108514190317195336e+01 2.903794167412238753e-02 2.945038749037876685e-02
1.111185308848080133e+01 7.321158570300628776e-02 2.959217206826858862e-02
1.113856427378964931e+01 5.872546074994522414e-02 2.973463998974865824e-02
1.116527545909849728e+01 4.347879508850528013e-02 2.987779454825521125e-02
1.119198664440734525e+01 3.508919870683045034e-02 3.002163905309744932e-02
1.121869782971619323e+01 3.032680560363811006e-02 3.016617682953410054e-02
1.124540901502504120e+01 4.142509239322399173e-02 3.031141121885030584e-02
1.127212020033389095e+01 5.031403930531192642e-02 3.045734557843481766e-02
1.129883138564273892e+01 3.451586516701896090e-02 3.060398328185757327e-02
1.132554257095158690e+01 3.893764993383078826e-02 3.075132771894782679e-02
1.135225375626043487e+01 2.542917620998627268e-02 3.089938229587236435e-02
1.137896494156928284e+01 -2.437231461565392276e-02 3.104815043521429521e-02
1.140567612687813082e+01 8.355147573350299450e-02 3.119763557605222462e-02
1.143238731218697879e+01 5.577319836084940197e-02 3.134784117403966591e-02
1.145909849749582676e+01 1.435585641669328422e-02 3.149877070148496272e-02
1.148580968280467474e+01 7.689494427259294107e-02 3.165042764743160320e-02
1.151252086811352271e+01 -1.648120901595828691e-03 3.180281551773880833e-02
1.153923205342237068e+01 5.605187603411854180e-02 3.195593783516259556e-02
1.156594323873121866e+01 -1.154995563672716469e-02 3.210979813943724837e-02
1.159265442404006663e+01 3.996719729617700251e-02 3.226439998735710496e-02
1.161936560934891460e+01 1.057706542344725026e-01 3.241974695285878422e-02
1.164607679465776258e+01 4.366490038128005569e-02 3.257584262710385564e-02
1.167278797996661055e+01 4.954843203748286740e-02 3.273269061856176609e-02
1.169949916527546030e+01 6.842029775875602127e-02 3.289029455309335631e-02
1.172621035058430827e+01 6.006023413935760585e-02 3.304865807403458561e-02
1.175292153589315625e+01 6.349964996682407048e-02 3.320778484228081168e-02
1.177963272120200422e+01 4.046836128680124378e-02 3.336767853637143816e-02
1.180634390651085219e+01 8.536923385772687833e-02 3.352834285257490221e-02
1.183305509181970017e+01 -9.800633972686649542e-03 3.368978150497412699e-02
1.185976627712854814e+01 9.005654177259367343e-02 3.385199822555239740e-02
1.188647746243739611e+01 4.000180629825422080e-02 3.401499676427967300e-02
1.191318864774624409e+01 4.277480988271141482e-02 3.417878088919918539e-02
1.193989983305509206e+01 1.448309022123486778e-02 3.434335438651456990e-02
1.196661101836394003e+01 3.422147830767125615e-02 3.450872106067748996e-02
1.199332220367278801e+01 4.604296936360905562e-02 3.467488473447544878e-02
1.202003338898163598e+01 2.059481195482500832e-02 3.484184924912021863e-02
1.204674457429048395e+01 1.595858549985756936e-03 3.500961846433668645e-02
1.207345575959933193e+01 9.808087075233153096e-03 3.517819625845198389e-02
1.210016694490817990e+01 4.559321195200929933e-02 3.534758652848519339e-02
1.212687813021702787e+01 -2.194182807140107605e-03 3.551779319023749132e-02
1.215358931552587762e+01 1.026219291911625586e-01 3.568882017838253401e-02
1.218030050083472560e+01 2.637124096142903079e-02 3.586067144655753075e-02
1.220701168614357357e+01 4.237554106540339371e-02 3.603335096745461513e-02
1.223372287145242154e+01 2.752118141415570846e-02 3.620686273291262580e-02
1.226043405676126952e+01 4.745646493826024409e-02 3.638121075400949089e-02
1.228714524207011749e+01 2.369621397470455040e-02 3.655639906115483451e-02
1.231385642737896546e+01 -4.764541570565362927e-03 3.673243170418322850e-02
1.234056761268781344e+01 1.249679000785259841e-01 3.690931275244780513e-02
1.236727879799666141e+01 5.451987786944925002e-02 3.708704629491428595e-02
1.239398998330550938e+01 4.781921099787697638e-02 3.726563644025553818e-02
1.242070116861435736e+01 4.765231393218838374e-02 3.744508731694655423e-02
1.244741235392320533e+01 6.626864360049744551e-02 3.762540307335988932e-02
1.247412353923205330e+01 4.298744268433226517e-02 3.780658787786154301e-02
1.250083472454090128e+01 4.202673034928636892e-02 3.798864591890733361e-02
1.252754590984974925e+01 6.433359154631337895e-02 3.817158140513973730e-02
1.255425709515859722e+01 2.720468185951642470e-02 3.835539856548513676e-02
1.258096828046744697e+01 9.603196429598345740e-02 3.854010164925163184e-02
1.260767946577629495e+01 -1.202092568877278361e-02 3.872569492622723181e-02
1.263439065108514292e+01 8.695287945012601660e-02 3.891218268677857500e-02
1.266110183639399089e+01 1.242568044924032278e-01 3.909956924195012035e-02
1.268781302170283887e+01 -3.543905179719336607e-03 3.928785892356380371e-02
1.271452420701168684e+01 4.726657076246437716e-02 3.947705608431911761e-02
1.274123539232053481e+01 2.357599796461863628e-03 3.966716509789386391e-02
1.276794657762938279e+01 6.094634351726465477e-02 3.985819035904511476e-02
1.279465776293823076e+01 3.304603882364138406e-02 4.005013628371087431e-02
1.282136894824707873e+01 6.044077488773974549e-02 4.024300730911221230e-02
1.284808013355592671e+01 8.808684355720922121e-03 4.043680789385573765e-02
1.287479131886477468e+01 5.835472911842853883e-02 4.063154251803670347e-02
1.290150250417362265e+01 4.437459492674423328e-02 4.082721568334266721e-02
1.292821368948247063e+01 2.502774408021201866e-02 4.102383191315739364e-02
1.295492487479131860e+01 5.796315894346741604e-02 4.122139575266551420e-02
1.298163606010016657e+01 7.504924184390027175e-02 4.141991176895765819e-02
1.300834724540901455e+01 -2.782236399595829079e-02 4.161938455113587537e-02
1.303505843071786430e+01 7.661539954731619306e-02 4.181981871041985654e-02
1.306176961602671227e+01 1.729013924038392408e-02 4.202121888025346641e-02
1.308848080133556024e+01 1.007477433069680350e-01 4.222358971641187314e-02
1.311519198664440822e+01 1.702056000543032688e-02 4.242693589710917063e-02
1.314190317195325619e+01 6.883225285914050529e-02 4.263126212310654889e-02
1.316861435726210416e+01 -3.271388792493390429e-03 4.283657311782092247e-02
1.319532554257095214e+01 6.800507095554296499e-02 4.304287362743411394e-02
1.322203672787980011e+01 6.513686663373448316e-02 4.325016842100268266e-02
1.324874791318864808e+01 -5.734984965159750647e-02 4.345846229056800347e-02
1.327545909849749606e+01 1.501156521385609011e-02 4.366776005126714322e-02
1.330217028380634403e+01 3.610021405886387758e-02 4.387806654144420920e-02
1.332888146911519200e+01 1.008059210878762824e-01 4.408938662276208620e-02
1.335559265442403998e+01 5.457440196671219795e-02 4.430172518031488815e-02
1.338230383973288795e+01 -8.991556043575162083e-03 4.451508712274093726e-02
1.340901502504173592e+01 4.616303934581635765e-02 4.472947738233611775e-02
1.343572621035058390e+01 1.110697488720965298e-01 4.494490091516797209e-02
1.346243739565943365e+01 7.811071821843532104e-02 4.516136270119032459e-02
1.348914858096828162e+01 4.617641703556462501e-02 4.537886774435822418e-02
1.351585976627712959e+01 4.908999607008832783e-02 4.559742107274379619e-02
1.354257095158597757e+01 -1.012554587405560536e-02 4.581702773865244799e-02
1.356928213689482554e+01 7.405680780595953749e-03 4.603769281873958119e-02
1.359599332220367351e+01 6.359663319837488560e-02 4.625942141412796998e-02
1.362270450751252149e+01 8.996787786094881390e-02 4.648221865052580559e-02
1.364941569282136946e+01 5.570670900883220589e-02 4.670608967834501135e-02
1.367612687813021743e+01 6.918699144907060339e-02 4.693103967282038352e-02
1.370283806343906541e+01 -1.011391107803925882e-02 4.715707383412931497e-02
1.372954924874791338e+01 7.728672904223471418e-02 4.738419738751183108e-02
1.375626043405676135e+01 4.627270800921426397e-02 4.761241558339150692e-02
1.378297161936560933e+01 4.896556942718935379e-02 4.784173369749682853e-02
1.380968280467445730e+01 1.774032973175470804e-02 4.807215703098311615e-02
1.383639398998330527e+01 1.105598882521002801e-01 4.830369091055505826e-02
1.386310517529215325e+01 1.407187338938869492e-01 4.853634068858994621e-02
1.388981636060100122e+01 9.920147538366227979e-02 4.877011174326127685e-02
1.391652754590985097e+01 4.589661744377245695e-02 4.900500947866315987e-02
1.394323873121869894e+01 -7.467089984908414912e-02 4.924103932493524571e-02
1.396994991652754692e+01 7.231188307271251003e-02 4.947820673838815991e-02
1.399666110183639489e+01 1.123968906928988348e-01 4.971651720162983262e-02
1.402337228714524286e+01 1.044124957917522967e-01 4.995597622369202934e-02
1.405008347245409084e+01 3.337655086091848716e-02 5.019658934015779062e-02
1.407679465776293881e+01 5.469699103911463550e-02 5.043836211328942692e-02
1.410350584307178679e+01 -3.779545892647306199e-02 5.068130013215709634e-02
1.413021702838063476e+01 1.017897325466443070e-01 5.092540901276795817e-02
1.415692821368948273e+01 3.503589176530090554e-03 5.117069439819598581e-02
1.418363939899833071e+01 7.537039288956105809e-02 5.141716195871255668e-02
1.421035058430717868e+01 4.972208925152599157e-03 5.166481739191734757e-02
1.423706176961602665e+01 8.338513458987037441e-02 5.191366642287013888e-02
1.426377295492487463e+01 7.398856539944335953e-02 5.216371480422322959e-02
1.429048414023372260e+01 6.367483716707783570e-02 5.241496831635426151e-02
1.431719532554257057e+01 9.959238964205495426e-02 5.266743276749993874e-02
1.434390651085142032e+01 8.136652318854367683e-02 5.292111399389038545e-02
1.437061769616026830e+01 8.877454906666636114e-02 5.317601785988380209e-02
1.439732888146911627e+01 1.420941485664384968e-02 5.343215025810233582e-02
1.442404006677796424e+01 1.061486252674058994e-01 5.368951710956807594e-02
1.445075125208681222e+01 5.043699765168371818e-04 5.394812436384003457e-02
1.447746243739566019e+01 1.812103384475855783e-01 5.420797799915169635e-02
1.450417362270450816e+01 9.319817325330424784e-02 5.446908402254914405e-02
1.453088480801335614e+01 4.413969358811734023e-02 5.473144847002993363e-02
1.455759599332220411e+01 1.829299749502864489e-02 5.499507740668275330e-02
1.458430717863105208e+01 4.216349781109754447e-03 5.525997692682745044e-02
1.461101836393990006e+01 -2.240112933480371826e-03 5.552615315415602298e-02
1.463772954924874803e+01 1.512358721122313843e-01 5.579361224187412427e-02
1.466444073455759600e+01 -7.748847558699437088e-03 5.606236037284342832e-02
1.469115191986644398e+01 6.448920645833257359e-02 5.633240375972437680e-02
1.471786310517529195e+01 2.455319190571284352e-02 5.660374864511991816e-02
1.474457429048413992e+01 1.384664571955952495e-01 5.687640130171982972e-02
1.477128547579298790e+01 9.339674138781500767e-02 5.715036803244563646e-02
1.479799666110183765e+01 8.510505785979922966e-02 5.742565517059636249e-02
1.482470784641068562e+01 -6.311121648056805533e-03 5.770226907999497640e-02
1.485141903171953359e+01 1.247331352628409940e-01 5.798021615513541949e-02
1.487813021702838157e+01 4.980231474051990959e-02 5.825950282133052910e-02
1.490484140233722954e+01 -3.919436507038215334e-02 5.854013553486048932e-02
1.493155258764607751e+01 1.723303955758524394e-02 5.882212078312206577e-02
1.495826377295492549e+01 7.415794528893807080e-02 5.910546508477873551e-02
1.498497495826377346e+01 9.925400293818284481e-02 5.939017498991115002e-02
1.501168614357262143e+01 1.145147815194201418e-01 5.967625708016869451e-02
1.503839732888146941e+01 7.262705206323703810e-02 5.996371796892167177e-02
1.506510851419031738e+01 -2.765400123762633278e-02 6.025256430141404107e-02
1.509181969949916535e+01 8.984945752881644265e-02 6.054280275491712854e-02
1.511853088480801333e+01 -3.621289077387134653e-02 6.083444003888403145e-02
1.514524207011686130e+01 8.931340143957741673e-02 6.112748289510461230e-02
1.517195325542570927e+01 9.559062823033326328e-02 6.142193809786137410e-02
1.519866444073455725e+01 3.684020691732057401e-02 6.171781245408617528e-02
1.522537562604340700e+01 1.537113892844673563e-02 6.201511280351743732e-02
1.525208681135225497e+01 -2.741989858988611722e-02 6.231384601885826824e-02
1.527879799666110294e+01 2.408583361918015253e-02 6.261401900593550895e-02
1.530550918196995092e+01 8.594549297073697525e-02 6.291563870385916135e-02
1.533222036727879889e+01 4.112883705324361233e-02 6.321871208518292651e-02
1.535893155258764686e+01 1.379211423010364562e-02 6.352324615606541602e-02
1.538564273789649484e+01 8.004134411401662985e-02 6.382924795643195315e-02
1.541235392320534281e+01 2.828796725079315080e-02 6.413672456013745637e-02
1.543906510851419078e+01 3.245608465717809282e-02 6.444568307512998917e-02
1.546577629382303876e+01 9.178081934911355710e-02 6.475613064361493421e-02
1.549248747913188673e+01 9.821766513916857511e-02 6.506807444222018066e-02
1.551919866444073470e+01 1.178481251259329565e-01 6.538152168216210258e-02
1.554590984974958268e+01 1.563460141113591217e-01 6.569647960941209230e-02
1.557262103505843065e+01 4.466772654575432849e-02 6.601295550486419028e-02
1.559933222036727862e+01 4.154179196072780439e-02 6.633095668450342264e-02
1.562604340567612660e+01 4.470589564284453699e-02 6.665049049957477711e-02
1.565275459098497457e+01 6.849178788724562261e-03 6.697156433675321985e-02
1.567946577629382432e+01 5.289107114424587697e-02 6.729418561831461421e-02
1.570617696160267229e+01 8.245652270206219048e-02 6.761836180230698656e-02
1.573288814691152027e+01 -6.353041987976018601e-02 6.794410038272312435e-02
1.575959933222036824e+01 1.225464250732404836e-01 6.827140888967390964e-02
1.578631051752921621e+01 -9.986125965167493013e-03 6.860029488956216615e-02
1.581302170283806419e+01 1.209194440273039794e-02 6.893076598525767207e-02
1.583973288814691216e+01 9.396618519735711050e-02 6.926282981627301938e-02
1.586644407345576013e+01 -7.597493213764516806e-03 6.959649405894004215e-02
1.589315525876460811e+01 -2.334378520020654463e-02 6.993176642658734121e-02
1.591986644407345608e+01 -1.872036567369116805e-02 7.026865466971868313e-02
1.594657762938230405e+01 8.743831539437635358e-02 7.060716657619200975e-02
1.597328881469115203e+01 1.672012358944569566e-01 7.094730997139954420e-02
1.600000000000000000e+01 -2.791108481626183857e-03 7.128909271844878492e-02
