0.000000000000000000e+00 2.963324484969049322e-01 4.031999999999999994e-03
2.671118530884808093e-02 3.036647554088465761e-01 4.051278361594249505e-03
5.342237061769616185e-02 2.962671220557469010e-01 4.070649636994939403e-03
8.013355592654423931e-02 2.953208388651207827e-01 4.090114274008556892e-03
1.068447412353923237e-01 2.884589107560570631e-01 4.109672722599837583e-03
1.335559265442403942e-01 3.001486917256924736e-01 4.129325434902159087e-03
1.602671118530884786e-01 2.940826010306138438e-01 4.149072865227999667e-03
1.869782971619365630e-01 2.952343744911336554e-01 4.168915470079434180e-03
2.136894824707846474e-01 2.854295204088607707e-01 4.188853708158693338e-03
2.404006677796327318e-01 2.943799602977190677e-01 4.208888040378763740e-03
2.671118530884807885e-01 2.843121468498857607e-01 4.229018929874042536e-03
2.938230383973288729e-01 2.851403677136101211e-01 4.249246842011048485e-03
3.205342237061769572e-01 2.902138495137728258e-01 4.269572244399172031e-03
3.472454090150250416e-01 2.767404026022932118e-01 4.289995606901493043e-03
3.739565943238731260e-01 2.852096649270380868e-01 4.310517401645636709e-03
4.006677796327212104e-01 2.840158489146067944e-01 4.331138103034690157e-03
4.273789649415692948e-01 2.807937410430670355e-01 4.351858187758170238e-03
4.540901502504173792e-01 2.748668254729744742e-01 4.372678134803040760e-03
4.808013355592654636e-01 2.767200022332801379e-01 4.393598425464786961e-03
5.075125208681134925e-01 2.706853931878762665e-01 4.414619543358541155e-03
5.342237061769615769e-01 2.644471788935675582e-01 4.435741974430263898e-03
5.609348914858096613e-01 2.701267945145749416e-01 4.456966206967973715e-03
5.876460767946577457e-01 2.698535139093057311e-01 4.478292731613040152e-03
6.143572621035058301e-01 2.711017354618692199e-01 4.499722041371520195e-03
6.410684474123539145e-01 2.556766298940681970e-01 4.521254631625559739e-03
6.677796327212019989e-01 2.650406307712662723e-01 4.542891000144844496e-03
6.944908180300500833e-01 2.597620620630851085e-01 4.564631647098103817e-03
7.212020033388981677e-01 2.611822514317163613e-01 4.586477075064677826e-03
7.479131886477462521e-01 2.610698088168501574e-01 4.608427789046132261e-03
7.746243739565943365e-01 2.492732986689645269e-01 4.630484296477933165e-03
8.013355592654424209e-01 2.554125871980917339e-01 4.652647107241177950e-03
8.280467445742905053e-01 2.518503118716809430e-01 4.674916733674381979e-03
8.547579298831385897e-01 2.568553430222759171e-01 4.697293690585324123e-03
8.814691151919866741e-01 2.395455330834010688e-01 4.719778495262943498e-03
9.081803005008347585e-01 2.477265791202498402e-01 4.742371667489299510e-03
9.348914858096828429e-01 2.400305751800414777e-01 4.765073729551590892e-03
9.616026711185309273e-01 2.410861279295643811e-01 4.787885206254226776e-03
9.883138564273790116e-01 2.412346123524690689e-01 4.810806624930953276e-03
1.015025041736226985e+00 2.410593017587848996e-01 4.833838515457057269e-03
1.041736227045075180e+00 2.340839949238188444e-01 4.856981410261601399e-03
1.068447412353923154e+00 2.373239838137025937e-01 4.880235844339740614e-03
1.095158597662771349e+00 2.448043747224669109e-01 4.903602355265086407e-03
1.121869782971619323e+00 2.402435331951039699e-01 4.927081483202135244e-03
1.148580968280467518e+00 2.224658543558470647e-01 4.950673770918757703e-03
1.175292153589315491e+00 2.329868595931267050e-01 4.974379763798737926e-03
1.202003338898163687e+00 2.255909675360515398e-01 4.998200009854391127e-03
1.228714524207011660e+00 2.252822556899135020e-01 5.022135059739225339e-03
1.255425709515859856e+00 2.273814151865747035e-01 5.046185466760675156e-03
1.282136894824707829e+00 2.249908906203325620e-01 5.070351786892885772e-03
1.308848080133556024e+00 2.171560912238214014e-01 5.094634578789574222e-03
1.335559265442403998e+00 2.127101663745269711e-01 5.119034403796938332e-03
1.362270450751252193e+00 2.163692241619555312e-01 5.143551825966634176e-03
1.388981636060100167e+00 2.117465242371224798e-01 5.168187412068816870e-03
1.415692821368948362e+00 1.979421084852140134e-01 5.192941731605242063e-03
1.442404006677796335e+00 2.057523623169422167e-01 5.217815356822425553e-03
1.469115191986644531e+00 2.058889539331972551e-01 5.242808862724884431e-03
1.495826377295492504e+00 2.070942136677708101e-01 5.267922827088417255e-03
1.522537562604340700e+00 1.962074735644246393e-01 5.293157830473465761e-03
1.549248747913188673e+00 2.128267926898076978e-01 5.318514456238537282e-03
1.575959933222036868e+00 2.039012080263809257e-01 5.343993290553686153e-03
1.602671118530884842e+00 1.953732046643824327e-01 5.369594922414066239e-03
1.629382303839733037e+00 1.989612084624540478e-01 5.395319943653548514e-03
1.656093489148581011e+00 1.912710571304186979e-01 5.421168948958399354e-03
1.682804674457429206e+00 2.020695187062217790e-01 5.447142535881029958e-03
1.709515859766277179e+00 1.908449234996272004e-01 5.473241304853809081e-03
1.736227045075125153e+00 1.839011331405270011e-01 5.499465859202943424e-03
1.762938230383973348e+00 1.917552308944636963e-01 5.525816805162425682e-03
1.789649415692821321e+00 1.806211237241671097e-01 5.552294751888046768e-03
1.816360601001669517e+00 1.870412451623452710e-01 5.578900311471480904e-03
1.843071786310517490e+00 1.758385888107333594e-01 5.605634098954431419e-03
1.869782971619365686e+00 1.777098451543479563e-01 5.632496732342852017e-03
1.896494156928213659e+00 1.755950599682270519e-01 5.659488832621232222e-03
1.923205342237061855e+00 1.749372658001961678e-01 5.686611023766950483e-03
1.949916527545909828e+00 1.782258173105674692e-01 5.713863932764702731e-03
1.976627712854758023e+00 1.677808213628536327e-01 5.741248189620993397e-03
2.003338898163605997e+00 1.637850042296817021e-01 5.768764427378700148e-03
2.030050083472453970e+00 1.707760453239181020e-01 5.796413282131708880e-03
2.056761268781302388e+00 1.661792569945539921e-01 5.824195393039616371e-03
2.083472454090150361e+00 1.715510924700910100e-01 5.852111402342507519e-03
2.110183639398998334e+00 1.554927401536337905e-01 5.880161955375801108e-03
2.136894824707846308e+00 1.449236069416073580e-01 5.908347700585167561e-03
2.163606010016694725e+00 1.496432198714402195e-01 5.936669289541523023e-03
2.190317195325542698e+00 1.498273937446605586e-01 5.965127376956083291e-03
2.217028380634390672e+00 1.532775652177456316e-01 5.993722620695508818e-03
2.243739565943238645e+00 1.429868672600750346e-01 6.022455681797104360e-03
2.270450751252087063e+00 1.549470802853697704e-01 6.051327224484107960e-03
2.297161936560935036e+00 1.438394879261775394e-01 6.080337916181036313e-03
2.323873121869783009e+00 1.492127088631292064e-01 6.109488427529122939e-03
2.350584307178630983e+00 1.428731329740123568e-01 6.138779432401816200e-03
2.377295492487479400e+00 1.389111035862845289e-01 6.168211607920358851e-03
2.404006677796327374e+00 1.423296525413202396e-01 6.197785634469438719e-03
2.430717863105175347e+00 1.408356288333868500e-01 6.227502195712920907e-03
2.457429048414023320e+00 1.240990159316398833e-01 6.257361978609651994e-03
2.484140233722871738e+00 1.266618413877922122e-01 6.287365673429334487e-03
2.510851419031719711e+00 1.372524163703762179e-01 6.317513973768490616e-03
2.537562604340567685e+00 1.243709808293376740e-01 6.347807576566495517e-03
2.564273789649415658e+00 1.277750362471694046e-01 6.378247182121682402e-03
2.590984974958263631e+00 1.289474363535066392e-01 6.408833494107539670e-03
2.617696160267112049e+00 1.427018683210135030e-01 6.439567219588971346e-03
2.644407345575960022e+00 1.312499192326312680e-01 6.470449069038645105e-03
2.671118530884807996e+00 1.225420902118680433e-01 6.501479756353417509e-03
2.697829716193655969e+00 1.144394451523958606e-01 6.532659998870832090e-03
2.724540901502504386e+00 1.295897824053555691e-01 6.563990517385709378e-03
2.751252086811352360e+00 1.141256656258020225e-01 6.595472036166801118e-03
2.777963272120200333e+00 1.259864894920338374e-01 6.627105282973543357e-03
2.804674457429048307e+00 1.152874253183984177e-01 6.658890989072870255e-03
2.831385642737896724e+00 1.103048744289243377e-01 6.690829889256126768e-03
2.858096828046744697e+00 1.080570707487393395e-01 6.722922721856045523e-03
2.884808013355592671e+00 1.150234068713315988e-01 6.755170228763825169e-03
2.911519198664440644e+00 1.052970331232539886e-01 6.787573155446275514e-03
2.938230383973289062e+00 1.081112596829872929e-01 6.820132250963050272e-03
2.964941569282137035e+00 1.080307909909500180e-01 6.852848267983963938e-03
2.991652754590985008e+00 1.062410997176780475e-01 6.885721962806390199e-03
3.018363939899832982e+00 9.893370148672230024e-02 6.918754095372748811e-03
3.045075125208681399e+00 8.483890223930680430e-02 6.951945429288067940e-03
3.071786310517529373e+00 8.777322901376309605e-02 6.985296731837639314e-03
3.098497495826377346e+00 9.017731202995082906e-02 7.018808774004759235e-03
3.125208681135225319e+00 9.838412754411006433e-02 7.052482330488543324e-03
3.151919866444073737e+00 8.150594743648495455e-02 7.086318179721844482e-03
3.178631051752921710e+00 8.956062158355433678e-02 7.120317103889235028e-03
3.205342237061769683e+00 8.416512768137496270e-02 7.154479888945105073e-03
3.232053422370617657e+00 9.110415694367626771e-02 7.188807324631819005e-03
3.258764607679466074e+00 8.269438998117586981e-02 7.223300204497975184e-03
3.285475792988314048e+00 9.212991917519326723e-02 7.257959325916754113e-03
3.312186978297162021e+00 7.876680950400828662e-02 7.292785490104345542e-03
3.338898163606009994e+00 9.225047160616066388e-02 7.327779502138471839e-03
3.365609348914858412e+00 8.384399369709479022e-02 7.362942170977008517e-03
3.392320534223706385e+00 7.833274588715549713e-02 7.398274309476664604e-03
3.419031719532554359e+00 8.045069462905911351e-02 7.433776734411794845e-03
3.445742904841402332e+00 8.323689437148855397e-02 7.469450266493268299e-03
3.472454090150250305e+00 7.387717828058371072e-02 7.505295730387444471e-03
3.499165275459098723e+00 8.628582999448669577e-02 7.541313954735237059e-03
3.525876460767946696e+00 7.527123711608248169e-02 7.577505772171269638e-03
3.552587646076794670e+00 7.385060535415356731e-02 7.613872019343123285e-03
3.579298831385642643e+00 7.110450931611904390e-02 7.650413536930677876e-03
3.606010016694491060e+00 7.780874051471783903e-02 7.687131169665547062e-03
3.632721202003339034e+00 6.044438217111246237e-02 7.724025766350602583e-03
3.659432387312187007e+00 7.153811203334675684e-02 7.761098179879600927e-03
3.686143572621034981e+00 5.479936756596164721e-02 7.798349267256894125e-03
3.712854757929883398e+00 5.900410610411643830e-02 7.835779889617247237e-03
3.739565943238731371e+00 5.913591240070448923e-02 7.873390912245741696e-03
3.766277128547579345e+00 6.692790574529756953e-02 7.911183204597774937e-03
3.792988313856427318e+00 5.804728810423279844e-02 7.949157640319167578e-03
3.819699499165275736e+00 6.950328198813428282e-02 7.987315097266356467e-03
3.846410684474123709e+00 7.287060454070519444e-02 8.025656457526678805e-03
3.873121869782971682e+00 6.300631166394320137e-02 8.064182607438781167e-03
3.899833055091819656e+00 6.027344617608743071e-02 8.102894437613092707e-03
3.926544240400668073e+00 6.609338449261180359e-02 8.141792842952425002e-03
3.953255425709516047e+00 3.159713210170402020e-02 8.180878722672646486e-03
3.979966611018364020e+00 4.638889464538309415e-02 8.220152980323488720e-03
4.006677796327211993e+00 4.647469089107406082e-02 8.259616523809416855e-03
4.033388981636059967e+00 3.932186603797471064e-02 8.299270265410621517e-03
4.060100166944907940e+00 4.974455037510541050e-02 8.339115121804114780e-03
4.086811352253756802e+00 5.199086024531884148e-02 8.379152014084916347e-03
4.113522537562604775e+00 5.215660537007400788e-02 8.419381867787340337e-03
4.140233722871452748e+00 4.490102105954541650e-02 8.459805612906403510e-03
4.166944908180300722e+00 5.470322426974020408e-02 8.500424183919316756e-03
4.193656093489148695e+00 4.912618445777415521e-02 8.541238519807087606e-03
4.220367278797996669e+00 5.108001707797302920e-02 8.582249564076228562e-03
4.247078464106844642e+00 4.797585311143101605e-02 8.623458264780560836e-03
4.273789649415692615e+00 4.092075100084240080e-02 8.664865574543146459e-03
4.300500834724540589e+00 3.826636672835859176e-02 8.706472450578294983e-03
4.327212020033389450e+00 4.762592384778543964e-02 8.748279854713696818e-03
4.353923205342237424e+00 2.826818801941607950e-02 8.790288753412658918e-03
4.380634390651085397e+00 2.542679625655858838e-02 8.832500117796442812e-03
4.407345575959933370e+00 4.596217347142690646e-02 8.874914923666720606e-03
4.434056761268781344e+00 3.768283433737928956e-02 8.917534151528128117e-03
4.460767946577629317e+00 3.045631163213392834e-02 8.960358786610932505e-03
4.487479131886477290e+00 3.959731981747686980e-02 9.003389818893800522e-03
4.514190317195325264e+00 3.380916681045901401e-02 9.046628243126703800e-03
4.540901502504174125e+00 2.770841447110745925e-02 9.090075058853886586e-03
4.567612687813022099e+00 2.800085276140913335e-02 9.133731270436996549e-03
4.594323873121870072e+00 4.087744998956650833e-02 9.177597887078290176e-03
4.621035058430718045e+00 2.960814703542533760e-02 9.221675922843964798e-03
4.647746243739566019e+00 3.314689906217990756e-02 9.265966396687603385e-03
4.674457429048413992e+00 3.023038913343996381e-02 9.310470332473725144e-03
4.701168614357261966e+00 3.769441982317119078e-02 9.355188759001462767e-03
4.727879799666109939e+00 2.080686743847320885e-02 9.400122710028329873e-03
4.754590984974958801e+00 1.281579879958730586e-02 9.445273224294139375e-03
4.781302170283806774e+00 2.980580571031203954e-02 9.490641345544989504e-03
4.808013355592654747e+00 3.621900183376257354e-02 9.536228122557425038e-03
4.834724540901502721e+00 2.378478096885427301e-02 9.582034609162648833e-03
4.861435726210350694e+00 2.269725603987506057e-02 9.628061864270906836e-03
4.888146911519198667e+00 2.578236132018201648e-02 9.674310951895958091e-03
4.914858096828046641e+00 2.460578402107369000e-02 9.720782941179669651e-03
4.941569282136894614e+00 3.290355619435573337e-02 9.767478906416732914e-03
4.968280467445743476e+00 2.096977800659926422e-02 9.814399927079506605e-03
4.994991652754591449e+00 1.879923558336902070e-02 9.861547087842956888e-03
5.021702838063439422e+00 7.946927412795949663e-03 9.908921478609741471e-03
5.048414023372287396e+00 2.080235939003073284e-02 9.956524194535402994e-03
5.075125208681135369e+00 1.631229100261740242e-02 1.000435633605368559e-02
5.101836393989983343e+00 4.556272230176214993e-03 1.005241900890197285e-02
5.128547579298831316e+00 2.020867614936440113e-02 1.010071332414684900e-02
5.155258764607679289e+00 4.420980099126005716e-03 1.014924039820978494e-02
5.181969949916527263e+00 1.223553152225208968e-02 1.019800135289294397e-02
5.208681135225376124e+00 2.034817024891165740e-02 1.024699731540511943e-02
5.235392320534224098e+00 -2.143515271145979284e-03 1.029622941838778498e-02
5.262103505843072071e+00 1.950290725386847820e-02 1.034569879994128895e-02
5.288814691151920044e+00 9.538490542743825740e-03 1.039540660365115103e-02
5.315525876460768018e+00 -8.947181831220597792e-03 1.044535397861450637e-02
5.342237061769615991e+00 8.260802839920776408e-03 1.049554207946666595e-02
5.368948247078463964e+00 1.386475982347539979e-03 1.054597206640781916e-02
5.395659432387311938e+00 2.443906499997651471e-02 1.059664510522983008e-02
5.422370617696160799e+00 1.257954619081685411e-02 1.064756236734321765e-02
5.449081803005008773e+00 1.641370249605294054e-02 1.069872502980420519e-02
5.475792988313856746e+00 1.323060779982894279e-02 1.075013427534195383e-02
5.502504173622704720e+00 3.303320108438120850e-02 1.080179129238589483e-02
5.529215358931552693e+00 4.492563759114755195e-03 1.085369727509319891e-02
5.555926544240400666e+00 2.090278172174654323e-02 1.090585342337638784e-02
5.582637729549248640e+00 1.232639890003828578e-02 1.095826094293106401e-02
5.609348914858096613e+00 4.582641476611831743e-02 1.101092104526380129e-02
5.636060100166945475e+00 5.400067864149052377e-03 1.106383494772013310e-02
5.662771285475793448e+00 1.604690156609712287e-02 1.111700387351268783e-02
5.689482470784641421e+00 6.196146096531104756e-03 1.117042905174949613e-02
5.716193656093489395e+00 8.657784376314842101e-03 1.122411171746237786e-02
5.742904841402337368e+00 6.296099535420488641e-04 1.127805311163549568e-02
5.769616026711185341e+00 3.599852100234809948e-02 1.133225448123405601e-02
5.796327212020033315e+00 1.448199971793784520e-02 1.138671707923312459e-02
5.823038397328881288e+00 2.068965956913166801e-02 1.144144216464658935e-02
5.849749582637730150e+00 1.621805102005600963e-02 1.149643100255627257e-02
5.876460767946578123e+00 3.783277930769155147e-03 1.155168486414117311e-02
5.903171953255426097e+00 8.802961563347833432e-03 1.160720502670685439e-02
5.929883138564274070e+00 -4.116615832453919717e-03 1.166299277371496065e-02
5.956594323873122043e+00 9.831599957007670920e-03 1.171904939481290681e-02
5.983305509181970017e+00 2.366963034884201483e-02 1.177537618586367053e-02
6.010016694490817990e+00 1.197336234802503542e-02 1.183197444897576486e-02
6.036727879799665963e+00 1.680244364974013346e-02 1.188884549253333041e-02
6.063439065108513937e+00 -1.122395727541366552e-02 1.194599063122638201e-02
6.090150250417362798e+00 -8.678092227734818948e-03 1.200341118608120455e-02
6.116861435726210772e+00 2.291286935577780196e-02 1.206110848449088238e-02
6.143572621035058745e+00 1.411186539229514897e-02 1.211908386024600041e-02
6.170283806343906718e+00 1.210608515270179993e-02 1.217733865356545805e-02
6.196994991652754692e+00 1.554559573717695029e-02 1.223587421112747042e-02
6.223706176961602665e+00 1.740134710508138560e-02 1.229469188610068410e-02
6.250417362270450639e+00 1.891693580952077090e-03 1.235379303817546459e-02
6.277128547579298612e+00 1.703735090131910240e-03 1.241317903359532952e-02
6.303839732888147473e+00 1.824582274779072699e-02 1.247285124518852754e-02
6.330550918196995447e+00 1.432610662378240932e-02 1.253281105239978203e-02
6.357262103505843420e+00 -2.372088147424024004e-03 1.259305984132216838e-02
6.383973288814691394e+00 -2.933842115821371464e-03 1.265359900472917340e-02
6.410684474123539367e+00 6.038429196002745823e-03 1.271442994210686926e-02
6.437395659432387340e+00 -4.467558846352041348e-03 1.277555405968628863e-02
6.464106844741235314e+00 6.427170222959965873e-03 1.283697277047591429e-02
6.490818030050083287e+00 1.838063494510759188e-03 1.289868749429435094e-02
6.517529215358932149e+00 6.136398229501020124e-03 1.296069965780315657e-02
6.544240400667780122e+00 8.793812269128419012e-03 1.302301069453980220e-02
6.570951585976628095e+00 -2.625034114367907900e-02 1.308562204495082593e-02
6.597662771285476069e+00 -6.008420048450710885e-03 1.314853515642513265e-02
6.624373956594324042e+00 -1.869218521949117355e-03 1.321175148332744652e-02
6.651085141903172016e+00 1.087814282364176453e-02 1.327527248703192983e-02
6.677796327212019989e+00 -5.015474780398294398e-03 1.333909963595597201e-02
6.704507512520867962e+00 2.114119423046980847e-02 1.340323440559414159e-02
6.731218697829716824e+00 -1.618837748099407475e-02 1.346767827855227008e-02
6.757929883138564797e+00 3.633843676838504396e-03 1.353243274458175265e-02
6.784641068447412771e+00 1.386234808745345770e-02 1.359749930061397716e-02
6.811352253756260744e+00 -2.201959148977589674e-03 1.366287945079491979e-02
6.838063439065108717e+00 -3.542468835954478389e-03 1.372857470651993317e-02
6.864774624373956691e+00 -6.375612263637353387e-03 1.379458658646866981e-02
6.891485809682804664e+00 4.676015612384530618e-03 1.386091661664019641e-02
6.918196994991652637e+00 -6.741759355525950639e-03 1.392756633038827463e-02
6.944908180300500611e+00 3.111818023418171184e-03 1.399453726845680153e-02
6.971619365609349472e+00 5.632631577478119933e-03 1.406183097901542688e-02
6.998330550918197446e+00 2.838288061620258818e-04 1.412944901769534224e-02
7.025041736227045419e+00 1.525468060681898184e-02 1.419739294762525049e-02
7.051752921535893393e+00 -1.806320636081553202e-02 1.426566433946748792e-02
7.078464106844741366e+00 8.081920153782434085e-03 1.433426477145434419e-02
7.105175292153589339e+00 2.074463648265146079e-02 1.440319582942454352e-02
7.131886477462437313e+00 9.487476555864926900e-03 1.447245910685989595e-02
7.158597662771285286e+00 3.006574618603147144e-03 1.454205620492214981e-02
7.185308848080134148e+00 2.953123884009923195e-03 1.461198873248999511e-02
7.212020033388982121e+00 1.776092229866406413e-02 1.468225830619625423e-02
7.238731218697830094e+00 -4.633888723888125727e-03 1.475286655046525487e-02
7.265442404006678068e+00 3.108350634607413149e-02 1.482381509755039371e-02
7.292153589315526041e+00 -1.576680357485431283e-02 1.489510558757185972e-02
7.318864774624374014e+00 -4.852530248157469264e-03 1.496673966855453786e-02
7.345575959933221988e+00 -2.761775614027375120e-03 1.503871899646613483e-02
7.372287145242069961e+00 -8.499525820887803007e-03 1.511104523525542455e-02
7.398998330550918823e+00 -3.290444702368730025e-03 1.518372005689075203e-02
7.425709515859766796e+00 -1.999052540525065452e-02 1.525674514139864664e-02
7.452420701168614769e+00 9.993699760555299280e-03 1.533012217690269373e-02
7.479131886477462743e+00 3.371428170881322905e-02 1.540385285966252432e-02
7.505843071786310716e+00 -3.504886916442223783e-03 1.547793889411306668e-02
7.532554257095158690e+00 5.608727751834317876e-06 1.555238199290391761e-02
7.559265442404006663e+00 6.969114216431588141e-03 1.562718387693893748e-02
7.585976627712854636e+00 8.891371586858373872e-04 1.570234627541604311e-02
7.612687813021703498e+00 -2.419578104637858801e-02 1.577787092586719481e-02
7.639398998330551471e+00 1.681842845303748672e-03 1.585375957419850323e-02
7.666110183639399445e+00 1.182105023666326152e-02 1.593001397473067099e-02
7.692821368948247418e+00 4.871554138598041192e-03 1.600663589023949840e-02
7.719532554257095391e+00 -4.304279777406893465e-03 1.608362709199662177e-02
7.746243739565943365e+00 1.181712030535055080e-02 1.616098935981051185e-02
7.772954924874791338e+00 9.688381107016719521e-03 1.623872448206757288e-02
7.799666110183639312e+00 -1.527251784632028056e-02 1.631683425577349147e-02
7.826377295492487285e+00 -1.561340232342909792e-02 1.639532048659479366e-02
7.853088480801336146e+00 -1.416968869698696093e-02 1.647418498890059271e-02
7.879799666110184120e+00 3.178750766150800766e-02 1.655342958580447929e-02
7.906510851419032093e+00 8.772361037389079033e-03 1.663305610920674804e-02
7.933222036727880067e+00 2.750737828497130597e-02 1.671306639983667630e-02
7.959933222036728040e+00 -4.879229422537698091e-03 1.679346230729511155e-02
7.986644407345576013e+00 -9.821970805243170066e-03 1.687424569009721501e-02
8.013355592654423987e+00 -3.845481985622627337e-03 1.695541841571543765e-02
8.040066777963271960e+00 4.862765620830656645e-03 1.703698236062267321e-02
8.066777963272119933e+00 1.687953232761459695e-03 1.711893941033565056e-02
8.093489148580967907e+00 -1.463932609752861304e-03 1.720129145945852381e-02
8.120200333889815880e+00 -1.849036140067345652e-02 1.728404041172664635e-02
8.146911519198663854e+00 9.253291058724190735e-03 1.736718818005061546e-02
8.173622704507513603e+00 1.222998978399917822e-02 1.745073668656046614e-02
8.200333889816361577e+00 -8.511145847756603974e-03 1.753468786265010085e-02
8.227045075125209550e+00 8.592556114586124769e-03 1.761904364902196207e-02
8.253756260434057523e+00 -1.798921318205240830e-02 1.770380599573188538e-02
8.280467445742905497e+00 1.612458689714217283e-02 1.778897686223417096e-02
8.307178631051753470e+00 1.072318471234243696e-02 1.787455821742688772e-02
8.333889816360601444e+00 -5.896492759115157592e-03 1.796055203969738542e-02
8.360601001669449417e+00 1.741070005601782003e-03 1.804696031696803940e-02
8.387312186978297390e+00 -5.023415471298336987e-03 1.813378504674217906e-02
8.414023372287145364e+00 3.374574288091160973e-02 1.822102823615030440e-02
8.440734557595993337e+00 -1.759909540295007471e-02 1.830869190199643087e-02
8.467445742904841310e+00 1.293680190606729882e-02 1.839677807080477429e-02
8.494156928213689284e+00 2.360270616965994689e-02 1.848528877886655361e-02
8.520868113522537257e+00 2.208945709806133667e-02 1.857422607228707834e-02
8.547579298831385231e+00 -1.141644984062407595e-02 1.866359200703304397e-02
8.574290484140233204e+00 -3.761347869972664175e-03 1.875338864898007385e-02
8.601001669449081177e+00 2.691284196047292326e-02 1.884361807396045183e-02
8.627712854757930927e+00 3.739758205015147885e-02 1.893428236781113938e-02
8.654424040066778900e+00 -9.315619632203540196e-03 1.902538362642195585e-02
8.681135225375626874e+00 1.588583123030432726e-02 1.911692395578407436e-02
8.707846410684474847e+00 2.028182722785592737e-02 1.920890547203866344e-02
8.734557595993322821e+00 -1.423690341820435523e-02 1.930133030152583751e-02
8.761268781302170794e+00 -5.477696714571529332e-03 1.939420058083380152e-02
8.787979966611018767e+00 2.032045062577214276e-02 1.948751845684822473e-02
8.814691151919866741e+00 -2.001740293465446852e-02 1.958128608680190230e-02
8.841402337228714714e+00 -1.134394858765098817e-02 1.967550563832460436e-02
8.868113522537562687e+00 2.485320317144635444e-02 1.977017928949317827e-02
8.894824707846410661e+00 4.210836373013669351e-03 1.986530922888192149e-02
8.921535893155258634e+00 1.635919754542166857e-02 1.996089765561315926e-02
8.948247078464106607e+00 3.055326997192676919e-02 2.005694677940808232e-02
8.974958263772954581e+00 1.452237966343684905e-02 2.015345882063784150e-02
9.001669449081802554e+00 -7.693711675677420911e-03 2.025043601037485735e-02
9.028380634390650528e+00 1.362264670556306845e-03 2.034788059044440392e-02
9.055091819699500277e+00 1.921008092092061498e-02 2.044579481347645611e-02
9.081803005008348251e+00 -1.766533956900124408e-02 2.054418094295771061e-02
9.108514190317196224e+00 1.092062934819506420e-02 2.064304125328396411e-02
9.135225375626044197e+00 7.185980989406447195e-03 2.074237802981266851e-02
9.161936560934892171e+00 2.500965620450795734e-02 2.084219356891574629e-02
9.188647746243740144e+00 3.895786767313631077e-03 2.094249017803272161e-02
9.215358931552588118e+00 3.798060798035310381e-02 2.104327017572399719e-02
9.242070116861436091e+00 -1.140959216973041861e-02 2.114453589172451964e-02
9.268781302170284064e+00 -4.996832545908171108e-02 2.124628966699757676e-02
9.295492487479132038e+00 2.365460762748257395e-02 2.134853385378895907e-02
9.322203672787980011e+00 -2.319157251198774444e-02 2.145127081568131214e-02
9.348914858096827984e+00 -1.339396100943941910e-02 2.155450292764877346e-02
9.375626043405675958e+00 1.808769368783984602e-02 2.165823257611190072e-02
9.402337228714523931e+00 8.182171047703811623e-03 2.176246215899280828e-02
9.429048414023371905e+00 1.716444737420758787e-02 2.186719408577060889e-02
9.455759599332219878e+00 4.294611078181229807e-02 2.197243077753713650e-02
9.482470784641067851e+00 4.127246604162576604e-02 2.207817466705287723e-02
9.509181969949917601e+00 2.211978101534070942e-02 2.218442819880324379e-02
9.535893155258765574e+00 1.678109375872108983e-02 2.229119382905503724e-02
9.562604340567613548e+00 -7.847380397950642211e-03 2.239847402591328696e-02
9.589315525876461521e+00 -3.175908417343047130e-03 2.250627126937827446e-02
9.616026711185309495e+00 3.065313791499878204e-02 2.261458805140285563e-02
9.642737896494157468e+00 1.204775449186124003e-02 2.272342687595008473e-02
9.669449081803005441e+00 -7.770372234054238880e-03 2.283279025905109866e-02
9.696160267111853415e+00 -1.146204257063910756e-02 2.294268072886325102e-02
9.722871452420701388e+00 1.192957093768394483e-02 2.305310082572860700e-02
9.749582637729549361e+00 1.139852503323863717e-02 2.316405310223262903e-02
9.776293823038397335e+00 4.026262658376410231e-02 2.327554012326318172e-02
9.803005008347245308e+00 -6.311725008737490566e-03 2.338756446606986630e-02
9.829716193656093282e+00 8.047295945132907150e-03 2.350012872032353900e-02
9.856427378964941255e+00 2.370693436066202697e-02 2.361323548817623533e-02
9.883138564273789228e+00 5.317249653185385921e-02 2.372688738432128866e-02
9.909849749582637202e+00 3.521840931068156988e-02 2.384108703605377841e-02
9.936560934891486951e+00 -1.946240312402111941e-02 2.395583708333128697e-02
9.963272120200334925e+00 8.265020722996122698e-04 2.407114017883487875e-02
9.989983305509182898e+00 2.176033752126630555e-02 2.418699898803048504e-02
1.001669449081803087e+01 4.035870602926475148e-02 2.430341618923048327e-02
1.004340567612687884e+01 -3.610631302979646143e-03 2.442039447365560931e-02
1.007011686143572682e+01 9.281767275748085619e-03 2.453793654549719233e-02
1.009682804674457479e+01 -8.995973790699579586e-03 2.465604512197965004e-02
1.012353923205342277e+01 3.150251906888324599e-03 2.477472293342330642e-02
1.015025041736227074e+01 3.987334804000457894e-02 2.489397272330752531e-02
1.017696160267111871e+01 1.720715105742022522e-02 2.501379724833409715e-02
1.020367278797996669e+01 3.969542438307603616e-02 2.513419927849099705e-02
1.023038397328881466e+01 1.045165969177892611e-02 2.525518159711641689e-02
1.025709515859766263e+01 -1.789834879744565607e-02 2.537674700096307148e-02
1.028380634390651061e+01 2.789923610908823237e-02 2.549889830026290036e-02
1.031051752921535858e+01 4.322799906645648227e-02 2.562163831879201575e-02
1.033722871452420655e+01 2.245537548200219474e-02 2.574496989393594906e-02
1.036393989983305453e+01 2.876756314808513737e-02 2.586889587675528582e-02
1.039065108514190428e+01 6.941317379238100271e-02 2.599341913205156090e-02
1.041736227045075225e+01 1.230998600351625345e-02 2.611854253843345214e-02
1.044407345575960022e+01 -2.048867556838267906e-02 2.624426898838337283e-02
1.047078464106844820e+01 1.717741005079113231e-02 2.637060138832431760e-02
1.049749582637729617e+01 2.020125648783945016e-02 2.649754265868704828e-02
1.052420701168614414e+01 1.904458733992252240e-02 2.662509573397759885e-02
1.055091819699499212e+01 -1.133882047480198538e-02 2.675326356284512402e-02
1.057762938230384009e+01 4.134224525440887560e-02 2.688204910815007037e-02
1.060434056761268806e+01 3.530777381109349161e-02 2.701145534703263892e-02
1.063105175292153604e+01 4.459582500721405440e-02 2.714148527098164329e-02
1.065776293823038401e+01 1.129971390484209651e-03 2.727214188590363492e-02
1.068447412353923198e+01 2.199098986709154338e-02 2.740342821219240652e-02
1.071118530884807996e+01 -7.902741768856360108e-03 2.753534728479883203e-02
1.073789649415692793e+01 -5.202944884667159986e-04 2.766790215330097377e-02
1.076460767946577590e+01 3.457473000327374035e-02 2.780109588197463011e-02
1.079131886477462388e+01 5.998883611767168167e-04 2.793493154986415733e-02
1.081803005008347363e+01 -3.400886579289883610e-02 2.806941225085362798e-02
1.084474123539232160e+01 1.247411692645155994e-02 2.820454109373838128e-02
1.087145242070116957e+01 -2.168818839376303320e-02 2.834032120229686494e-02
1.089816360601001755e+01 -9.436146104842937574e-03 2.847675571536287947e-02
1.092487479131886552e+01 -2.870122907316957628e-02 2.861384778689809311e-02
1.095158597662771349e+01 2.452010431067326232e-02 2.875160058606499730e-02
1.097829716193656147e+01 2.087837463094496110e-02 2.889001729730014331e-02
1.100500834724540944e+01 -1.027292837771307150e-02 2.902910112038775345e-02
1.103171953255425741e+01 1.805863523521872988e-02 2.916885527053371743e-02
1.105843071786310539e+01 1.286130864940036866e-02 2.930928297843988714e-02
1.108514190317195336e+01 1.797982178809445775e-02 2.945038749037876685e-02
1.111185308848080133e+01 2.901530351832042054e-03 2.959217206826858862e-02
1.113856427378964931e+01 6.233818104772814728e-02 2.973463998974865824e-02
1.116527545909849728e+01 -1.418486710929199243e-02 2.987779454825521125e-02
1.119198664440734525e+01 2.233982837049128256e-02 3.002163905309744932e-02
1.121869782971619323e+01 2.694771988478025446e-03 3.016617682953410054e-02
1.124540901502504120e+01 5.653353546928087392e-02 3.031141121885030584e-02
1.127212020033389095e+01 -1.444151321307927602e-03 3.045734557843481766e-02
1.129883138564273892e+01 -5.917903564525804627e-02 3.060398328185757327e-02
1.132554257095158690e+01 5.488109486688969030e-02 3.075132771894782679e-02
1.135225375626043487e+01 5.330071937392887038e-02 3.089938229587236435e-02
1.137896494156928284e+01 4.938936156947919959e-02 3.104815043521429521e-02
1.140567612687813082e+01 1.076353118634860474e-02 3.119763557605222462e-02
1.143238731218697879e+01 -7.055773875203895026e-03 3.134784117403966591e-02
1.145909849749582676e+01 3.689445220291525523e-02 3.149877070148496272e-02
1.148580968280467474e+01 5.950447288679284324e-02 3.165042764743160320e-02
1.151252086811352271e+01 -8.529425063311958308e-03 3.180281551773880833e-02
1.153923205342237068e+01 4.105912181544307815e-02 3.195593783516259556e-02
1.156594323873121866e+01 3.254330761629281588e-02 3.210979813943724837e-02
1.159265442404006663e+01 -9.807807413839936261e-03 3.226439998735710496e-02
1.161936560934891460e+01 6.833473427803862799e-02 3.241974695285878422e-02
1.164607679465776258e+01 2.210830020643806543e-02 3.257584262710385564e-02
1.167278797996661055e+01 9.977628398305592172e-02 3.273269061856176609e-02
1.169949916527546030e+01 -1.828141096154325962e-03 3.289029455309335631e-02
1.172621035058430827e+01 -2.185434255555826488e-03 3.304865807403458561e-02
1.175292153589315625e+01 7.628096076313337082e-02 3.320778484228081168e-02
1.177963272120200422e+01 2.551594807167113788e-02 3.336767853637143816e-02
1.180634390651085219e+01 -3.189229826393520650e-02 3.352834285257490221e-02
1.183305509181970017e+01 2.733473435669273033e-02 3.368978150497412699e-02
1.185976627712854814e+01 3.223849657842789429e-02 3.385199822555239740e-02
1.188647746243739611e+01 5.471132277425527768e-02 3.401499676427967300e-02
1.191318864774624409e+01 4.527169920625027932e-02 3.417878088919918539e-02
1.193989983305509206e+01 1.315811030181915885e-02 3.434335438651456990e-02
1.196661101836394003e+01 2.599059211583074763e-02 3.450872106067748996e-02
1.199332220367278801e+01 3.849508074160842841e-02 3.467488473447544878e-02
1.202003338898163598e+01 4.565221158852393601e-02 3.484184924912021863e-02
1.204674457429048395e+01 1.034065336378978128e-02 3.500961846433668645e-02
1.207345575959933193e+01 1.154094559633079935e-02 3.517819625845198389e-02
1.210016694490817990e+01 -2.098391683845274996e-02 3.534758652848519339e-02
1.212687813021702787e+01 1.130904120602235600e-02 3.551779319023749132e-02
1.215358931552587762e+01 1.816685048418041626e-02 3.568882017838253401e-02
1.218030050083472560e+01 2.032106444394175468e-02 3.586067144655753075e-02
1.220701168614357357e+01 3.167606900200255898e-02 3.603335096745461513e-02
1.223372287145242154e+01 -2.210745116494273327e-02 3.620686273291262580e-02
1.226043405676126952e+01 3.698024855627456142e-02 3.638121075400949089e-02
1.228714524207011749e+01 -3.324387345227125534e-02 3.655639906115483451e-02
1.231385642737896546e+01 3.702296369330307368e-02 3.673243170418322850e-02
1.234056761268781344e+01 1.362617070056262869e-04 3.690931275244780513e-02
1.236727879799666141e+01 2.106425454936830879e-02 3.708704629491428595e-02
1.239398998330550938e+01 -5.854401930455750691e-02 3.726563644025553818e-02
1.242070116861435736e+01 -1.572263147707809311e-02 3.744508731694655423e-02
1.244741235392320533e+01 7.193091719319211208e-02 3.762540307335988932e-02
1.247412353923205330e+01 -1.228384829079767065e-01 3.780658787786154301e-02
1.250083472454090128e+01 6.216347810598131518e-02 3.798864591890733361e-02
1.252754590984974925e+01 9.255552734846962670e-02 3.817158140513973730e-02
1.255425709515859722e+01 -4.792175631689005177e-02 3.835539856548513676e-02
1.258096828046744697e+01 4.478054826158442414e-02 3.854010164925163184e-02
1.260767946577629495e+01 -1.106194998769304862e-02 3.872569492622723181e-02
1.263439065108514292e+01 -3.352451522756609570e-02 3.891218268677857500e-02
1.266110183639399089e+01 2.803748399739541819e-02 3.909956924195012035e-02
1.268781302170283887e+01 5.735223040237892589e-02 3.928785892356380371e-02
1.271452420701168684e+01 5.704730592343974782e-02 3.947705608431911761e-02
1.274123539232053481e+01 8.566632743811312956e-02 3.966716509789386391e-02
1.276794657762938279e+01 3.704008954945536662e-03 3.985819035904511476e-02
1.279465776293823076e+01 4.378147899091285739e-02 4.005013628371087431e-02
1.282136894824707873e+01 8.315566405397416955e-03 4.024300730911221230e-02
1.284808013355592671e+01 4.480120711514593013e-02 4.043680789385573765e-02
1.287479131886477468e+01 -4.134501452673581406e-02 4.063154251803670347e-02
1.290150250417362265e+01 5.318533351453508078e-03 4.082721568334266721e-02
1.292821368948247063e+01 7.923409010408120901e-02 4.102383191315739364e-02
1.295492487479131860e+01 -1.609248315471249052e-02 4.122139575266551420e-02
1.298163606010016657e+01 2.228535341888380344e-02 4.141991176895765819e-02
1.300834724540901455e+01 4.808359290808787712e-02 4.161938455113587537e-02
1.303505843071786430e+01 -3.470753230924768923e-03 4.181981871041985654e-02
1.306176961602671227e+01 -2.685153677876896822e-02 4.202121888025346641e-02
1.308848080133556024e+01 -8.737178626466529652e-02 4.222358971641187314e-02
1.311519198664440822e+01 -3.670027874499819098e-03 4.242693589710917063e-02
1.314190317195325619e+01 -7.515235533766413331e-03 4.263126212310654889e-02
1.316861435726210416e+01 -2.366628679094155002e-03 4.283657311782092247e-02
1.319532554257095214e+01 1.725797527332476045e-02 4.304287362743411394e-02
1.322203672787980011e+01 1.476921532909786228e-01 4.325016842100268266e-02
1.324874791318864808e+01 2.201130516899707859e-03 4.345846229056800347e-02
1.327545909849749606e+01 1.432017053996637729e-02 4.366776005126714322e-02
1.330217028380634403e+01 3.297406201554761718e-02 4.387806654144420920e-02
1.332888146911519200e+01 -5.725560467733729897e-02 4.408938662276208620e-02
1.335559265442403998e+01 7.267543565222765733e-03 4.430172518031488815e-02
1.338230383973288795e+01 -3.049340383946920127e-02 4.451508712274093726e-02
1.340901502504173592e+01 -5.743395256606840041e-03 4.472947738233611775e-02
1.343572621035058390e+01 6.171976996284430847e-03 4.494490091516797209e-02
1.346243739565943365e+01 3.024992705075162450e-02 4.516136270119032459e-02
1.348914858096828162e+01 -1.192238932875121574e-02 4.537886774435822418e-02
1.351585976627712959e+01 -2.758726441003565150e-02 4.559742107274379619e-02
1.354257095158597757e+01 -3.126615221855119642e-02 4.581702773865244799e-02
1.356928213689482554e+01 -1.658777151149181533e-02 4.603769281873958119e-02
1.359599332220367351e+01 -6.142885023234435221e-02 4.625942141412796998e-02
1.362270450751252149e+01 1.690196481744552989e-02 4.648221865052580559e-02
1.364941569282136946e+01 2.683860813604223641e-02 4.670608967834501135e-02
1.367612687813021743e+01 5.062795490004683846e-02 4.693103967282038352e-02
1.370283806343906541e+01 -1.419831273584831917e-02 4.715707383412931497e-02
1.372954924874791338e+01 -2.806056065874902236e-02 4.738419738751183108e-02
1.375626043405676135e+01 -4.219739108404714500e-02 4.761241558339150692e-02
1.378297161936560933e+01 1.549608441947951942e-01 4.784173369749682853e-02
1.380968280467445730e+01 -7.293958552653161120e-02 4.807215703098311615e-02
1.383639398998330527e+01 7.426686289705392019e-02 4.830369091055505826e-02
1.386310517529215325e+01 7.590891736879004648e-02 4.853634068858994621e-02
1.388981636060100122e+01 1.085650778986729792e-01 4.877011174326127685e-02
1.391652754590985097e+01 5.273165241375511042e-02 4.900500947866315987e-02
1.394323873121869894e+01 -4.690668158289196948e-02 4.924103932493524571e-02
1.396994991652754692e+01 5.779054953908865574e-03 4.947820673838815991e-02
1.399666110183639489e+01 9.764157505520038027e-04 4.971651720162983262e-02
1.402337228714524286e+01 1.154435554573593481e-01 4.995597622369202934e-02
1.405008347245409084e+01 -2.738737174540688962e-02 5.019658934015779062e-02
1.407679465776293881e+01 5.653904869721910337e-02 5.043836211328942692e-02
1.410350584307178679e+01 -3.135005312250793708e-02 5.068130013215709634e-02
1.413021702838063476e+01 -8.260319875848576299e-02 5.092540901276795817e-02
1.415692821368948273e+01 -3.100665498610393617e-02 5.117069439819598581e-02
1.418363939899833071e+01 -3.499629666607961820e-02 5.141716195871255668e-02
1.421035058430717868e+01 1.206526111006155089e-02 5.166481739191734757e-02
1.423706176961602665e+01 -6.313320094844750152e-02 5.191366642287013888e-02
1.426377295492487463e+01 3.294882218713360289e-02 5.216371480422322959e-02
1.429048414023372260e+01 5.772151789927373183e-03 5.241496831635426151e-02
1.431719532554257057e+01 1.024924511475889671e-01 5.266743276749993874e-02
1.434390651085142032e+01 -5.125453454109903800e-02 5.292111399389038545e-02
1.437061769616026830e+01 -5.875105796947234157e-03 5.317601785988380209e-02
1.439732888146911627e+01 -1.691604257730845023e-02 5.343215025810233582e-02
1.442404006677796424e+01 -2.929458946405334024e-02 5.368951710956807594e-02
1.445075125208681222e+01 -1.135630342558299061e-01 5.394812436384003457e-02
1.447746243739566019e+01 1.387571430789620308e-01 5.420797799915169635e-02
1.450417362270450816e+01 -7.401520175306505744e-02 5.446908402254914405e-02
1.453088480801335614e+01 5.356046031750957837e-02 5.473144847002993363e-02
1.455759599332220411e+01 1.099836234374154814e-01 5.499507740668275330e-02
1.458430717863105208e+01 -1.329664044064764183e-02 5.525997692682745044e-02
1.461101836393990006e+01 7.265228139060703194e-02 5.552615315415602298e-02
1.463772954924874803e+01 1.625753714532720065e-02 5.579361224187412427e-02
1.466444073455759600e+01 3.124249109011988795e-02 5.606236037284342832e-02
1.469115191986644398e+01 1.697966979712395644e-02 5.633240375972437680e-02
1.471786310517529195e+01 -3.427619304034194847e-02 5.660374864511991816e-02
1.474457429048413992e+01 1.522981936343814624e-04 5.687640130171982972e-02
1.477128547579298790e+01 9.652942761727168614e-03 5.715036803244563646e-02
1.479799666110183765e+01 1.291727794192888516e-02 5.742565517059636249e-02
1.482470784641068562e+01 -3.019753703829338581e-03 5.770226907999497640e-02
1.485141903171953359e+01 -7.261359718025767185e-02 5.798021615513541949e-02
1.487813021702838157e+01 -5.693971022721109471e-02 5.825950282133052910e-02
1.490484140233722954e+01 -8.329265695587867446e-02 5.854013553486048932e-02
1.493155258764607751e+01 -4.145985194722175485e-03 5.882212078312206577e-02
1.495826377295492549e+01 9.627519399878170514e-02 5.910546508477873551e-02
1.498497495826377346e+01 -4.310146116339577671e-02 5.939017498991115002e-02
1.501168614357262143e+01 -1.873274501052668572e-02 5.967625708016869451e-02
1.503839732888146941e+01 -5.129408518922021210e-02 5.996371796892167177e-02
1.506510851419031738e+01 1.436661450542739589e-02 6.025256430141404107e-02
1.509181969949916535e+01 -1.378604740477448222e-02 6.054280275491712854e-02
1.511853088480801333e+01 -8.264366521489444062e-02 6.083444003888403145e-02
1.514524207011686130e+01 7.854641889196527227e-02 6.112748289510461230e-02
1.517195325542570927e+01 -8.447548933154652717e-02 6.142193809786137410e-02
1.519866444073455725e+01 -4.937003214422208686e-02 6.171781245408617528e-02
1.522537562604340700e+01 1.163102259613883402e-02 6.201511280351743732e-02
1.525208681135225497e+01 1.100425173493288084e-01 6.231384601885826824e-02
1.527879799666110294e+01 -4.192101865169103186e-02 6.261401900593550895e-02
1.530550918196995092e+01 -3.421771961057958056e-02 6.291563870385916135e-02
1.533222036727879889e+01 5.050747330219572395e-02 6.321871208518292651e-02
1.535893155258764686e+01 2.462038873373002812e-02 6.352324615606541602e-02
1.538564273789649484e+01 -3.826346055450591949e-02 6.382924795643195315e-02
1.541235392320534281e+01 2.036286245281159271e-02 6.413672456013745637e-02
1.543906510851419078e+01 -9.876539986314875064e-02 6.444568307512998917e-02
1.546577629382303876e+01 7.527014588476196866e-02 6.475613064361493421e-02
1.549248747913188673e+01 -1.341493312225661150e-02 6.506807444222018066e-02
1.551919866444073470e+01 -9.255613042040561345e-02 6.538152168216210258e-02
1.554590984974958268e+01 1.623230397307676848e-02 6.569647960941209230e-02
1.557262103505843065e+01 3.374623146587109324e-02 6.601295550486419028e-02
1.559933222036727862e+01 -5.818018206987385019e-03 6.633095668450342264e-02
1.562604340567612660e+01 -5.131019189970253622e-03 6.665049049957477711e-02
1.565275459098497457e+01 -6.136533296489505435e-02 6.697156433675321985e-02
1.567946577629382432e+01 -2.656817112100375716e-02 6.729418561831461421e-02
1.570617696160267229e+01 9.016422334624621393e-02 6.761836180230698656e-02
1.573288814691152027e+01 5.956489416984783215e-03 6.794410038272312435e-02
1.575959933222036824e+01 8.086343790544457677e-02 6.827140888967390964e-02
1.578631051752921621e+01 -1.070700460773572893e-01 6.860029488956216615e-02
1.581302170283806419e+01 -1.085760026117030264e-01 6.893076598525767207e-02
1.583973288814691216e+01 -1.047800811891005761e-02 6.926282981627301938e-02
1.586644407345576013e+01 -1.307152990610686294e-01 6.959649405894004215e-02
1.589315525876460811e+01 -1.390500288250621705e-02 6.993176642658734121e-02
1.591986644407345608e+01 1.993132369074646776e-02 7.026865466971868313e-02
1.594657762938230405e+01 7.400221414322313840e-02 7.060716657619200975e-02
1.597328881469115203e+01 1.163974127875055664e-01 7.094730997139954420e-02
1.600000000000000000e+01 -6.855146596422448391e-02 7.128909271844878492e-02
