0.000000000000000000e+00 2.982745132297257573e-01 4.031999999999999994e-03
2.671118530884808093e-02 3.061162671220572506e-01 4.051278361594249505e-03
5.342237061769616185e-02 2.927970323331501867e-01 4.070649636994939403e-03
8.013355592654423931e-02 2.927516652719403534e-01 4.090114274008556892e-03
1.068447412353923237e-01 2.926685091490928148e-01 4.109672722599837583e-03
1.335559265442403942e-01 2.956779844129203139e-01 4.129325434902159087e-03
1.602671118530884786e-01 2.952252607295655085e-01 4.149072865227999667e-03
1.869782971619365630e-01 3.003349048631860363e-01 4.168915470079434180e-03
2.136894824707846474e-01 2.954439687807283166e-01 4.188853708158693338e-03
2.404006677796327318e-01 2.872041131266238612e-01 4.208888040378763740e-03
2.671118530884807885e-01 2.911803240393953662e-01 4.229018929874042536e-03
2.938230383973288729e-01 2.897084908184353047e-01 4.249246842011048485e-03
3.205342237061769572e-01 2.893994544416632619e-01 4.269572244399172031e-03
3.472454090150250416e-01 2.873544178037052421e-01 4.289995606901493043e-03
3.739565943238731260e-01 2.898402691058574177e-01 4.310517401645636709e-03
4.006677796327212104e-01 2.941017627707303572e-01 4.331138103034690157e-03
4.273789649415692948e-01 2.857282539284064504e-01 4.351858187758170238e-03
4.540901502504173792e-01 2.956609264965139316e-01 4.372678134803040760e-03
4.808013355592654636e-01 2.882405882231087180e-01 4.393598425464786961e-03
5.075125208681134925e-01 2.776469125776138691e-01 4.414619543358541155e-03
5.342237061769615769e-01 2.812599188921071081e-01 4.435741974430263898e-03
5.609348914858096613e-01 2.724869966849734482e-01 4.456966206967973715e-03
5.876460767946577457e-01 2.863194111389250618e-01 4.478292731613040152e-03
6.143572621035058301e-01 2.823150005554170283e-01 4.499722041371520195e-03
6.410684474123539145e-01 2.766772063995349695e-01 4.521254631625559739e-03
6.677796327212019989e-01 2.691915595900259972e-01 4.542891000144844496e-03
6.944908180300500833e-01 2.783624586889687502e-01 4.564631647098103817e-03
7.212020033388981677e-01 2.724999940416020783e-01 4.586477075064677826e-03
7.479131886477462521e-01 2.733365014952819916e-01 4.608427789046132261e-03
7.746243739565943365e-01 2.680729352728971615e-01 4.630484296477933165e-03
8.013355592654424209e-01 2.733922840722947112e-01 4.652647107241177950e-03
8.280467445742905053e-01 2.721591629252777533e-01 4.674916733674381979e-03
8.547579298831385897e-01 2.548730121738028154e-01 4.697293690585324123e-03
8.814691151919866741e-01 2.621035185191296080e-01 4.719778495262943498e-03
9.081803005008347585e-01 2.644303054288249522e-01 4.742371667489299510e-03
9.348914858096828429e-01 2.615038065477614526e-01 4.765073729551590892e-03
9.616026711185309273e-01 2.675250082460370327e-01 4.787885206254226776e-03
9.883138564273790116e-01 2.593164678924426148e-01 4.810806624930953276e-03
1.015025041736226985e+00 2.638840704750607391e-01 4.833838515457057269e-03
1.041736227045075180e+00 2.602657413685813270e-01 4.856981410261601399e-03
1.068447412353923154e+00 2.573014269673040144e-01 4.880235844339740614e-03
1.095158597662771349e+00 2.448836417916729347e-01 4.903602355265086407e-03
1.121869782971619323e+00 2.569916224425803919e-01 4.927081483202135244e-03
1.148580968280467518e+00 2.575951836418176044e-01 4.950673770918757703e-03
1.175292153589315491e+00 2.475513215813439916e-01 4.974379763798737926e-03
1.202003338898163687e+00 2.468602392067160423e-01 4.998200009854391127e-03
1.228714524207011660e+00 2.556969582824527021e-01 5.022135059739225339e-03
1.255425709515859856e+00 2.445122592159370833e-01 5.046185466760675156e-03
1.282136894824707829e+00 2.426763451923670545e-01 5.070351786892885772e-03
1.308848080133556024e+00 2.380849634010079596e-01 5.094634578789574222e-03
1.335559265442403998e+00 2.432079570027707860e-01 5.119034403796938332e-03
1.362270450751252193e+00 2.311148130067967321e-01 5.143551825966634176e-03
1.388981636060100167e+00 2.362734333940731402e-01 5.168187412068816870e-03
1.415692821368948362e+00 2.320700646343921703e-01 5.192941731605242063e-03
1.442404006677796335e+00 2.345422884385349738e-01 5.217815356822425553e-03
1.469115191986644531e+00 2.236314090221802053e-01 5.242808862724884431e-03
1.495826377295492504e+00 2.181497855576259859e-01 5.267922827088417255e-03
1.522537562604340700e+00 2.280003092109695595e-01 5.293157830473465761e-03
1.549248747913188673e+00 2.266841863160646287e-01 5.318514456238537282e-03
1.575959933222036868e+00 2.251478246559702745e-01 5.343993290553686153e-03
1.602671118530884842e+00 2.185588442696795863e-01 5.369594922414066239e-03
1.629382303839733037e+00 2.213303135865697657e-01 5.395319943653548514e-03
1.656093489148581011e+00 2.185036528341309792e-01 5.421168948958399354e-03
1.682804674457429206e+00 2.130011293059745348e-01 5.447142535881029958e-03
1.709515859766277179e+00 2.089659722368066019e-01 5.473241304853809081e-03
1.736227045075125153e+00 2.144227904706831056e-01 5.499465859202943424e-03
1.762938230383973348e+00 2.149195558673537010e-01 5.525816805162425682e-03
1.789649415692821321e+00 2.148150772332851344e-01 5.552294751888046768e-03
1.816360601001669517e+00 2.279838013933059571e-01 5.578900311471480904e-03
1.843071786310517490e+00 2.029848035564963682e-01 5.605634098954431419e-03
1.869782971619365686e+00 2.034584848610601904e-01 5.632496732342852017e-03
1.896494156928213659e+00 2.022285555231493615e-01 5.659488832621232222e-03
1.923205342237061855e+00 1.965387526133461904e-01 5.686611023766950483e-03
1.949916527545909828e+00 2.009195211098793177e-01 5.713863932764702731e-03
1.976627712854758023e+00 2.011561067409712578e-01 5.741248189620993397e-03
2.003338898163605997e+00 2.076555571602708705e-01 5.768764427378700148e-03
2.030050083472453970e+00 2.016012487820102173e-01 5.796413282131708880e-03
2.056761268781302388e+00 2.125631714116774651e-01 5.824195393039616371e-03
2.083472454090150361e+00 1.850441493446255137e-01 5.852111402342507519e-03
2.110183639398998334e+00 1.836645854780400156e-01 5.880161955375801108e-03
2.136894824707846308e+00 1.900613079853044618e-01 5.908347700585167561e-03
2.163606010016694725e+00 1.852224919925054558e-01 5.936669289541523023e-03
2.190317195325542698e+00 1.815773437127406742e-01 5.965127376956083291e-03
2.217028380634390672e+00 1.807500661780354068e-01 5.993722620695508818e-03
2.243739565943238645e+00 1.804174368147717922e-01 6.022455681797104360e-03
2.270450751252087063e+00 1.731620564934922557e-01 6.051327224484107960e-03
2.297161936560935036e+00 1.717379263768755160e-01 6.080337916181036313e-03
2.323873121869783009e+00 1.661722319569004513e-01 6.109488427529122939e-03
2.350584307178630983e+00 1.752278735437922119e-01 6.138779432401816200e-03
2.377295492487479400e+00 1.654521412014839932e-01 6.168211607920358851e-03
2.404006677796327374e+00 1.713182571602571980e-01 6.197785634469438719e-03
2.430717863105175347e+00 1.601280763535745666e-01 6.227502195712920907e-03
2.457429048414023320e+00 1.675450500310430579e-01 6.257361978609651994e-03
2.484140233722871738e+00 1.719496702136669164e-01 6.287365673429334487e-03
2.510851419031719711e+00 1.759431485480573987e-01 6.317513973768490616e-03
2.537562604340567685e+00 1.512524381821019337e-01 6.347807576566495517e-03
2.564273789649415658e+00 1.547084451813166561e-01 6.378247182121682402e-03
2.590984974958263631e+00 1.631278263836920539e-01 6.408833494107539670e-03
2.617696160267112049e+00 1.612415264620380706e-01 6.439567219588971346e-03
2.644407345575960022e+00 1.594625491292333275e-01 6.470449069038645105e-03
2.671118530884807996e+00 1.584287568557366521e-01 6.501479756353417509e-03
2.697829716193655969e+00 1.558366416565110379e-01 6.532659998870832090e-03
2.724540901502504386e+00 1.384473968089076079e-01 6.563990517385709378e-03
2.751252086811352360e+00 1.312356068615194160e-01 6.595472036166801118e-03
2.777963272120200333e+00 1.326624887346523618e-01 6.627105282973543357e-03
2.804674457429048307e+00 1.431714394447111127e-01 6.658890989072870255e-03
2.831385642737896724e+00 1.267061173322464596e-01 6.690829889256126768e-03
2.858096828046744697e+00 1.340190075623868826e-01 6.722922721856045523e-03
2.884808013355592671e+00 1.311649202979626172e-01 6.755170228763825169e-03
2.911519198664440644e+00 1.400848584448488865e-01 6.787573155446275514e-03
2.938230383973289062e+00 1.379484634075949512e-01 6.820132250963050272e-03
2.964941569282137035e+00 1.328297874144637736e-01 6.852848267983963938e-03
2.991652754590985008e+00 1.345788902602398363e-01 6.885721962806390199e-03
3.018363939899832982e+00 1.239723633543802772e-01 6.918754095372748811e-03
3.045075125208681399e+00 1.337321759154151413e-01 6.951945429288067940e-03
3.071786310517529373e+00 1.272562832699418722e-01 6.985296731837639314e-03
3.098497495826377346e+00 1.255881054938365327e-01 7.018808774004759235e-03
3.125208681135225319e+00 1.284345688594285828e-01 7.052482330488543324e-03
3.151919866444073737e+00 1.277091918178392405e-01 7.086318179721844482e-03
3.178631051752921710e+00 1.295534316040627687e-01 7.120317103889235028e-03
3.205342237061769683e+00 1.155730595661039334e-01 7.154479888945105073e-03
3.232053422370617657e+00 1.153257343870223578e-01 7.188807324631819005e-03
3.258764607679466074e+00 1.039407094108601437e-01 7.223300204497975184e-03
3.285475792988314048e+00 9.960191025759425332e-02 7.257959325916754113e-03
3.312186978297162021e+00 1.102597736234364884e-01 7.292785490104345542e-03
3.338898163606009994e+00 1.131785978479532689e-01 7.327779502138471839e-03
3.365609348914858412e+00 1.003693471778008411e-01 7.362942170977008517e-03
3.392320534223706385e+00 9.017275372677363565e-02 7.398274309476664604e-03
3.419031719532554359e+00 9.781053461107461211e-02 7.433776734411794845e-03
3.445742904841402332e+00 9.668910915246002602e-02 7.469450266493268299e-03
3.472454090150250305e+00 9.663586144491911889e-02 7.505295730387444471e-03
3.499165275459098723e+00 1.011389613633423418e-01 7.541313954735237059e-03
3.525876460767946696e+00 1.003241108164589779e-01 7.577505772171269638e-03
3.552587646076794670e+00 8.921571302351118116e-02 7.613872019343123285e-03
3.579298831385642643e+00 8.239109769408613226e-02 7.650413536930677876e-03
3.606010016694491060e+00 8.710067963403873847e-02 7.687131169665547062e-03
3.632721202003339034e+00 7.920883222831540116e-02 7.724025766350602583e-03
3.659432387312187007e+00 9.559947690585006430e-02 7.761098179879600927e-03
3.686143572621034981e+00 6.818469538435274757e-02 7.798349267256894125e-03
3.712854757929883398e+00 8.960372238447415760e-02 7.835779889617247237e-03
3.739565943238731371e+00 8.841595456879318415e-02 7.873390912245741696e-03
3.766277128547579345e+00 7.871198510544223648e-02 7.911183204597774937e-03
3.792988313856427318e+00 7.468624529438046278e-02 7.949157640319167578e-03
3.819699499165275736e+00 6.404412855146658645e-02 7.987315097266356467e-03
3.846410684474123709e+00 7.454035445654418057e-02 8.025656457526678805e-03
3.873121869782971682e+00 6.349975667128301970e-02 8.064182607438781167e-03
3.899833055091819656e+00 6.663799375478607345e-02 8.102894437613092707e-03
3.926544240400668073e+00 7.888133256699116080e-02 8.141792842952425002e-03
3.953255425709516047e+00 8.081950381526176175e-02 8.180878722672646486e-03
3.979966611018364020e+00 6.427690714430234209e-02 8.220152980323488720e-03
4.006677796327211993e+00 6.998079937980536402e-02 8.259616523809416855e-03
4.033388981636059967e+00 5.881165372884626652e-02 8.299270265410621517e-03
4.060100166944907940e+00 5.884075121669347930e-02 8.339115121804114780e-03
4.086811352253756802e+00 8.336216965647996746e-02 8.379152014084916347e-03
4.113522537562604775e+00 5.995233857322811166e-02 8.419381867787340337e-03
4.140233722871452748e+00 5.338416618919386569e-02 8.459805612906403510e-03
4.166944908180300722e+00 6.947065562466901711e-02 8.500424183919316756e-03
4.193656093489148695e+00 5.352249689035776942e-02 8.541238519807087606e-03
4.220367278797996669e+00 7.292291551536921046e-02 8.582249564076228562e-03
4.247078464106844642e+00 6.382458900997174667e-02 8.623458264780560836e-03
4.273789649415692615e+00 5.132312222009744601e-02 8.664865574543146459e-03
4.300500834724540589e+00 6.209471244261773742e-02 8.706472450578294983e-03
4.327212020033389450e+00 4.493514126248134011e-02 8.748279854713696818e-03
4.353923205342237424e+00 5.681480185645456510e-02 8.790288753412658918e-03
4.380634390651085397e+00 6.296152280422169512e-02 8.832500117796442812e-03
4.407345575959933370e+00 5.306582928715265074e-02 8.874914923666720606e-03
4.434056761268781344e+00 4.120729488450963068e-02 8.917534151528128117e-03
4.460767946577629317e+00 3.758435458164480214e-02 8.960358786610932505e-03
4.487479131886477290e+00 4.813982145018292497e-02 9.003389818893800522e-03
4.514190317195325264e+00 4.947781822961199588e-02 9.046628243126703800e-03
4.540901502504174125e+00 4.105328159001300770e-02 9.090075058853886586e-03
4.567612687813022099e+00 2.626790152713488063e-02 9.133731270436996549e-03
4.594323873121870072e+00 4.675390417221302747e-02 9.177597887078290176e-03
4.621035058430718045e+00 3.153800258566855780e-02 9.221675922843964798e-03
4.647746243739566019e+00 3.560786590209761432e-02 9.265966396687603385e-03
4.674457429048413992e+00 3.634144688253542615e-02 9.310470332473725144e-03
4.701168614357261966e+00 4.959780659165118066e-02 9.355188759001462767e-03
4.727879799666109939e+00 4.046597673860709982e-02 9.400122710028329873e-03
4.754590984974958801e+00 3.368708167991456282e-02 9.445273224294139375e-03
4.781302170283806774e+00 4.307102464678919107e-02 9.490641345544989504e-03
4.808013355592654747e+00 2.751205685376752544e-02 9.536228122557425038e-03
4.834724540901502721e+00 2.193587625407095523e-02 9.582034609162648833e-03
4.861435726210350694e+00 3.366801893875668444e-02 9.628061864270906836e-03
4.888146911519198667e+00 4.099205351949891662e-02 9.674310951895958091e-03
4.914858096828046641e+00 3.489540669873663487e-02 9.720782941179669651e-03
4.941569282136894614e+00 3.550386896707486556e-02 9.767478906416732914e-03
4.968280467445743476e+00 4.964583253156591020e-02 9.814399927079506605e-03
4.994991652754591449e+00 1.598744606406831900e-02 9.861547087842956888e-03
5.021702838063439422e+00 1.593923079513476920e-02 9.908921478609741471e-03
5.048414023372287396e+00 2.842002088774239765e-02 9.956524194535402994e-03
5.075125208681135369e+00 4.602117935408825411e-02 1.000435633605368559e-02
5.101836393989983343e+00 4.692675095467532115e-02 1.005241900890197285e-02
5.128547579298831316e+00 3.597208568949843838e-02 1.010071332414684900e-02
5.155258764607679289e+00 3.221994551838910925e-02 1.014924039820978494e-02
5.181969949916527263e+00 4.126873882045784675e-02 1.019800135289294397e-02
5.208681135225376124e+00 3.079239724449987434e-02 1.024699731540511943e-02
5.235392320534224098e+00 2.432655875577188070e-02 1.029622941838778498e-02
5.262103505843072071e+00 3.367697427163543478e-02 1.034569879994128895e-02
5.288814691151920044e+00 2.534025807394476443e-02 1.039540660365115103e-02
5.315525876460768018e+00 2.509764904674777891e-02 1.044535397861450637e-02
5.342237061769615991e+00 2.375465621918901662e-02 1.049554207946666595e-02
5.368948247078463964e+00 1.972130310610504395e-02 1.054597206640781916e-02
5.395659432387311938e+00 3.593751401810131585e-02 1.059664510522983008e-02
5.422370617696160799e+00 2.393010822374061833e-02 1.064756236734321765e-02
5.449081803005008773e+00 9.283501557198184720e-03 1.069872502980420519e-02
5.475792988313856746e+00 5.107085866104352223e-03 1.075013427534195383e-02
5.502504173622704720e+00 2.781566321590318858e-02 1.080179129238589483e-02
5.529215358931552693e+00 -1.132337613290427744e-02 1.085369727509319891e-02
5.555926544240400666e+00 3.481351286727873973e-02 1.090585342337638784e-02
5.582637729549248640e+00 9.767227539169953329e-03 1.095826094293106401e-02
5.609348914858096613e+00 2.076047968072577618e-02 1.101092104526380129e-02
5.636060100166945475e+00 1.720635451478550598e-02 1.106383494772013310e-02
5.662771285475793448e+00 -1.703705752034750248e-03 1.111700387351268783e-02
5.689482470784641421e+00 1.127535639215039576e-02 1.117042905174949613e-02
5.716193656093489395e+00 1.029990788109375055e-02 1.122411171746237786e-02
5.742904841402337368e+00 2.904908122545506177e-02 1.127805311163549568e-02
5.769616026711185341e+00 2.755555391768073695e-02 1.133225448123405601e-02
5.796327212020033315e+00 4.284087877496497998e-02 1.138671707923312459e-02
5.823038397328881288e+00 2.619701629341313759e-03 1.144144216464658935e-02
5.849749582637730150e+00 1.759123528817362753e-02 1.149643100255627257e-02
5.876460767946578123e+00 1.041934769989573406e-02 1.155168486414117311e-02
5.903171953255426097e+00 -7.025783202569753361e-03 1.160720502670685439e-02
5.929883138564274070e+00 3.012038041567317512e-02 1.166299277371496065e-02
5.956594323873122043e+00 -1.982761935533558159e-03 1.171904939481290681e-02
5.983305509181970017e+00 2.234820066531702232e-02 1.177537618586367053e-02
6.010016694490817990e+00 9.537346789054285817e-03 1.183197444897576486e-02
6.036727879799665963e+00 1.734448631798706994e-02 1.188884549253333041e-02
6.063439065108513937e+00 2.558366817497868123e-02 1.194599063122638201e-02
6.090150250417362798e+00 -1.408319011426127643e-02 1.200341118608120455e-02
6.116861435726210772e+00 1.328857394281461428e-02 1.206110848449088238e-02
6.143572621035058745e+00 6.339899759442375708e-03 1.211908386024600041e-02
6.170283806343906718e+00 6.465683649389043254e-03 1.217733865356545805e-02
6.196994991652754692e+00 6.412648235829116611e-03 1.223587421112747042e-02
6.223706176961602665e+00 2.317697246215427720e-02 1.229469188610068410e-02
6.250417362270450639e+00 1.239119206632615690e-02 1.235379303817546459e-02
6.277128547579298612e+00 8.158893989541327746e-03 1.241317903359532952e-02
6.303839732888147473e+00 -1.893653382694306803e-02 1.247285124518852754e-02
6.330550918196995447e+00 1.516397927793327466e-02 1.253281105239978203e-02
6.357262103505843420e+00 3.074813873928364943e-02 1.259305984132216838e-02
6.383973288814691394e+00 -2.776455047872696848e-03 1.265359900472917340e-02
6.410684474123539367e+00 2.415842623460364227e-02 1.271442994210686926e-02
6.437395659432387340e+00 4.020066342456141660e-03 1.277555405968628863e-02
6.464106844741235314e+00 3.244605843716923815e-02 1.283697277047591429e-02
6.490818030050083287e+00 1.114462817853801788e-02 1.289868749429435094e-02
6.517529215358932149e+00 2.750842286370021317e-02 1.296069965780315657e-02
6.544240400667780122e+00 1.976009514321449070e-03 1.302301069453980220e-02
6.570951585976628095e+00 2.230032797241355419e-02 1.308562204495082593e-02
6.597662771285476069e+00 3.270326478641661944e-03 1.314853515642513265e-02
6.624373956594324042e+00 -1.511766122032510290e-03 1.321175148332744652e-02
6.651085141903172016e+00 3.444951885644954425e-03 1.327527248703192983e-02
6.677796327212019989e+00 -7.445873238500761229e-03 1.333909963595597201e-02
6.704507512520867962e+00 -3.546379686137329790e-03 1.340323440559414159e-02
6.731218697829716824e+00 -1.289666765844989585e-02 1.346767827855227008e-02
6.757929883138564797e+00 4.424348886068881284e-03 1.353243274458175265e-02
6.784641068447412771e+00 5.204214107513796886e-03 1.359749930061397716e-02
6.811352253756260744e+00 2.006909789686103091e-02 1.366287945079491979e-02
6.838063439065108717e+00 2.081361382869154064e-02 1.372857470651993317e-02
6.864774624373956691e+00 3.158222424957375651e-02 1.379458658646866981e-02
6.891485809682804664e+00 1.037435280846973201e-02 1.386091661664019641e-02
6.918196994991652637e+00 2.182747622370376575e-02 1.392756633038827463e-02
6.944908180300500611e+00 -4.677292812534407374e-03 1.399453726845680153e-02
6.971619365609349472e+00 -9.586050247382914974e-03 1.406183097901542688e-02
6.998330550918197446e+00 -1.003468243195687094e-02 1.412944901769534224e-02
7.025041736227045419e+00 -6.813701457807764920e-03 1.419739294762525049e-02
7.051752921535893393e+00 8.179334612363323154e-03 1.426566433946748792e-02
7.078464106844741366e+00 -1.407947699402654212e-02 1.433426477145434419e-02
7.105175292153589339e+00 1.841710949730904906e-04 1.440319582942454352e-02
7.131886477462437313e+00 4.461739759288780444e-02 1.447245910685989595e-02
7.158597662771285286e+00 1.989832053159272182e-02 1.454205620492214981e-02
7.185308848080134148e+00 4.892312174340979376e-03 1.461198873248999511e-02
7.212020033388982121e+00 1.768358196219833173e-02 1.468225830619625423e-02
7.238731218697830094e+00 2.264219292574247075e-02 1.475286655046525487e-02
7.265442404006678068e+00 2.808659824659378353e-03 1.482381509755039371e-02
7.292153589315526041e+00 3.019986136750858058e-02 1.489510558757185972e-02
7.318864774624374014e+00 -8.202511285164398175e-03 1.496673966855453786e-02
7.345575959933221988e+00 1.748246898383606224e-02 1.503871899646613483e-02
7.372287145242069961e+00 -1.744509819442208870e-02 1.511104523525542455e-02
7.398998330550918823e+00 1.409715041105594376e-03 1.518372005689075203e-02
7.425709515859766796e+00 2.341797446142079159e-02 1.525674514139864664e-02
7.452420701168614769e+00 1.207377411134135346e-03 1.533012217690269373e-02
7.479131886477462743e+00 -9.719975305592706144e-03 1.540385285966252432e-02
7.505843071786310716e+00 1.076042677868394547e-02 1.547793889411306668e-02
7.532554257095158690e+00 2.579158583837534019e-02 1.555238199290391761e-02
7.559265442404006663e+00 1.699452898232590645e-02 1.562718387693893748e-02
7.585976627712854636e+00 4.555803848092589842e-03 1.570234627541604311e-02
7.612687813021703498e+00 2.132505149630462352e-03 1.577787092586719481e-02
7.639398998330551471e+00 7.056724386466510165e-03 1.585375957419850323e-02
7.666110183639399445e+00 9.430311987646423227e-04 1.593001397473067099e-02
7.692821368948247418e+00 2.103127607078449784e-02 1.600663589023949840e-02
7.719532554257095391e+00 1.179531212895464781e-02 1.608362709199662177e-02
7.746243739565943365e+00 1.781447673362894502e-02 1.616098935981051185e-02
7.772954924874791338e+00 8.476803185733634838e-03 1.623872448206757288e-02
7.799666110183639312e+00 1.227778210111589961e-02 1.631683425577349147e-02
7.826377295492487285e+00 2.949391721230851249e-02 1.639532048659479366e-02
7.853088480801336146e+00 2.185510280929383459e-02 1.647418498890059271e-02
7.879799666110184120e+00 3.802955456855289934e-04 1.655342958580447929e-02
7.906510851419032093e+00 1.399373594524671964e-02 1.663305610920674804e-02
7.933222036727880067e+00 1.395980708587849992e-02 1.671306639983667630e-02
7.959933222036728040e+00 -2.007366891495736272e-02 1.679346230729511155e-02
7.986644407345576013e+00 -4.446007835094949873e-04 1.687424569009721501e-02
8.013355592654423987e+00 2.120126309051881958e-02 1.695541841571543765e-02
8.040066777963271960e+00 8.152166544691171260e-03 1.703698236062267321e-02
8.066777963272119933e+00 -6.480819106199041391e-05 1.711893941033565056e-02
8.093489148580967907e+00 2.504757564388201269e-02 1.720129145945852381e-02
8.120200333889815880e+00 3.944335856244322869e-02 1.728404041172664635e-02
8.146911519198663854e+00 -1.618599771091427247e-02 1.736718818005061546e-02
8.173622704507513603e+00 8.125092565527312904e-03 1.745073668656046614e-02
8.200333889816361577e+00 9.911447689014581813e-03 1.753468786265010085e-02
8.227045075125209550e+00 -2.838047390862810659e-03 1.761904364902196207e-02
8.253756260434057523e+00 3.868317680223461869e-02 1.770380599573188538e-02
8.280467445742905497e+00 -3.761473166642187449e-02 1.778897686223417096e-02
8.307178631051753470e+00 2.214560629247859513e-03 1.787455821742688772e-02
8.333889816360601444e+00 -1.088218448318317190e-02 1.796055203969738542e-02
8.360601001669449417e+00 3.671200061469957754e-02 1.804696031696803940e-02
8.387312186978297390e+00 -1.792179260964445880e-03 1.813378504674217906e-02
8.414023372287145364e+00 -2.070346387442529787e-02 1.822102823615030440e-02
8.440734557595993337e+00 4.193184345665441903e-02 1.830869190199643087e-02
8.467445742904841310e+00 2.246156278445296528e-02 1.839677807080477429e-02
8.494156928213689284e+00 3.270929549069440806e-02 1.848528877886655361e-02
8.520868113522537257e+00 -3.086937707933929895e-03 1.857422607228707834e-02
8.547579298831385231e+00 3.125106062788504668e-02 1.866359200703304397e-02
8.574290484140233204e+00 -1.431629890807077643e-03 1.875338864898007385e-02
8.601001669449081177e+00 3.349888537056932430e-03 1.884361807396045183e-02
8.627712854757930927e+00 2.171262277601584273e-02 1.893428236781113938e-02
8.654424040066778900e+00 2.335385502569330141e-02 1.902538362642195585e-02
8.681135225375626874e+00 2.213905381243259918e-02 1.911692395578407436e-02
8.707846410684474847e+00 9.481850248211472210e-03 1.920890547203866344e-02
8.734557595993322821e+00 1.202470125748529746e-02 1.930133030152583751e-02
8.761268781302170794e+00 -2.575549373129197572e-02 1.939420058083380152e-02
8.787979966611018767e+00 -2.117882423564743793e-04 1.948751845684822473e-02
8.814691151919866741e+00 5.837722606102938722e-03 1.958128608680190230e-02
8.841402337228714714e+00 4.725695860466307824e-02 1.967550563832460436e-02
8.868113522537562687e+00 2.420063376284484896e-02 1.977017928949317827e-02
8.894824707846410661e+00 7.788998978072536258e-03 1.986530922888192149e-02
8.921535893155258634e+00 2.392873059187471119e-03 1.996089765561315926e-02
8.948247078464106607e+00 3.151881793431558082e-02 2.005694677940808232e-02
8.974958263772954581e+00 -1.559772500258405081e-02 2.015345882063784150e-02
9.001669449081802554e+00 -4.614369083734984334e-03 2.025043601037485735e-02
9.028380634390650528e+00 3.820468256611771196e-02 2.034788059044440392e-02
9.055091819699500277e+00 7.099444075558469097e-03 2.044579481347645611e-02
9.081803005008348251e+00 3.871332033717191090e-02 2.054418094295771061e-02
9.108514190317196224e+00 5.251805088920952908e-02 2.064304125328396411e-02
9.135225375626044197e+00 2.743774772710900339e-02 2.074237802981266851e-02
9.161936560934892171e+00 6.105147640159395983e-03 2.084219356891574629e-02
9.188647746243740144e+00 3.919362019781881534e-02 2.094249017803272161e-02
9.215358931552588118e+00 2.250253066657867396e-03 2.104327017572399719e-02
9.242070116861436091e+00 1.796805344324980264e-03 2.114453589172451964e-02
9.268781302170284064e+00 1.023288432104891080e-02 2.124628966699757676e-02
9.295492487479132038e+00 1.280516453552098602e-02 2.134853385378895907e-02
9.322203672787980011e+00 -1.489610998091178001e-03 2.145127081568131214e-02
9.348914858096827984e+00 2.876341616012636354e-02 2.155450292764877346e-02
9.375626043405675958e+00 2.202252389861776918e-02 2.165823257611190072e-02
9.402337228714523931e+00 6.453303396946612203e-02 2.176246215899280828e-02
9.429048414023371905e+00 5.104981274133058022e-02 2.186719408577060889e-02
9.455759599332219878e+00 2.129979885861062530e-02 2.197243077753713650e-02
9.482470784641067851e+00 -5.527872168476048731e-04 2.207817466705287723e-02
9.509181969949917601e+00 -3.787791697930087409e-03 2.218442819880324379e-02
9.535893155258765574e+00 2.033654114230547261e-02 2.229119382905503724e-02
9.562604340567613548e+00 3.507088899153132378e-02 2.239847402591328696e-02
9.589315525876461521e+00 3.549958740405867452e-02 2.250627126937827446e-02
9.616026711185309495e+00 6.830728783084494271e-02 2.261458805140285563e-02
9.642737896494157468e+00 -2.944482723094818399e-02 2.272342687595008473e-02
9.669449081803005441e+00 2.366475146549376976e-02 2.283279025905109866e-02
9.696160267111853415e+00 4.809689068594637240e-02 2.294268072886325102e-02
9.722871452420701388e+00 1.730264071251038510e-02 2.305310082572860700e-02
9.749582637729549361e+00 3.441322286219417048e-02 2.316405310223262903e-02
9.776293823038397335e+00 1.753324799781833671e-02 2.327554012326318172e-02
9.803005008347245308e+00 1.835674821569583531e-02 2.338756446606986630e-02
9.829716193656093282e+00 1.106012579944310598e-02 2.350012872032353900e-02
9.856427378964941255e+00 3.116951917067894290e-02 2.361323548817623533e-02
9.883138564273789228e+00 4.505760050176862985e-02 2.372688738432128866e-02
9.909849749582637202e+00 4.665806113248371911e-02 2.384108703605377841e-02
9.936560934891486951e+00 -1.139211168090570672e-02 2.395583708333128697e-02
9.963272120200334925e+00 5.144490597938498888e-02 2.407114017883487875e-02
9.989983305509182898e+00 4.352836216772432154e-02 2.418699898803048504e-02
1.001669449081803087e+01 6.670072078496482731e-03 2.430341618923048327e-02
1.004340567612687884e+01 4.728361230704843099e-02 2.442039447365560931e-02
1.007011686143572682e+01 5.665719499403452236e-02 2.453793654549719233e-02
1.009682804674457479e+01 6.276281394780934553e-02 2.465604512197965004e-02
1.012353923205342277e+01 8.044016477683470223e-03 2.477472293342330642e-02
1.015025041736227074e+01 7.604177134713333008e-02 2.489397272330752531e-02
1.017696160267111871e+01 4.069423225807161648e-02 2.501379724833409715e-02
1.020367278797996669e+01 4.437137652879136196e-02 2.513419927849099705e-02
1.023038397328881466e+01 4.788849901736429854e-02 2.525518159711641689e-02
1.025709515859766263e+01 3.545983499938093475e-04 2.537674700096307148e-02
1.028380634390651061e+01 5.991638011649939866e-02 2.549889830026290036e-02
1.031051752921535858e+01 3.632670772158985012e-02 2.562163831879201575e-02
1.033722871452420655e+01 2.884586836254316583e-02 2.574496989393594906e-02
1.036393989983305453e+01 -7.453588769032737371e-03 2.586889587675528582e-02
1.039065108514190428e+01 6.526833709624721425e-02 2.599341913205156090e-02
1.041736227045075225e+01 2.361220133483710876e-02 2.611854253843345214e-02
1.044407345575960022e+01 4.677182888390866988e-02 2.624426898838337283e-02
1.047078464106844820e+01 2.466283873820613107e-02 2.637060138832431760e-02
1.049749582637729617e+01 1.307044218872187996e-03 2.649754265868704828e-02
1.052420701168614414e+01 3.729715373875962248e-02 2.662509573397759885e-02
1.055091819699499212e+01 4.620228254205411417e-02 2.675326356284512402e-02
1.057762938230384009e+01 3.362722993393760934e-02 2.688204910815007037e-02
1.060434056761268806e+01 -9.937497128286551518e-03 2.701145534703263892e-02
1.063105175292153604e+01 3.588174756245138958e-02 2.714148527098164329e-02
1.065776293823038401e+01 -3.578365907995045836e-02 2.727214188590363492e-02
1.068447412353923198e+01 2.905968523276067361e-02 2.740342821219240652e-02
1.071118530884807996e+01 6.002933059807499805e-02 2.753534728479883203e-02
1.073789649415692793e+01 -8.769740842013817872e-03 2.766790215330097377e-02
1.076460767946577590e+01 3.190375979696703085e-02 2.780109588197463011e-02
1.079131886477462388e+01 -4.126855847109835856e-03 2.793493154986415733e-02
1.081803005008347363e+01 2.521335969922687895e-02 2.806941225085362798e-02
1.084474123539232160e+01 -4.280864761045281158e-02 2.820454109373838128e-02
1.087145242070116957e+01 5.559567263601691844e-02 2.834032120229686494e-02
1.089816360601001755e+01 2.136374204321698014e-02 2.847675571536287947e-02
1.092487479131886552e+01 -1.909906014164861748e-02 2.861384778689809311e-02
1.095158597662771349e+01 6.265977805395835099e-02 2.875160058606499730e-02
1.097829716193656147e+01 2.369991720000084318e-02 2.889001729730014331e-02
1.100500834724540944e+01 2.115550246974558235e-02 2.902910112038775345e-02
1.103171953255425741e+01 5.298699337308263035e-02 2.916885527053371743e-02
1.105843071786310539e+01 1.005623367265941065e-01 2.930928297843988714e-02
1.108514190317195336e+01 5.106049946656452537e-03 2.945038749037876685e-02
1.111185308848080133e+01 -3.571082184044896413e-02 2.959217206826858862e-02
1.113856427378964931e+01 8.548956614625102812e-02 2.973463998974865824e-02
1.116527545909849728e+01 1.652764058313940104e-02 2.987779454825521125e-02
1.119198664440734525e+01 5.502779816997373230e-02 3.002163905309744932e-02
1.121869782971619323e+01 7.907114706900188195e-02 3.016617682953410054e-02
1.124540901502504120e+01 -1.385241054068920771e-02 3.031141121885030584e-02
1.127212020033389095e+01 -3.703088896254955881e-03 3.045734557843481766e-02
1.129883138564273892e+01 5.254859748158932642e-02 3.060398328185757327e-02
1.132554257095158690e+01 2.087090792483495619e-02 3.075132771894782679e-02
1.135225375626043487e+01 3.039856242195959971e-02 3.089938229587236435e-02
1.137896494156928284e+01 3.296472964426098995e-02 3.104815043521429521e-02
1.140567612687813082e+01 5.300004508923038954e-02 3.119763557605222462e-02
1.143238731218697879e+01 2.570638970503896087e-03 3.134784117403966591e-02
1.145909849749582676e+01 -1.880757099515025996e-02 3.149877070148496272e-02
1.148580968280467474e+01 1.812247510972943287e-02 3.165042764743160320e-02
1.151252086811352271e+01 3.910569893763941873e-02 3.180281551773880833e-02
1.153923205342237068e+01 4.617859038072794076e-02 3.195593783516259556e-02
1.156594323873121866e+01 3.962156986447873397e-02 3.210979813943724837e-02
1.159265442404006663e+01 4.719200577243358452e-02 3.226439998735710496e-02
1.161936560934891460e+01 7.614015200588691856e-02 3.241974695285878422e-02
1.164607679465776258e+01 4.802264220561335006e-02 3.257584262710385564e-02
1.167278797996661055e+01 5.558764339727125664e-02 3.273269061856176609e-02
1.169949916527546030e+01 2.751244592035188147e-02 3.289029455309335631e-02
1.172621035058430827e+01 9.705894354067085006e-02 3.304865807403458561e-02
1.175292153589315625e+01 7.043688000451278630e-02 3.320778484228081168e-02
1.177963272120200422e+01 3.689364758830274149e-02 3.336767853637143816e-02
1.180634390651085219e+01 1.036401847015792355e-01 3.352834285257490221e-02
1.183305509181970017e+01 2.468411523750568132e-02 3.368978150497412699e-02
1.185976627712854814e+01 7.012107775804882204e-03 3.385199822555239740e-02
1.188647746243739611e+01 5.898691205996786646e-02 3.401499676427967300e-02
1.191318864774624409e+01 4.041460294223268163e-02 3.417878088919918539e-02
1.193989983305509206e+01 -4.338666801299012610e-02 3.434335438651456990e-02
1.196661101836394003e+01 2.327269760264041865e-02 3.450872106067748996e-02
1.199332220367278801e+01 4.874352606170101465e-02 3.467488473447544878e-02
1.202003338898163598e+01 7.733793604248412334e-02 3.484184924912021863e-02
1.204674457429048395e+01 -2.269372493359364182e-02 3.500961846433668645e-02
1.207345575959933193e+01 2.708321946498279745e-02 3.517819625845198389e-02
1.210016694490817990e+01 1.816481668041994985e-02 3.534758652848519339e-02
1.212687813021702787e+01 2.131282454463119189e-02 3.551779319023749132e-02
1.215358931552587762e+01 -3.734329319410511355e-02 3.568882017838253401e-02
1.218030050083472560e+01 1.072914576633795386e-02 3.586067144655753075e-02
1.220701168614357357e+01 4.745681926339125056e-03 3.603335096745461513e-02
1.223372287145242154e+01 2.157553883767650282e-02 3.620686273291262580e-02
1.226043405676126952e+01 8.677148133359496862e-02 3.638121075400949089e-02
1.228714524207011749e+01 1.921162695879430338e-02 3.655639906115483451e-02
1.231385642737896546e+01 -4.735616284543103793e-02 3.673243170418322850e-02
1.234056761268781344e+01 9.998923783706772928e-02 3.690931275244780513e-02
1.236727879799666141e+01 2.233238696961157427e-02 3.708704629491428595e-02
1.239398998330550938e+01 5.556217936474142777e-02 3.726563644025553818e-02
1.242070116861435736e+01 -2.224566007680530560e-03 3.744508731694655423e-02
1.244741235392320533e+01 3.847803867080066414e-02 3.762540307335988932e-02
1.247412353923205330e+01 2.516495727277086314e-02 3.780658787786154301e-02
1.250083472454090128e+01 2.048534502017279602e-04 3.798864591890733361e-02
1.252754590984974925e+01 -2.075722105817224758e-02 3.817158140513973730e-02
1.255425709515859722e+01 6.223019051268840335e-02 3.835539856548513676e-02
1.258096828046744697e+01 2.172946559448214049e-02 3.854010164925163184e-02
1.260767946577629495e+01 9.939768332361348380e-03 3.872569492622723181e-02
1.263439065108514292e+01 -2.171652895539688891e-02 3.891218268677857500e-02
1.266110183639399089e+01 3.767884753293881256e-02 3.909956924195012035e-02
1.268781302170283887e+01 6.737195338671339573e-02 3.928785892356380371e-02
1.271452420701168684e+01 7.202879274508626473e-04 3.947705608431911761e-02
1.274123539232053481e+01 1.592443682680150935e-02 3.966716509789386391e-02
1.276794657762938279e+01 7.394284098057563037e-02 3.985819035904511476e-02
1.279465776293823076e+01 4.253409178904034305e-02 4.005013628371087431e-02
1.282136894824707873e+01 5.973717838647422951e-02 4.024300730911221230e-02
1.284808013355592671e+01 6.438880335559266088e-02 4.043680789385573765e-02
1.287479131886477468e+01 -2.250760572504340723e-02 4.063154251803670347e-02
1.290150250417362265e+01 1.263224030301212664e-01 4.082721568334266721e-02
1.292821368948247063e+01 5.920241599747703976e-02 4.102383191315739364e-02
1.295492487479131860e+01 6.817053015713737951e-02 4.122139575266551420e-02
1.298163606010016657e+01 -5.665951449322855632e-03 4.141991176895765819e-02
1.300834724540901455e+01 -5.005779233695780567e-02 4.161938455113587537e-02
1.303505843071786430e+01 -4.009694294372853629e-03 4.181981871041985654e-02
1.306176961602671227e+01 3.462185728463460649e-02 4.202121888025346641e-02
1.308848080133556024e+01 1.589937991113591145e-02 4.222358971641187314e-02
1.311519198664440822e+01 -1.211979137632237039e-02 4.242693589710917063e-02
1.314190317195325619e+01 5.659559653707242621e-02 4.263126212310654889e-02
1.316861435726210416e+01 1.124925676809554465e-02 4.283657311782092247e-02
1.319532554257095214e+01 8.005228271722326927e-02 4.304287362743411394e-02
1.322203672787980011e+01 -1.854446933284202570e-03 4.325016842100268266e-02
1.324874791318864808e+01 5.300677923825650867e-02 4.345846229056800347e-02
1.327545909849749606e+01 3.486319846455090271e-02 4.366776005126714322e-02
1.330217028380634403e+01 3.140814124576823269e-02 4.387806654144420920e-02
1.332888146911519200e+01 5.883078613544133473e-02 4.408938662276208620e-02
1.335559265442403998e+01 3.813437919083923627e-02 4.430172518031488815e-02
1.338230383973288795e+01 -3.578403419588777057e-02 4.451508712274093726e-02
1.340901502504173592e+01 3.035009196682432811e-02 4.472947738233611775e-02
1.343572621035058390e+01 8.334129080219684904e-02 4.494490091516797209e-02
1.346243739565943365e+01 2.281992000662455555e-02 4.516136270119032459e-02
1.348914858096828162e+01 5.940517389639685120e-02 4.537886774435822418e-02
1.351585976627712959e+01 5.907398634462213138e-03 4.559742107274379619e-02
1.354257095158597757e+01 -1.717326743516099305e-02 4.581702773865244799e-02
1.356928213689482554e+01 9.269711694231524968e-02 4.603769281873958119e-02
1.359599332220367351e+01 9.352522438722897513e-02 4.625942141412796998e-02
1.362270450751252149e+01 7.658771205283887440e-02 4.648221865052580559e-02
1.364941569282136946e+01 7.701167483596538244e-02 4.670608967834501135e-02
1.367612687813021743e+01 1.247917522774453364e-03 4.693103967282038352e-02
1.370283806343906541e+01 2.324978846334896376e-02 4.715707383412931497e-02
1.372954924874791338e+01 7.197134370769220357e-02 4.738419738751183108e-02
1.375626043405676135e+01 4.865650919962666299e-02 4.761241558339150692e-02
1.378297161936560933e+01 -5.567371171562109089e-02 4.784173369749682853e-02
1.380968280467445730e+01 1.545671939106499013e-02 4.807215703098311615e-02
1.383639398998330527e+01 1.941897213300221997e-02 4.830369091055505826e-02
1.386310517529215325e+01 4.586090840600710872e-02 4.853634068858994621e-02
1.388981636060100122e+01 -3.811320227524389592e-02 4.877011174326127685e-02
1.391652754590985097e+01 6.072210437754806817e-02 4.900500947866315987e-02
1.394323873121869894e+01 -5.930578765132994007e-03 4.924103932493524571e-02
1.396994991652754692e+01 1.869280774570401815e-02 4.947820673838815991e-02
1.399666110183639489e+01 -4.090480236643220802e-02 4.971651720162983262e-02
1.402337228714524286e+01 -2.115754734934990888e-02 4.995597622369202934e-02
1.405008347245409084e+01 7.029943642725722253e-02 5.019658934015779062e-02
1.407679465776293881e+01 4.813900614634502445e-03 5.043836211328942692e-02
1.410350584307178679e+01 -1.419440326484447401e-02 5.068130013215709634e-02
1.413021702838063476e+01 8.029357590845428994e-03 5.092540901276795817e-02
1.415692821368948273e+01 -4.024293525770489266e-02 5.117069439819598581e-02
1.418363939899833071e+01 -1.078471370537283439e-02 5.141716195871255668e-02
1.421035058430717868e+01 7.245738117750180618e-02 5.166481739191734757e-02
1.423706176961602665e+01 1.397941616274357701e-02 5.191366642287013888e-02
1.426377295492487463e+01 4.674311891703011868e-02 5.216371480422322959e-02
1.429048414023372260e+01 -1.076770159096762658e-02 5.241496831635426151e-02
1.431719532554257057e+01 9.376423701197475480e-02 5.266743276749993874e-02
1.434390651085142032e+01 -1.387506517653649615e-02 5.292111399389038545e-02
1.437061769616026830e+01 6.625027857541743170e-02 5.317601785988380209e-02
1.439732888146911627e+01 -7.375510228182129147e-02 5.343215025810233582e-02
1.442404006677796424e+01 -9.233927563050911558e-02 5.368951710956807594e-02
1.445075125208681222e+01 1.077125400258266141e-01 5.394812436384003457e-02
1.447746243739566019e+01 -3.418984827948249455e-02 5.420797799915169635e-02
1.450417362270450816e+01 1.412217681144354309e-01 5.446908402254914405e-02
1.453088480801335614e+01 -1.441743257709482418e-02 5.473144847002993363e-02
1.455759599332220411e+01 -4.839692153980500872e-02 5.499507740668275330e-02
1.458430717863105208e+01 2.864652740076288270e-02 5.525997692682745044e-02
1.461101836393990006e+01 5.701696639117620480e-02 5.552615315415602298e-02
1.463772954924874803e+01 7.298657262946992019e-02 5.579361224187412427e-02
1.466444073455759600e+01 5.209111780572515255e-03 5.606236037284342832e-02
1.469115191986644398e+01 -1.037242815819984926e-01 5.633240375972437680e-02
1.471786310517529195e+01 4.744404248597781232e-02 5.660374864511991816e-02
1.474457429048413992e+01 -9.723548188186166563e-03 5.687640130171982972e-02
1.477128547579298790e+01 8.207901321059642152e-02 5.715036803244563646e-02
1.479799666110183765e+01 8.757797736449755843e-02 5.742565517059636249e-02
1.482470784641068562e+01 3.696916029352938921e-02 5.770226907999497640e-02
1.485141903171953359e+01 -3.229960156939323118e-02 5.798021615513541949e-02
1.487813021702838157e+01 4.556300659100714912e-02 5.825950282133052910e-02
1.490484140233722954e+01 8.082281231871445842e-03 5.854013553486048932e-02
1.493155258764607751e+01 7.292590421855035809e-02 5.882212078312206577e-02
1.495826377295492549e+01 7.624756457513860719e-02 5.910546508477873551e-02
1.498497495826377346e+01 5.885979168986045507e-02 5.939017498991115002e-02
1.501168614357262143e+01 1.500976540948834870e-01 5.967625708016869451e-02
1.503839732888146941e+01 6.786513620888820486e-02 5.996371796892167177e-02
1.506510851419031738e+01 7.276188621586923699e-02 6.025256430141404107e-02
1.509181969949916535e+01 5.219456779960876536e-02 6.054280275491712854e-02
1.511853088480801333e+01 -4.136781253960175597e-02 6.083444003888403145e-02
1.514524207011686130e+01 1.412866882090720311e-01 6.112748289510461230e-02
1.517195325542570927e+01 4.147690229459862626e-02 6.142193809786137410e-02
1.519866444073455725e+01 3.601212985216729195e-02 6.171781245408617528e-02
1.522537562604340700e+01 2.408241943700179660e-02 6.201511280351743732e-02
1.525208681135225497e+01 2.146794831825331318e-02 6.231384601885826824e-02
1.527879799666110294e+01 -9.549433845984674207e-04 6.261401900593550895e-02
1.530550918196995092e+01 2.944758885669386192e-02 6.291563870385916135e-02
1.533222036727879889e+01 -4.808472177963343114e-02 6.321871208518292651e-02
1.535893155258764686e+01 -3.351787060299389609e-02 6.352324615606541602e-02
1.538564273789649484e+01 6.988625583034119293e-03 6.382924795643195315e-02
1.541235392320534281e+01 -2.562985858046724214e-03 6.413672456013745637e-02
1.543906510851419078e+01 1.061279679666690401e-01 6.444568307512998917e-02
1.546577629382303876e+01 8.272797146793763046e-03 6.475613064361493421e-02
1.549248747913188673e+01 -6.718542537069617515e-02 6.506807444222018066e-02
1.551919866444073470e+01 4.780334044424001949e-02 6.538152168216210258e-02
1.554590984974958268e+01 5.256946363820393098e-02 6.569647960941209230e-02
1.557262103505843065e+01 7.433628602938116559e-02 6.601295550486419028e-02
1.559933222036727862e+01 3.125753948279096778e-02 6.633095668450342264e-02
1.562604340567612660e+01 7.750582391307363206e-02 6.665049049957477711e-02
1.565275459098497457e+01 -4.122326957874751507e-02 6.697156433675321985e-02
1.567946577629382432e+01 -6.469996311784571852e-02 6.729418561831461421e-02
1.570617696160267229e+01 -5.999842563101524112e-02 6.761836180230698656e-02
1.573288814691152027e+01 1.663928509902308783e-01 6.794410038272312435e-02
1.575959933222036824e+01 -4.859220506907736131e-02 6.827140888967390964e-02
1.578631051752921621e+01 8.493584473193291351e-02 6.860029488956216615e-02
1.581302170283806419e+01 2.214004392038934274e-02 6.893076598525767207e-02
1.583973288814691216e+01 1.392427043810879339e-01 6.926282981627301938e-02
1.586644407345576013e+01 4.892555306770181994e-02 6.959649405894004215e-02
1.589315525876460811e+01 8.531924661481769812e-02 6.993176642658734121e-02
1.591986644407345608e+01 9.063396072806854942e-02 7.026865466971868313e-02
1.594657762938230405e+01 3.953617890499667997e-02 7.060716657619200975e-02
1.597328881469115203e+01 8.543127587894280839e-02 7.094730997139954420e-02
1.600000000000000000e+01 -5.267369669066976345e-02 7.128909271844878492e-02
