0.000000000000000000e+00 2.967046533280996434e-01 4.031999999999999994e-03
2.671118530884808093e-02 2.998310362344433488e-01 4.051278361594249505e-03
5.342237061769616185e-02 3.021957664413386091e-01 4.070649636994939403e-03
8.013355592654423931e-02 3.004468563881977916e-01 4.090114274008556892e-03
1.068447412353923237e-01 2.961009772013603047e-01 4.109672722599837583e-03
1.335559265442403942e-01 2.947746627477726977e-01 4.129325434902159087e-03
1.602671118530884786e-01 2.947787385815187622e-01 4.149072865227999667e-03
1.869782971619365630e-01 2.979336962155516577e-01 4.168915470079434180e-03
2.136894824707846474e-01 2.989456542206169187e-01 4.188853708158693338e-03
2.404006677796327318e-01 2.989893605112209918e-01 4.208888040378763740e-03
2.671118530884807885e-01 2.905926237977967119e-01 4.229018929874042536e-03
2.938230383973288729e-01 2.918149776394974304e-01 4.249246842011048485e-03
3.205342237061769572e-01 2.894821987251257056e-01 4.269572244399172031e-03
3.472454090150250416e-01 2.930177640466541389e-01 4.289995606901493043e-03
3.739565943238731260e-01 2.925947740267752506e-01 4.310517401645636709e-03
4.006677796327212104e-01 2.974975942551314478e-01 4.331138103034690157e-03
4.273789649415692948e-01 2.886311003034746081e-01 4.351858187758170238e-03
4.540901502504173792e-01 2.936766764206914515e-01 4.372678134803040760e-03
4.808013355592654636e-01 2.886141489712093500e-01 4.393598425464786961e-03
5.075125208681134925e-01 2.907526233895887935e-01 4.414619543358541155e-03
5.342237061769615769e-01 2.842489709398153264e-01 4.435741974430263898e-03
5.609348914858096613e-01 2.902602154559216219e-01 4.456966206967973715e-03
5.876460767946577457e-01 2.877061019877114045e-01 4.478292731613040152e-03
6.143572621035058301e-01 2.815451190869561748e-01 4.499722041371520195e-03
6.410684474123539145e-01 2.775825078652460198e-01 4.521254631625559739e-03
6.677796327212019989e-01 2.799690460780369095e-01 4.542891000144844496e-03
6.944908180300500833e-01 2.759242083424835457e-01 4.564631647098103817e-03
7.212020033388981677e-01 2.745917312883721650e-01 4.586477075064677826e-03
7.479131886477462521e-01 2.798248886862299556e-01 4.608427789046132261e-03
7.746243739565943365e-01 2.805612791692330132e-01 4.630484296477933165e-03
8.013355592654424209e-01 2.757379184988842935e-01 4.652647107241177950e-03
8.280467445742905053e-01 2.784721818758632006e-01 4.674916733674381979e-03
8.547579298831385897e-01 2.799407674598495266e-01 4.697293690585324123e-03
8.814691151919866741e-01 2.659229111175845373e-01 4.719778495262943498e-03
9.081803005008347585e-01 2.703691971732849475e-01 4.742371667489299510e-03
9.348914858096828429e-01 2.690431053900950720e-01 4.765073729551590892e-03
9.616026711185309273e-01 2.709991949908752695e-01 4.787885206254226776e-03
9.883138564273790116e-01 2.696181766167486948e-01 4.810806624930953276e-03
1.015025041736226985e+00 2.781202540316937144e-01 4.833838515457057269e-03
1.041736227045075180e+00 2.656106622402675255e-01 4.856981410261601399e-03
1.068447412353923154e+00 2.680912640641517353e-01 4.880235844339740614e-03
1.095158597662771349e+00 2.618944610794594618e-01 4.903602355265086407e-03
1.121869782971619323e+00 2.692863896794630008e-01 4.927081483202135244e-03
1.148580968280467518e+00 2.683196469349810043e-01 4.950673770918757703e-03
1.175292153589315491e+00 2.558230126571304774e-01 4.974379763798737926e-03
1.202003338898163687e+00 2.668727504650300064e-01 4.998200009854391127e-03
1.228714524207011660e+00 2.552948971056808181e-01 5.022135059739225339e-03
1.255425709515859856e+00 2.540361083644692153e-01 5.046185466760675156e-03
1.282136894824707829e+00 2.552713005646780609e-01 5.070351786892885772e-03
1.308848080133556024e+00 2.577617177191025566e-01 5.094634578789574222e-03
1.335559265442403998e+00 2.583742639609784009e-01 5.119034403796938332e-03
1.362270450751252193e+00 2.530643447478799768e-01 5.143551825966634176e-03
1.388981636060100167e+00 2.493872809346206754e-01 5.168187412068816870e-03
1.415692821368948362e+00 2.397055294362158417e-01 5.192941731605242063e-03
1.442404006677796335e+00 2.497748808591324365e-01 5.217815356822425553e-03
1.469115191986644531e+00 2.462324679362813962e-01 5.242808862724884431e-03
1.495826377295492504e+00 2.517057278805943099e-01 5.267922827088417255e-03
1.522537562604340700e+00 2.439751311599349659e-01 5.293157830473465761e-03
1.549248747913188673e+00 2.447481891097570694e-01 5.318514456238537282e-03
1.575959933222036868e+00 2.464853118000689680e-01 5.343993290553686153e-03
1.602671118530884842e+00 2.310263289203895176e-01 5.369594922414066239e-03
1.629382303839733037e+00 2.273462902759937343e-01 5.395319943653548514e-03
1.656093489148581011e+00 2.300259735158926844e-01 5.421168948958399354e-03
1.682804674457429206e+00 2.393832235653457763e-01 5.447142535881029958e-03
1.709515859766277179e+00 2.352375512227934673e-01 5.473241304853809081e-03
1.736227045075125153e+00 2.296556650560878654e-01 5.499465859202943424e-03
1.762938230383973348e+00 2.205945563382082364e-01 5.525816805162425682e-03
1.789649415692821321e+00 2.227348779745235985e-01 5.552294751888046768e-03
1.816360601001669517e+00 2.140601563346773428e-01 5.578900311471480904e-03
1.843071786310517490e+00 2.196612692384764809e-01 5.605634098954431419e-03
1.869782971619365686e+00 2.179538794364536958e-01 5.632496732342852017e-03
1.896494156928213659e+00 2.155996291878778948e-01 5.659488832621232222e-03
1.923205342237061855e+00 2.228829832421623247e-01 5.686611023766950483e-03
1.949916527545909828e+00 2.154379691678323383e-01 5.713863932764702731e-03
1.976627712854758023e+00 2.036709369633981637e-01 5.741248189620993397e-03
2.003338898163605997e+00 2.064482551902576957e-01 5.768764427378700148e-03
2.030050083472453970e+00 2.033948688992432696e-01 5.796413282131708880e-03
2.056761268781302388e+00 2.122034094909492352e-01 5.824195393039616371e-03
2.083472454090150361e+00 2.132501003056933575e-01 5.852111402342507519e-03
2.110183639398998334e+00 2.101563821297881829e-01 5.880161955375801108e-03
2.136894824707846308e+00 2.033035814546542974e-01 5.908347700585167561e-03
2.163606010016694725e+00 1.998916837337407215e-01 5.936669289541523023e-03
2.190317195325542698e+00 2.060186798433998601e-01 5.965127376956083291e-03
2.217028380634390672e+00 1.953755131763306729e-01 5.993722620695508818e-03
2.243739565943238645e+00 1.929684639464667728e-01 6.022455681797104360e-03
2.270450751252087063e+00 1.996841401246291225e-01 6.051327224484107960e-03
2.297161936560935036e+00 1.986673512708198863e-01 6.080337916181036313e-03
2.323873121869783009e+00 1.873103103513511780e-01 6.109488427529122939e-03
2.350584307178630983e+00 1.965700542415844410e-01 6.138779432401816200e-03
2.377295492487479400e+00 2.037168576267807674e-01 6.168211607920358851e-03
2.404006677796327374e+00 1.859134148679914000e-01 6.197785634469438719e-03
2.430717863105175347e+00 1.753162038585881211e-01 6.227502195712920907e-03
2.457429048414023320e+00 1.870743368357389302e-01 6.257361978609651994e-03
2.484140233722871738e+00 1.772588091761477525e-01 6.287365673429334487e-03
2.510851419031719711e+00 1.810202355244871220e-01 6.317513973768490616e-03
2.537562604340567685e+00 1.736209002130918722e-01 6.347807576566495517e-03
2.564273789649415658e+00 1.766281609961535548e-01 6.378247182121682402e-03
2.590984974958263631e+00 1.856332765120599637e-01 6.408833494107539670e-03
2.617696160267112049e+00 1.779715147816495757e-01 6.439567219588971346e-03
2.644407345575960022e+00 1.599287864917312840e-01 6.470449069038645105e-03
2.671118530884807996e+00 1.729136791372849480e-01 6.501479756353417509e-03
2.697829716193655969e+00 1.639449887206610446e-01 6.532659998870832090e-03
2.724540901502504386e+00 1.647615812124782753e-01 6.563990517385709378e-03
2.751252086811352360e+00 1.643888769961510399e-01 6.595472036166801118e-03
2.777963272120200333e+00 1.458556387759285533e-01 6.627105282973543357e-03
2.804674457429048307e+00 1.477778669386397292e-01 6.658890989072870255e-03
2.831385642737896724e+00 1.563096280713394404e-01 6.690829889256126768e-03
2.858096828046744697e+00 1.620923620996347347e-01 6.722922721856045523e-03
2.884808013355592671e+00 1.587053966288946572e-01 6.755170228763825169e-03
2.911519198664440644e+00 1.602514347453080634e-01 6.787573155446275514e-03
2.938230383973289062e+00 1.484023362426709902e-01 6.820132250963050272e-03
2.964941569282137035e+00 1.548167755134674528e-01 6.852848267983963938e-03
2.991652754590985008e+00 1.553461088734531259e-01 6.885721962806390199e-03
3.018363939899832982e+00 1.475383703742916552e-01 6.918754095372748811e-03
3.045075125208681399e+00 1.511999354664121664e-01 6.951945429288067940e-03
3.071786310517529373e+00 1.360770616258637489e-01 6.985296731837639314e-03
3.098497495826377346e+00 1.419466374858495694e-01 7.018808774004759235e-03
3.125208681135225319e+00 1.352653473534033146e-01 7.052482330488543324e-03
3.151919866444073737e+00 1.370796270961756880e-01 7.086318179721844482e-03
3.178631051752921710e+00 1.351804330015485001e-01 7.120317103889235028e-03
3.205342237061769683e+00 1.327392928111708337e-01 7.154479888945105073e-03
3.232053422370617657e+00 1.234199513952429217e-01 7.188807324631819005e-03
3.258764607679466074e+00 1.284539180272189218e-01 7.223300204497975184e-03
3.285475792988314048e+00 1.412433548175141274e-01 7.257959325916754113e-03
3.312186978297162021e+00 1.255894265410834043e-01 7.292785490104345542e-03
3.338898163606009994e+00 1.355422966170949373e-01 7.327779502138471839e-03
3.365609348914858412e+00 1.271638644746102276e-01 7.362942170977008517e-03
3.392320534223706385e+00 1.171577050388722951e-01 7.398274309476664604e-03
3.419031719532554359e+00 1.274670325556085670e-01 7.433776734411794845e-03
3.445742904841402332e+00 1.211773320519589081e-01 7.469450266493268299e-03
3.472454090150250305e+00 1.081366980223517626e-01 7.505295730387444471e-03
3.499165275459098723e+00 1.225156032186493771e-01 7.541313954735237059e-03
3.525876460767946696e+00 1.213235336011806997e-01 7.577505772171269638e-03
3.552587646076794670e+00 1.159261349402681412e-01 7.613872019343123285e-03
3.579298831385642643e+00 1.028552718111011982e-01 7.650413536930677876e-03
3.606010016694491060e+00 1.036092831274884052e-01 7.687131169665547062e-03
3.632721202003339034e+00 1.122731135755684478e-01 7.724025766350602583e-03
3.659432387312187007e+00 9.045170617887564324e-02 7.761098179879600927e-03
3.686143572621034981e+00 1.108629125168117541e-01 7.798349267256894125e-03
3.712854757929883398e+00 1.038701163816047046e-01 7.835779889617247237e-03
3.739565943238731371e+00 9.142613211454976574e-02 7.873390912245741696e-03
3.766277128547579345e+00 9.846916885087936278e-02 7.911183204597774937e-03
3.792988313856427318e+00 1.016682214966943137e-01 7.949157640319167578e-03
3.819699499165275736e+00 9.257056698251220350e-02 7.987315097266356467e-03
3.846410684474123709e+00 9.700525443640337087e-02 8.025656457526678805e-03
3.873121869782971682e+00 1.009783048860554699e-01 8.064182607438781167e-03
3.899833055091819656e+00 7.864184885426925287e-02 8.102894437613092707e-03
3.926544240400668073e+00 8.887988761822662731e-02 8.141792842952425002e-03
3.953255425709516047e+00 8.923713251330721297e-02 8.180878722672646486e-03
3.979966611018364020e+00 7.508873997354864605e-02 8.220152980323488720e-03
4.006677796327211993e+00 7.979944318983697715e-02 8.259616523809416855e-03
4.033388981636059967e+00 8.805142734059817622e-02 8.299270265410621517e-03
4.060100166944907940e+00 8.579090965963558080e-02 8.339115121804114780e-03
4.086811352253756802e+00 7.599838334698719167e-02 8.379152014084916347e-03
4.113522537562604775e+00 8.169810435075498811e-02 8.419381867787340337e-03
4.140233722871452748e+00 6.731289969950079999e-02 8.459805612906403510e-03
4.166944908180300722e+00 7.759388049550908217e-02 8.500424183919316756e-03
4.193656093489148695e+00 7.391455112954804785e-02 8.541238519807087606e-03
4.220367278797996669e+00 6.177605642307173323e-02 8.582249564076228562e-03
4.247078464106844642e+00 7.439918561278986708e-02 8.623458264780560836e-03
4.273789649415692615e+00 7.765613389500281016e-02 8.664865574543146459e-03
4.300500834724540589e+00 8.394476918050360059e-02 8.706472450578294983e-03
4.327212020033389450e+00 6.042355318932968872e-02 8.748279854713696818e-03
4.353923205342237424e+00 3.933517502010740879e-02 8.790288753412658918e-03
4.380634390651085397e+00 5.474211651420780866e-02 8.832500117796442812e-03
4.407345575959933370e+00 5.572382812861031987e-02 8.874914923666720606e-03
4.434056761268781344e+00 4.880963621076605391e-02 8.917534151528128117e-03
4.460767946577629317e+00 6.166661470905183962e-02 8.960358786610932505e-03
4.487479131886477290e+00 5.113415345128687756e-02 9.003389818893800522e-03
4.514190317195325264e+00 5.063912988063345305e-02 9.046628243126703800e-03
4.540901502504174125e+00 5.641746775279649073e-02 9.090075058853886586e-03
4.567612687813022099e+00 5.932400764128449577e-02 9.133731270436996549e-03
4.594323873121870072e+00 4.871056312482418410e-02 9.177597887078290176e-03
4.621035058430718045e+00 5.084376715939210867e-02 9.221675922843964798e-03
4.647746243739566019e+00 5.621027051771439187e-02 9.265966396687603385e-03
4.674457429048413992e+00 5.972062884504196478e-02 9.310470332473725144e-03
4.701168614357261966e+00 5.113933975647206448e-02 9.355188759001462767e-03
4.727879799666109939e+00 4.020644469381328551e-02 9.400122710028329873e-03
4.754590984974958801e+00 4.336526953435923537e-02 9.445273224294139375e-03
4.781302170283806774e+00 5.588618901780712661e-02 9.490641345544989504e-03
4.808013355592654747e+00 1.975027980008333198e-02 9.536228122557425038e-03
4.834724540901502721e+00 3.329596438377846468e-02 9.582034609162648833e-03
4.861435726210350694e+00 4.887442254186726703e-02 9.628061864270906836e-03
4.888146911519198667e+00 4.801940079369326070e-02 9.674310951895958091e-03
4.914858096828046641e+00 2.649076010308148640e-02 9.720782941179669651e-03
4.941569282136894614e+00 2.896773797129446881e-02 9.767478906416732914e-03
4.968280467445743476e+00 4.755446614622686058e-02 9.814399927079506605e-03
4.994991652754591449e+00 5.070963413753470234e-02 9.861547087842956888e-03
5.021702838063439422e+00 3.855093207325022142e-02 9.908921478609741471e-03
5.048414023372287396e+00 2.990596454790143618e-02 9.956524194535402994e-03
5.075125208681135369e+00 3.284441698971617141e-02 1.000435633605368559e-02
5.101836393989983343e+00 3.242045491406825991e-02 1.005241900890197285e-02
5.128547579298831316e+00 3.436830262639796463e-02 1.010071332414684900e-02
5.155258764607679289e+00 3.167646539796506455e-02 1.014924039820978494e-02
5.181969949916527263e+00 4.610473934768210408e-02 1.019800135289294397e-02
5.208681135225376124e+00 7.269314507569409056e-03 1.024699731540511943e-02
5.235392320534224098e+00 1.951180256216124287e-02 1.029622941838778498e-02
5.262103505843072071e+00 2.492316939313036356e-02 1.034569879994128895e-02
5.288814691151920044e+00 2.718015951894198895e-02 1.039540660365115103e-02
5.315525876460768018e+00 2.726274438405265274e-02 1.044535397861450637e-02
5.342237061769615991e+00 4.860652673142509816e-02 1.049554207946666595e-02
5.368948247078463964e+00 1.253921441456242077e-02 1.054597206640781916e-02
5.395659432387311938e+00 2.564125967042393123e-02 1.059664510522983008e-02
5.422370617696160799e+00 3.060449566259246246e-02 1.064756236734321765e-02
5.449081803005008773e+00 2.588616106474393372e-02 1.069872502980420519e-02
5.475792988313856746e+00 6.208819679376160333e-03 1.075013427534195383e-02
5.502504173622704720e+00 3.210936722396826037e-02 1.080179129238589483e-02
5.529215358931552693e+00 2.955420547086656108e-02 1.085369727509319891e-02
5.555926544240400666e+00 1.712310304560916291e-02 1.090585342337638784e-02
5.582637729549248640e+00 3.781500883783686651e-02 1.095826094293106401e-02
5.609348914858096613e+00 2.042882698353861576e-02 1.101092104526380129e-02
5.636060100166945475e+00 2.305853543575936415e-02 1.106383494772013310e-02
5.662771285475793448e+00 2.239178407413711797e-02 1.111700387351268783e-02
5.689482470784641421e+00 -7.442548274446823126e-03 1.117042905174949613e-02
5.716193656093489395e+00 2.438393690214505499e-02 1.122411171746237786e-02
5.742904841402337368e+00 2.700153199278792007e-02 1.127805311163549568e-02
5.769616026711185341e+00 1.280919192340826233e-02 1.133225448123405601e-02
5.796327212020033315e+00 3.005466016506423699e-02 1.138671707923312459e-02
5.823038397328881288e+00 1.633516965366817869e-02 1.144144216464658935e-02
5.849749582637730150e+00 1.136917605605464697e-02 1.149643100255627257e-02
5.876460767946578123e+00 9.621162542219712649e-03 1.155168486414117311e-02
5.903171953255426097e+00 2.858699900225258536e-02 1.160720502670685439e-02
5.929883138564274070e+00 1.515281778063602702e-02 1.166299277371496065e-02
5.956594323873122043e+00 1.633232721941259985e-02 1.171904939481290681e-02
5.983305509181970017e+00 1.399702971554809064e-02 1.177537618586367053e-02
6.010016694490817990e+00 1.740270122060227562e-02 1.183197444897576486e-02
6.036727879799665963e+00 -8.939387019006962698e-03 1.188884549253333041e-02
6.063439065108513937e+00 1.866273397737545914e-03 1.194599063122638201e-02
6.090150250417362798e+00 1.729416105764368036e-02 1.200341118608120455e-02
6.116861435726210772e+00 9.546012996905590617e-03 1.206110848449088238e-02
6.143572621035058745e+00 1.727512020762154640e-02 1.211908386024600041e-02
6.170283806343906718e+00 2.823214157838089405e-02 1.217733865356545805e-02
6.196994991652754692e+00 -9.652311521667730071e-03 1.223587421112747042e-02
6.223706176961602665e+00 1.864869514888441854e-02 1.229469188610068410e-02
6.250417362270450639e+00 7.964903650572976307e-03 1.235379303817546459e-02
6.277128547579298612e+00 1.679659576778236990e-02 1.241317903359532952e-02
6.303839732888147473e+00 -1.077996451363751919e-02 1.247285124518852754e-02
6.330550918196995447e+00 -9.375025504460697545e-03 1.253281105239978203e-02
6.357262103505843420e+00 2.917543887860223582e-03 1.259305984132216838e-02
6.383973288814691394e+00 3.122822496189944785e-02 1.265359900472917340e-02
6.410684474123539367e+00 5.882546470199270794e-03 1.271442994210686926e-02
6.437395659432387340e+00 1.948687124675757554e-02 1.277555405968628863e-02
6.464106844741235314e+00 1.767746459668063930e-02 1.283697277047591429e-02
6.490818030050083287e+00 1.091904254832738036e-02 1.289868749429435094e-02
6.517529215358932149e+00 3.533279361637622906e-02 1.296069965780315657e-02
6.544240400667780122e+00 -3.593093326488241285e-03 1.302301069453980220e-02
6.570951585976628095e+00 1.113008243374293688e-02 1.308562204495082593e-02
6.597662771285476069e+00 5.292658299919960826e-03 1.314853515642513265e-02
6.624373956594324042e+00 1.412045493868177397e-02 1.321175148332744652e-02
6.651085141903172016e+00 -1.076679330801339970e-03 1.327527248703192983e-02
6.677796327212019989e+00 8.788914200057512324e-03 1.333909963595597201e-02
6.704507512520867962e+00 -5.932388668607499471e-03 1.340323440559414159e-02
6.731218697829716824e+00 1.180344005492663280e-02 1.346767827855227008e-02
6.757929883138564797e+00 1.173444497589313032e-02 1.353243274458175265e-02
6.784641068447412771e+00 1.438418073881913770e-02 1.359749930061397716e-02
6.811352253756260744e+00 8.548363416775266871e-03 1.366287945079491979e-02
6.838063439065108717e+00 -2.121516072154787727e-03 1.372857470651993317e-02
6.864774624373956691e+00 2.531777299680215004e-02 1.379458658646866981e-02
6.891485809682804664e+00 2.708399676493938174e-02 1.386091661664019641e-02
6.918196994991652637e+00 -2.545720964515769957e-02 1.392756633038827463e-02
6.944908180300500611e+00 7.570488205307897636e-03 1.399453726845680153e-02
6.971619365609349472e+00 -1.223753273158166392e-02 1.406183097901542688e-02
6.998330550918197446e+00 -2.712120997896631802e-03 1.412944901769534224e-02
7.025041736227045419e+00 -8.753662640851086335e-04 1.419739294762525049e-02
7.051752921535893393e+00 2.156223897384806562e-02 1.426566433946748792e-02
7.078464106844741366e+00 2.187593106249143687e-02 1.433426477145434419e-02
7.105175292153589339e+00 6.948623268057055845e-03 1.440319582942454352e-02
7.131886477462437313e+00 2.062852796230247449e-02 1.447245910685989595e-02
7.158597662771285286e+00 3.185587574072418215e-02 1.454205620492214981e-02
7.185308848080134148e+00 -1.015482245192112637e-02 1.461198873248999511e-02
7.212020033388982121e+00 3.049004889157107441e-03 1.468225830619625423e-02
7.238731218697830094e+00 6.103711346381259992e-03 1.475286655046525487e-02
7.265442404006678068e+00 -2.127708944228643567e-02 1.482381509755039371e-02
7.292153589315526041e+00 -5.562749209190722549e-03 1.489510558757185972e-02
7.318864774624374014e+00 -7.481901261825690472e-03 1.496673966855453786e-02
7.345575959933221988e+00 2.293645454806056416e-02 1.503871899646613483e-02
7.372287145242069961e+00 1.458432371864359402e-02 1.511104523525542455e-02
7.398998330550918823e+00 -3.075234311914719354e-03 1.518372005689075203e-02
7.425709515859766796e+00 1.035876396763582216e-02 1.525674514139864664e-02
7.452420701168614769e+00 1.279017974551413181e-02 1.533012217690269373e-02
7.479131886477462743e+00 1.372208033423277275e-02 1.540385285966252432e-02
7.505843071786310716e+00 9.113754414420031230e-03 1.547793889411306668e-02
7.532554257095158690e+00 5.102926936209501232e-03 1.555238199290391761e-02
7.559265442404006663e+00 1.271120358487230068e-02 1.562718387693893748e-02
7.585976627712854636e+00 1.578894634779351436e-02 1.570234627541604311e-02
7.612687813021703498e+00 1.160774794936607693e-03 1.577787092586719481e-02
7.639398998330551471e+00 2.723332117203071390e-02 1.585375957419850323e-02
7.666110183639399445e+00 4.611474900183644421e-02 1.593001397473067099e-02
7.692821368948247418e+00 2.826344852977153571e-02 1.600663589023949840e-02
7.719532554257095391e+00 -2.527106441772876411e-03 1.608362709199662177e-02
7.746243739565943365e+00 4.870561102317452068e-04 1.616098935981051185e-02
7.772954924874791338e+00 -1.244823469702922153e-02 1.623872448206757288e-02
7.799666110183639312e+00 4.385903490114959058e-04 1.631683425577349147e-02
7.826377295492487285e+00 3.112887284662742282e-02 1.639532048659479366e-02
7.853088480801336146e+00 1.202287143832559378e-02 1.647418498890059271e-02
7.879799666110184120e+00 1.477228998369539692e-02 1.655342958580447929e-02
7.906510851419032093e+00 2.519643029640227308e-02 1.663305610920674804e-02
7.933222036727880067e+00 -1.946594880564430155e-02 1.671306639983667630e-02
7.959933222036728040e+00 3.870380468517581329e-02 1.679346230729511155e-02
7.986644407345576013e+00 1.469020410206830010e-03 1.687424569009721501e-02
8.013355592654423987e+00 4.295331704376040283e-02 1.695541841571543765e-02
8.040066777963271960e+00 -5.692484676935472346e-03 1.703698236062267321e-02
8.066777963272119933e+00 4.118471381487045363e-02 1.711893941033565056e-02
8.093489148580967907e+00 -2.155355642501867452e-02 1.720129145945852381e-02
8.120200333889815880e+00 9.614542575959988263e-04 1.728404041172664635e-02
8.146911519198663854e+00 8.265644090410320666e-04 1.736718818005061546e-02
8.173622704507513603e+00 2.467275836264331765e-02 1.745073668656046614e-02
8.200333889816361577e+00 4.851140529382304278e-02 1.753468786265010085e-02
8.227045075125209550e+00 1.988850156585852610e-02 1.761904364902196207e-02
8.253756260434057523e+00 1.732734373353768398e-02 1.770380599573188538e-02
8.280467445742905497e+00 3.689130631938357385e-02 1.778897686223417096e-02
8.307178631051753470e+00 -7.148893960033042561e-03 1.787455821742688772e-02
8.333889816360601444e+00 1.678485320264742203e-02 1.796055203969738542e-02
8.360601001669449417e+00 1.996864008149414754e-02 1.804696031696803940e-02
8.387312186978297390e+00 2.539046600631494899e-02 1.813378504674217906e-02
8.414023372287145364e+00 4.309743292827793171e-02 1.822102823615030440e-02
8.440734557595993337e+00 9.612413959491269630e-03 1.830869190199643087e-02
8.467445742904841310e+00 1.236922338830610119e-02 1.839677807080477429e-02
8.494156928213689284e+00 1.057533238814210852e-03 1.848528877886655361e-02
8.520868113522537257e+00 2.468928750906908623e-02 1.857422607228707834e-02
8.547579298831385231e+00 2.128735199665674621e-02 1.866359200703304397e-02
8.574290484140233204e+00 1.804846131877877943e-02 1.875338864898007385e-02
8.601001669449081177e+00 -1.120248887442332197e-02 1.884361807396045183e-02
8.627712854757930927e+00 2.506015128475989548e-02 1.893428236781113938e-02
8.654424040066778900e+00 2.672465265888548241e-02 1.902538362642195585e-02
8.681135225375626874e+00 2.434528340476134131e-02 1.911692395578407436e-02
8.707846410684474847e+00 -3.978157241466606653e-02 1.920890547203866344e-02
8.734557595993322821e+00 5.117686168397438118e-03 1.930133030152583751e-02
8.761268781302170794e+00 4.039061956887089744e-02 1.939420058083380152e-02
8.787979966611018767e+00 -3.482447723632868530e-03 1.948751845684822473e-02
8.814691151919866741e+00 5.790886302476237063e-03 1.958128608680190230e-02
8.841402337228714714e+00 3.576299846837624474e-02 1.967550563832460436e-02
8.868113522537562687e+00 4.837948497200615650e-03 1.977017928949317827e-02
8.894824707846410661e+00 1.729023528509500765e-02 1.986530922888192149e-02
8.921535893155258634e+00 -1.479829618740504532e-02 1.996089765561315926e-02
8.948247078464106607e+00 6.150945391653249439e-03 2.005694677940808232e-02
8.974958263772954581e+00 2.188720414576311377e-02 2.015345882063784150e-02
9.001669449081802554e+00 2.456169183268822401e-02 2.025043601037485735e-02
9.028380634390650528e+00 2.696756764123014669e-02 2.034788059044440392e-02
9.055091819699500277e+00 6.345499340583114767e-04 2.044579481347645611e-02
9.081803005008348251e+00 8.864111041543776270e-03 2.054418094295771061e-02
9.108514190317196224e+00 3.394979085427032167e-02 2.064304125328396411e-02
9.135225375626044197e+00 3.210551458204812664e-02 2.074237802981266851e-02
9.161936560934892171e+00 1.356438466397381741e-02 2.084219356891574629e-02
9.188647746243740144e+00 2.296266098123735111e-02 2.094249017803272161e-02
9.215358931552588118e+00 1.626148479270121683e-02 2.104327017572399719e-02
9.242070116861436091e+00 5.418269766175154434e-03 2.114453589172451964e-02
9.268781302170284064e+00 2.284879181410648386e-02 2.124628966699757676e-02
9.295492487479132038e+00 1.513172544008907494e-02 2.134853385378895907e-02
9.322203672787980011e+00 5.100018844872530183e-02 2.145127081568131214e-02
9.348914858096827984e+00 2.125338029726695985e-02 2.155450292764877346e-02
9.375626043405675958e+00 4.090518545384378563e-02 2.165823257611190072e-02
9.402337228714523931e+00 3.307128581846677240e-02 2.176246215899280828e-02
9.429048414023371905e+00 3.786809063581430407e-02 2.186719408577060889e-02
9.455759599332219878e+00 6.076896204296883264e-03 2.197243077753713650e-02
9.482470784641067851e+00 3.946449114815783060e-03 2.207817466705287723e-02
9.509181969949917601e+00 -2.332982630748876851e-02 2.218442819880324379e-02
9.535893155258765574e+00 1.018986984543138533e-02 2.229119382905503724e-02
9.562604340567613548e+00 5.580473599713127453e-02 2.239847402591328696e-02
9.589315525876461521e+00 2.144772468700424650e-02 2.250627126937827446e-02
9.616026711185309495e+00 -6.920882959796034045e-03 2.261458805140285563e-02
9.642737896494157468e+00 1.791255328195801022e-02 2.272342687595008473e-02
9.669449081803005441e+00 6.505913048942178756e-02 2.283279025905109866e-02
9.696160267111853415e+00 5.648118679516594270e-02 2.294268072886325102e-02
9.722871452420701388e+00 3.083624388761755514e-02 2.305310082572860700e-02
9.749582637729549361e+00 -4.158603143329914209e-03 2.316405310223262903e-02
9.776293823038397335e+00 3.772107574359057081e-02 2.327554012326318172e-02
9.803005008347245308e+00 3.800677521863037034e-02 2.338756446606986630e-02
9.829716193656093282e+00 4.210652914146970072e-02 2.350012872032353900e-02
9.856427378964941255e+00 3.087520408506019137e-02 2.361323548817623533e-02
9.883138564273789228e+00 3.874784946650584871e-02 2.372688738432128866e-02
9.909849749582637202e+00 4.042684300240419193e-02 2.384108703605377841e-02
9.936560934891486951e+00 9.923435163594132580e-04 2.395583708333128697e-02
9.963272120200334925e+00 2.440547724050776135e-02 2.407114017883487875e-02
9.989983305509182898e+00 2.573106028242778259e-02 2.418699898803048504e-02
1.001669449081803087e+01 3.816720653284318143e-02 2.430341618923048327e-02
1.004340567612687884e+01 2.824394256547604898e-02 2.442039447365560931e-02
1.007011686143572682e+01 6.619700590707243426e-02 2.453793654549719233e-02
1.009682804674457479e+01 1.730001449044141909e-02 2.465604512197965004e-02
1.012353923205342277e+01 2.000092175665538555e-02 2.477472293342330642e-02
1.015025041736227074e+01 4.293759071915908415e-02 2.489397272330752531e-02
1.017696160267111871e+01 5.578048963799497884e-02 2.501379724833409715e-02
1.020367278797996669e+01 -8.653268581217579691e-03 2.513419927849099705e-02
1.023038397328881466e+01 7.055317515526432492e-02 2.525518159711641689e-02
1.025709515859766263e+01 2.206991856736913865e-02 2.537674700096307148e-02
1.028380634390651061e+01 5.662558020074222320e-02 2.549889830026290036e-02
1.031051752921535858e+01 -1.830153910825795677e-02 2.562163831879201575e-02
1.033722871452420655e+01 2.851493504677262911e-02 2.574496989393594906e-02
1.036393989983305453e+01 4.166820439954769389e-02 2.586889587675528582e-02
1.039065108514190428e+01 4.751976926622820951e-02 2.599341913205156090e-02
1.041736227045075225e+01 -9.413336714833887842e-03 2.611854253843345214e-02
1.044407345575960022e+01 3.312499671357171938e-02 2.624426898838337283e-02
1.047078464106844820e+01 4.119264959079296795e-02 2.637060138832431760e-02
1.049749582637729617e+01 1.871830797096227239e-02 2.649754265868704828e-02
1.052420701168614414e+01 -3.857581353924395551e-03 2.662509573397759885e-02
1.055091819699499212e+01 2.511917219737155177e-02 2.675326356284512402e-02
1.057762938230384009e+01 4.491299379225793809e-04 2.688204910815007037e-02
1.060434056761268806e+01 7.519336746227796298e-03 2.701145534703263892e-02
1.063105175292153604e+01 4.197709788384874907e-02 2.714148527098164329e-02
1.065776293823038401e+01 7.276309022423047002e-02 2.727214188590363492e-02
1.068447412353923198e+01 3.096249425070797534e-02 2.740342821219240652e-02
1.071118530884807996e+01 3.464104296028616692e-02 2.753534728479883203e-02
1.073789649415692793e+01 2.938950575756500705e-02 2.766790215330097377e-02
1.076460767946577590e+01 -2.151548592154139267e-02 2.780109588197463011e-02
1.079131886477462388e+01 1.071620812623449992e-02 2.793493154986415733e-02
1.081803005008347363e+01 6.435162870205526908e-02 2.806941225085362798e-02
1.084474123539232160e+01 2.657015817908750521e-02 2.820454109373838128e-02
1.087145242070116957e+01 6.415705214305456039e-03 2.834032120229686494e-02
1.089816360601001755e+01 7.600541704767874163e-02 2.847675571536287947e-02
1.092487479131886552e+01 9.578710564803868954e-02 2.861384778689809311e-02
1.095158597662771349e+01 3.350735858899142605e-02 2.875160058606499730e-02
1.097829716193656147e+01 7.475415801047285980e-02 2.889001729730014331e-02
1.100500834724540944e+01 2.140307764560853143e-02 2.902910112038775345e-02
1.103171953255425741e+01 6.302870997464840586e-02 2.916885527053371743e-02
1.105843071786310539e+01 8.801464775265244178e-02 2.930928297843988714e-02
1.108514190317195336e+01 1.543634096684620705e-02 2.945038749037876685e-02
1.111185308848080133e+01 1.644351125840704669e-02 2.959217206826858862e-02
1.113856427378964931e+01 6.860516912543108969e-02 2.973463998974865824e-02
1.116527545909849728e+01 5.792060877465372848e-02 2.987779454825521125e-02
1.119198664440734525e+01 4.952589140517400096e-02 3.002163905309744932e-02
1.121869782971619323e+01 4.666119033341924877e-02 3.016617682953410054e-02
1.124540901502504120e+01 6.752251454070620773e-02 3.031141121885030584e-02
1.127212020033389095e+01 8.637837482188445715e-02 3.045734557843481766e-02
1.129883138564273892e+01 4.690368049983154042e-02 3.060398328185757327e-02
1.132554257095158690e+01 5.202537188999075551e-02 3.075132771894782679e-02
1.135225375626043487e+01 2.540753102399840452e-02 3.089938229587236435e-02
1.137896494156928284e+01 1.848768202543673092e-02 3.104815043521429521e-02
1.140567612687813082e+01 6.004239523728757688e-02 3.119763557605222462e-02
1.143238731218697879e+01 3.653389698783096606e-02 3.134784117403966591e-02
1.145909849749582676e+01 6.988911627042843078e-02 3.149877070148496272e-02
1.148580968280467474e+01 5.467079557747317464e-02 3.165042764743160320e-02
1.151252086811352271e+01 2.182231232730942605e-02 3.180281551773880833e-02
1.153923205342237068e+01 5.975678823998240713e-02 3.195593783516259556e-02
1.156594323873121866e+01 5.733077973926205273e-02 3.210979813943724837e-02
1.159265442404006663e+01 4.709979478978092854e-02 3.226439998735710496e-02
1.161936560934891460e+01 -4.544125040899280044e-03 3.241974695285878422e-02
1.164607679465776258e+01 7.795484546982228702e-02 3.257584262710385564e-02
1.167278797996661055e+01 1.266822189588760750e-02 3.273269061856176609e-02
1.169949916527546030e+01 1.315402385607154223e-01 3.289029455309335631e-02
1.172621035058430827e+01 -5.926353010302989888e-03 3.304865807403458561e-02
1.175292153589315625e+01 1.969137786111619520e-02 3.320778484228081168e-02
1.177963272120200422e+01 5.902270485473544437e-02 3.336767853637143816e-02
1.180634390651085219e+01 5.841259195540435267e-02 3.352834285257490221e-02
1.183305509181970017e+01 1.180876709954093162e-01 3.368978150497412699e-02
1.185976627712854814e+01 1.745727794205345282e-02 3.385199822555239740e-02
1.188647746243739611e+01 1.236710505494605788e-02 3.401499676427967300e-02
1.191318864774624409e+01 4.200785823448930506e-02 3.417878088919918539e-02
1.193989983305509206e+01 2.183039023122125902e-02 3.434335438651456990e-02
1.196661101836394003e+01 6.657196332494541569e-02 3.450872106067748996e-02
1.199332220367278801e+01 6.949379665379784576e-02 3.467488473447544878e-02
1.202003338898163598e+01 3.862598308658769103e-02 3.484184924912021863e-02
1.204674457429048395e+01 3.403488552770744802e-02 3.500961846433668645e-02
1.207345575959933193e+01 6.365852479433298239e-02 3.517819625845198389e-02
1.210016694490817990e+01 3.231207091281786126e-02 3.534758652848519339e-02
1.212687813021702787e+01 6.808340365253215398e-02 3.551779319023749132e-02
1.215358931552587762e+01 4.953776025272526445e-02 3.568882017838253401e-02
1.218030050083472560e+01 1.771345842534899698e-02 3.586067144655753075e-02
1.220701168614357357e+01 2.129089842839023555e-02 3.603335096745461513e-02
1.223372287145242154e+01 1.243607625011288187e-01 3.620686273291262580e-02
1.226043405676126952e+01 5.653313341344252257e-02 3.638121075400949089e-02
1.228714524207011749e+01 5.427544718591970074e-04 3.655639906115483451e-02
1.231385642737896546e+01 8.202175164102359917e-02 3.673243170418322850e-02
1.234056761268781344e+01 8.707356420191635082e-02 3.690931275244780513e-02
1.236727879799666141e+01 2.303804806129457552e-02 3.708704629491428595e-02
1.239398998330550938e+01 8.954816530568228405e-02 3.726563644025553818e-02
1.242070116861435736e+01 1.090774784469327602e-02 3.744508731694655423e-02
1.244741235392320533e+01 8.460949712979841386e-02 3.762540307335988932e-02
1.247412353923205330e+01 8.176098117611584060e-02 3.780658787786154301e-02
1.250083472454090128e+01 6.184096044615259441e-02 3.798864591890733361e-02
1.252754590984974925e+01 5.025605231110695514e-02 3.817158140513973730e-02
1.255425709515859722e+01 5.760716093018786871e-02 3.835539856548513676e-02
1.258096828046744697e+01 2.439710480622782340e-02 3.854010164925163184e-02
1.260767946577629495e+01 5.532201685436329008e-02 3.872569492622723181e-02
1.263439065108514292e+01 7.616445237421007319e-02 3.891218268677857500e-02
1.266110183639399089e+01 -1.603420838236521706e-02 3.909956924195012035e-02
1.268781302170283887e+01 4.241504970177731315e-02 3.928785892356380371e-02
1.271452420701168684e+01 -4.125693668455059776e-02 3.947705608431911761e-02
1.274123539232053481e+01 6.251613557629548401e-02 3.966716509789386391e-02
1.276794657762938279e+01 1.698214600792211787e-02 3.985819035904511476e-02
1.279465776293823076e+01 2.968461713460033083e-02 4.005013628371087431e-02
1.282136894824707873e+01 2.742026061971995429e-02 4.024300730911221230e-02
1.284808013355592671e+01 3.163972195925055658e-02 4.043680789385573765e-02
1.287479131886477468e+01 8.257580605952033470e-02 4.063154251803670347e-02
1.290150250417362265e+01 8.565812403760959814e-02 4.082721568334266721e-02
1.292821368948247063e+01 -3.839046468475347529e-02 4.102383191315739364e-02
1.295492487479131860e+01 6.640113644894606038e-02 4.122139575266551420e-02
1.298163606010016657e+01 1.549817603703110974e-02 4.141991176895765819e-02
1.300834724540901455e+01 8.103289421078140042e-02 4.161938455113587537e-02
1.303505843071786430e+01 1.227816033378116567e-01 4.181981871041985654e-02
1.306176961602671227e+01 5.634059953173865820e-02 4.202121888025346641e-02
1.308848080133556024e+01 5.192444377398500871e-02 4.222358971641187314e-02
1.311519198664440822e+01 1.257394937698066983e-01 4.242693589710917063e-02
1.314190317195325619e+01 3.696228756352611111e-02 4.263126212310654889e-02
1.316861435726210416e+01 6.380654708925855012e-03 4.283657311782092247e-02
1.319532554257095214e+01 5.726948700471223147e-02 4.304287362743411394e-02
1.322203672787980011e+01 6.915727898398005280e-02 4.325016842100268266e-02
1.324874791318864808e+01 5.933889444716978351e-02 4.345846229056800347e-02
1.327545909849749606e+01 6.401182641467628720e-02 4.366776005126714322e-02
1.330217028380634403e+01 -6.708822727955664200e-03 4.387806654144420920e-02
1.332888146911519200e+01 6.021963797953307218e-02 4.408938662276208620e-02
1.335559265442403998e+01 5.523823041112125437e-02 4.430172518031488815e-02
1.338230383973288795e+01 1.063411483205586178e-01 4.451508712274093726e-02
1.340901502504173592e+01 2.570587015361597630e-02 4.472947738233611775e-02
1.343572621035058390e+01 3.976874053792630453e-02 4.494490091516797209e-02
1.346243739565943365e+01 1.722770620206743458e-02 4.516136270119032459e-02
1.348914858096828162e+01 1.136354478089401376e-01 4.537886774435822418e-02
1.351585976627712959e+01 2.402554501651069097e-02 4.559742107274379619e-02
1.354257095158597757e+01 8.826791097194769398e-02 4.581702773865244799e-02
1.356928213689482554e+01 2.221862701659729419e-02 4.603769281873958119e-02
1.359599332220367351e+01 -1.534005450609862015e-02 4.625942141412796998e-02
1.362270450751252149e+01 -2.129170576763042555e-02 4.648221865052580559e-02
1.364941569282136946e+01 3.465357972981845947e-02 4.670608967834501135e-02
1.367612687813021743e+01 6.071293342224663714e-02 4.693103967282038352e-02
1.370283806343906541e+01 1.067858107999170303e-01 4.715707383412931497e-02
1.372954924874791338e+01 -7.479591689809390875e-03 4.738419738751183108e-02
1.375626043405676135e+01 1.408132442783163740e-02 4.761241558339150692e-02
1.378297161936560933e+01 -1.864867492186809972e-02 4.784173369749682853e-02
1.380968280467445730e+01 6.757856513573316792e-02 4.807215703098311615e-02
1.383639398998330527e+01 2.626967563502402569e-02 4.830369091055505826e-02
1.386310517529215325e+01 1.428018161074732784e-01 4.853634068858994621e-02
1.388981636060100122e+01 1.332837986597608104e-01 4.877011174326127685e-02
1.391652754590985097e+01 8.456117774791910291e-02 4.900500947866315987e-02
1.394323873121869894e+01 4.630209993419937692e-02 4.924103932493524571e-02
1.396994991652754692e+01 3.637796120803628297e-02 4.947820673838815991e-02
1.399666110183639489e+01 6.726919279178553146e-02 4.971651720162983262e-02
1.402337228714524286e+01 -2.342382627830547764e-02 4.995597622369202934e-02
1.405008347245409084e+01 2.262733463771412698e-02 5.019658934015779062e-02
1.407679465776293881e+01 1.707060753802894237e-02 5.043836211328942692e-02
1.410350584307178679e+01 7.257010284606292549e-02 5.068130013215709634e-02
1.413021702838063476e+01 6.742199096745012110e-03 5.092540901276795817e-02
1.415692821368948273e+01 4.186683692660854439e-02 5.117069439819598581e-02
1.418363939899833071e+01 -1.912116830079338414e-02 5.141716195871255668e-02
1.421035058430717868e+01 1.390867679317733252e-01 5.166481739191734757e-02
1.423706176961602665e+01 8.199271932696129694e-02 5.191366642287013888e-02
1.426377295492487463e+01 1.841937101331424242e-01 5.216371480422322959e-02
1.429048414023372260e+01 1.064879053941916176e-01 5.241496831635426151e-02
1.431719532554257057e+01 9.026079515333058911e-02 5.266743276749993874e-02
1.434390651085142032e+01 3.070431144307481097e-03 5.292111399389038545e-02
1.437061769616026830e+01 6.622899078787965188e-02 5.317601785988380209e-02
1.439732888146911627e+01 1.084067123800942778e-01 5.343215025810233582e-02
1.442404006677796424e+01 2.728007673413514883e-02 5.368951710956807594e-02
1.445075125208681222e+01 2.407298591920433925e-02 5.394812436384003457e-02
1.447746243739566019e+01 7.013746177107597901e-02 5.420797799915169635e-02
1.450417362270450816e+01 -7.127240138940998948e-02 5.446908402254914405e-02
1.453088480801335614e+01 2.365472406947437267e-02 5.473144847002993363e-02
1.455759599332220411e+01 1.084621270081453648e-01 5.499507740668275330e-02
1.458430717863105208e+01 -1.883921166294044713e-03 5.525997692682745044e-02
1.461101836393990006e+01 8.996235289341286689e-02 5.552615315415602298e-02
1.463772954924874803e+01 1.392472549642355673e-01 5.579361224187412427e-02
1.466444073455759600e+01 -4.844017237810735454e-03 5.606236037284342832e-02
1.469115191986644398e+01 6.269353169798597136e-03 5.633240375972437680e-02
1.471786310517529195e+01 9.128934677854379232e-02 5.660374864511991816e-02
1.474457429048413992e+01 5.403045561977709577e-02 5.687640130171982972e-02
1.477128547579298790e+01 8.047396011000389204e-02 5.715036803244563646e-02
1.479799666110183765e+01 2.136372927387913956e-02 5.742565517059636249e-02
1.482470784641068562e+01 -5.310436771484871449e-02 5.770226907999497640e-02
1.485141903171953359e+01 1.441394503431364660e-02 5.798021615513541949e-02
1.487813021702838157e+01 -3.316664108485294082e-03 5.825950282133052910e-02
1.490484140233722954e+01 -7.174791781947557900e-02 5.854013553486048932e-02
1.493155258764607751e+01 3.648951966680671205e-02 5.882212078312206577e-02
1.495826377295492549e+01 9.254014504749280556e-02 5.910546508477873551e-02
1.498497495826377346e+01 2.730017984317150911e-02 5.939017498991115002e-02
1.501168614357262143e+01 4.146464150432366963e-02 5.967625708016869451e-02
1.503839732888146941e+01 1.049913907617606446e-01 5.996371796892167177e-02
1.506510851419031738e+01 5.046675905359121472e-03 6.025256430141404107e-02
1.509181969949916535e+01 -7.864158346347471795e-02 6.054280275491712854e-02
1.511853088480801333e+01 -6.525656223864323424e-02 6.083444003888403145e-02
1.514524207011686130e+01 6.782978395810886074e-02 6.112748289510461230e-02
1.517195325542570927e+01 -2.492623705861056471e-03 6.142193809786137410e-02
1.519866444073455725e+01 7.331800710331003168e-02 6.171781245408617528e-02
1.522537562604340700e+01 8.328131460371407391e-02 6.201511280351743732e-02
1.525208681135225497e+01 1.331232488695840988e-01 6.231384601885826824e-02
1.527879799666110294e+01 3.106818769415914741e-02 6.261401900593550895e-02
1.530550918196995092e+01 6.938936280067099782e-02 6.291563870385916135e-02
1.533222036727879889e+01 -7.082060588532179679e-02 6.321871208518292651e-02
1.535893155258764686e+01 2.515101771953363180e-02 6.352324615606541602e-02
1.538564273789649484e+01 2.206680594915441107e-01 6.382924795643195315e-02
1.541235392320534281e+01 1.237488545637586701e-01 6.413672456013745637e-02
1.543906510851419078e+01 5.427656663222833050e-02 6.444568307512998917e-02
1.546577629382303876e+01 9.117467743122528723e-02 6.475613064361493421e-02
1.549248747913188673e+01 3.272181493621487136e-02 6.506807444222018066e-02
1.551919866444073470e+01 -9.502588894281581433e-02 6.538152168216210258e-02
1.554590984974958268e+01 -1.518665291360937752e-02 6.569647960941209230e-02
1.557262103505843065e+01 1.217697656842482296e-01 6.601295550486419028e-02
1.559933222036727862e+01 5.923980777521341973e-02 6.633095668450342264e-02
1.562604340567612660e+01 1.607474739214584669e-01 6.665049049957477711e-02
1.565275459098497457e+01 5.192344837702173727e-02 6.697156433675321985e-02
1.567946577629382432e+01 -8.565040590648126395e-02 6.729418561831461421e-02
1.570617696160267229e+01 1.727143420758542325e-01 6.761836180230698656e-02
1.573288814691152027e+01 2.413550972788594817e-01 6.794410038272312435e-02
1.575959933222036824e+01 7.108565106826089663e-02 6.827140888967390964e-02
1.578631051752921621e+01 1.298124576253204543e-01 6.860029488956216615e-02
1.581302170283806419e+01 7.306959159600646958e-02 6.893076598525767207e-02
1.583973288814691216e+01 6.363197937320591580e-02 6.926282981627301938e-02
1.586644407345576013e+01 -5.628988862608740734e-02 6.959649405894004215e-02
1.589315525876460811e+01 -1.210317634506442169e-02 6.993176642658734121e-02
1.591986644407345608e+01 5.844075516964065964e-02 7.026865466971868313e-02
1.594657762938230405e+01 1.212720930443062783e-01 7.060716657619200975e-02
1.597328881469115203e+01 8.751802571729269675e-02 7.094730997139954420e-02
1.600000000000000000e+01 4.290306170874287617e-02 7.128909271844878492e-02
