0.000000000000000000e+00 2.939110611183717858e-01 4.031999999999999994e-03
2.671118530884808093e-02 2.951300226105074698e-01 4.051278361594249505e-03
5.342237061769616185e-02 2.987009738683372162e-01 4.070649636994939403e-03
8.013355592654423931e-02 2.954804609210140431e-01 4.090114274008556892e-03
1.068447412353923237e-01 3.034674933351346748e-01 4.109672722599837583e-03
1.335559265442403942e-01 2.959575750597668864e-01 4.129325434902159087e-03
1.602671118530884786e-01 2.982955685752926578e-01 4.149072865227999667e-03
1.869782971619365630e-01 3.057988772799788979e-01 4.168915470079434180e-03
2.136894824707846474e-01 2.879306147826002915e-01 4.188853708158693338e-03
2.404006677796327318e-01 2.929139097695173111e-01 4.208888040378763740e-03
2.671118530884807885e-01 2.952037935491960696e-01 4.229018929874042536e-03
2.938230383973288729e-01 2.811829908781923737e-01 4.249246842011048485e-03
3.205342237061769572e-01 2.829178020506991076e-01 4.269572244399172031e-03
3.472454090150250416e-01 2.859653001181656773e-01 4.289995606901493043e-03
3.739565943238731260e-01 2.891272077518912687e-01 4.310517401645636709e-03
4.006677796327212104e-01 2.839833986215595796e-01 4.331138103034690157e-03
4.273789649415692948e-01 2.826257037116948756e-01 4.351858187758170238e-03
4.540901502504173792e-01 2.864723876096129107e-01 4.372678134803040760e-03
4.808013355592654636e-01 2.810325756736030134e-01 4.393598425464786961e-03
5.075125208681134925e-01 2.710388072006701954e-01 4.414619543358541155e-03
5.342237061769615769e-01 2.708162604421638919e-01 4.435741974430263898e-03
5.609348914858096613e-01 2.721408758610417422e-01 4.456966206967973715e-03
5.876460767946577457e-01 2.799810257707661676e-01 4.478292731613040152e-03
6.143572621035058301e-01 2.684210727445319189e-01 4.499722041371520195e-03
6.410684474123539145e-01 2.685266269144521156e-01 4.521254631625559739e-03
6.677796327212019989e-01 2.577854205723310033e-01 4.542891000144844496e-03
6.944908180300500833e-01 2.692358442054910705e-01 4.564631647098103817e-03
7.212020033388981677e-01 2.757851792010388436e-01 4.586477075064677826e-03
7.479131886477462521e-01 2.583698899556131634e-01 4.608427789046132261e-03
7.746243739565943365e-01 2.588852577456265402e-01 4.630484296477933165e-03
8.013355592654424209e-01 2.642895026445736262e-01 4.652647107241177950e-03
8.280467445742905053e-01 2.590866968978475238e-01 4.674916733674381979e-03
8.547579298831385897e-01 2.621315348788218480e-01 4.697293690585324123e-03
8.814691151919866741e-01 2.506955402052663540e-01 4.719778495262943498e-03
9.081803005008347585e-01 2.613084799878828135e-01 4.742371667489299510e-03
9.348914858096828429e-01 2.508361939070263280e-01 4.765073729551590892e-03
9.616026711185309273e-01 2.548966192844882572e-01 4.787885206254226776e-03
9.883138564273790116e-01 2.507926722987942059e-01 4.810806624930953276e-03
1.015025041736226985e+00 2.446922325193507941e-01 4.833838515457057269e-03
1.041736227045075180e+00 2.425796138378491507e-01 4.856981410261601399e-03
1.068447412353923154e+00 2.501213558727395925e-01 4.880235844339740614e-03
1.095158597662771349e+00 2.415570001429146463e-01 4.903602355265086407e-03
1.121869782971619323e+00 2.395297964559196802e-01 4.927081483202135244e-03
1.148580968280467518e+00 2.407718410998421488e-01 4.950673770918757703e-03
1.175292153589315491e+00 2.401910402080406626e-01 4.974379763798737926e-03
1.202003338898163687e+00 2.353162481428918429e-01 4.998200009854391127e-03
1.228714524207011660e+00 2.352713743680969194e-01 5.022135059739225339e-03
1.255425709515859856e+00 2.302167146721676994e-01 5.046185466760675156e-03
1.282136894824707829e+00 2.291632721858798682e-01 5.070351786892885772e-03
1.308848080133556024e+00 2.340764476379486869e-01 5.094634578789574222e-03
1.335559265442403998e+00 2.224201414447584957e-01 5.119034403796938332e-03
1.362270450751252193e+00 2.317189037963344189e-01 5.143551825966634176e-03
1.388981636060100167e+00 2.297192054112716930e-01 5.168187412068816870e-03
1.415692821368948362e+00 2.269773366063845277e-01 5.192941731605242063e-03
1.442404006677796335e+00 2.154971537491391920e-01 5.217815356822425553e-03
1.469115191986644531e+00 2.091467992764262651e-01 5.242808862724884431e-03
1.495826377295492504e+00 2.175902165042222502e-01 5.267922827088417255e-03
1.522537562604340700e+00 2.166070552899902746e-01 5.293157830473465761e-03
1.549248747913188673e+00 2.149775150182898498e-01 5.318514456238537282e-03
1.575959933222036868e+00 2.049829164891948940e-01 5.343993290553686153e-03
1.602671118530884842e+00 2.043102102063756587e-01 5.369594922414066239e-03
1.629382303839733037e+00 1.985594989710166569e-01 5.395319943653548514e-03
1.656093489148581011e+00 2.090891777142271368e-01 5.421168948958399354e-03
1.682804674457429206e+00 2.093763463004850722e-01 5.447142535881029958e-03
1.709515859766277179e+00 2.030831766172719322e-01 5.473241304853809081e-03
1.736227045075125153e+00 2.038596394600384332e-01 5.499465859202943424e-03
1.762938230383973348e+00 1.956261659050899104e-01 5.525816805162425682e-03
1.789649415692821321e+00 1.905172929325386622e-01 5.552294751888046768e-03
1.816360601001669517e+00 1.983970162881057153e-01 5.578900311471480904e-03
1.843071786310517490e+00 1.876201880122665699e-01 5.605634098954431419e-03
1.869782971619365686e+00 1.909450509325029965e-01 5.632496732342852017e-03
1.896494156928213659e+00 1.911689089916775719e-01 5.659488832621232222e-03
1.923205342237061855e+00 1.860751847819573646e-01 5.686611023766950483e-03
1.949916527545909828e+00 1.837730726806546810e-01 5.713863932764702731e-03
1.976627712854758023e+00 1.875366519675884247e-01 5.741248189620993397e-03
2.003338898163605997e+00 1.838603284889633871e-01 5.768764427378700148e-03
2.030050083472453970e+00 1.782770026936108254e-01 5.796413282131708880e-03
2.056761268781302388e+00 1.800452174346496015e-01 5.824195393039616371e-03
2.083472454090150361e+00 1.773301217651622186e-01 5.852111402342507519e-03
2.110183639398998334e+00 1.716981206267993998e-01 5.880161955375801108e-03
2.136894824707846308e+00 1.653996752942187842e-01 5.908347700585167561e-03
2.163606010016694725e+00 1.679327440850572895e-01 5.936669289541523023e-03
2.190317195325542698e+00 1.665112810555086920e-01 5.965127376956083291e-03
2.217028380634390672e+00 1.666847579793206136e-01 5.993722620695508818e-03
2.243739565943238645e+00 1.655015809711736785e-01 6.022455681797104360e-03
2.270450751252087063e+00 1.605574121367452922e-01 6.051327224484107960e-03
2.297161936560935036e+00 1.662027263540626076e-01 6.080337916181036313e-03
2.323873121869783009e+00 1.535902585399245013e-01 6.109488427529122939e-03
2.350584307178630983e+00 1.525318192704330222e-01 6.138779432401816200e-03
2.377295492487479400e+00 1.570454843680707813e-01 6.168211607920358851e-03
2.404006677796327374e+00 1.482719799717564790e-01 6.197785634469438719e-03
2.430717863105175347e+00 1.548164951436688530e-01 6.227502195712920907e-03
2.457429048414023320e+00 1.452439244855736056e-01 6.257361978609651994e-03
2.484140233722871738e+00 1.502620571043545017e-01 6.287365673429334487e-03
2.510851419031719711e+00 1.545330228826472807e-01 6.317513973768490616e-03
2.537562604340567685e+00 1.485325098153338907e-01 6.347807576566495517e-03
2.564273789649415658e+00 1.453580682242762157e-01 6.378247182121682402e-03
2.590984974958263631e+00 1.416876002505161325e-01 6.408833494107539670e-03
2.617696160267112049e+00 1.402128603398382356e-01 6.439567219588971346e-03
2.644407345575960022e+00 1.314478992624060483e-01 6.470449069038645105e-03
2.671118530884807996e+00 1.336890226536665560e-01 6.501479756353417509e-03
2.697829716193655969e+00 1.343333836945054260e-01 6.532659998870832090e-03
2.724540901502504386e+00 1.463985717442840007e-01 6.563990517385709378e-03
2.751252086811352360e+00 1.276133634862360311e-01 6.595472036166801118e-03
2.777963272120200333e+00 1.202508028007557156e-01 6.627105282973543357e-03
2.804674457429048307e+00 1.262712192259108634e-01 6.658890989072870255e-03
2.831385642737896724e+00 1.367231799194511821e-01 6.690829889256126768e-03
2.858096828046744697e+00 1.342631445707518911e-01 6.722922721856045523e-03
2.884808013355592671e+00 1.314455660190259056e-01 6.755170228763825169e-03
2.911519198664440644e+00 1.350118163405004124e-01 6.787573155446275514e-03
2.938230383973289062e+00 1.062085053330350526e-01 6.820132250963050272e-03
2.964941569282137035e+00 1.150322761505804953e-01 6.852848267983963938e-03
2.991652754590985008e+00 1.099537192451197215e-01 6.885721962806390199e-03
3.018363939899832982e+00 1.125325539026962862e-01 6.918754095372748811e-03
3.045075125208681399e+00 1.150127254398911336e-01 6.951945429288067940e-03
3.071786310517529373e+00 1.020618316007095572e-01 6.985296731837639314e-03
3.098497495826377346e+00 1.081505555528695373e-01 7.018808774004759235e-03
3.125208681135225319e+00 1.164804859038845453e-01 7.052482330488543324e-03
3.151919866444073737e+00 1.092742149378823080e-01 7.086318179721844482e-03
3.178631051752921710e+00 9.742939106714981756e-02 7.120317103889235028e-03
3.205342237061769683e+00 1.056453465445867795e-01 7.154479888945105073e-03
3.232053422370617657e+00 9.896901664071765248e-02 7.188807324631819005e-03
3.258764607679466074e+00 1.011322352900367733e-01 7.223300204497975184e-03
3.285475792988314048e+00 9.803371509178435139e-02 7.257959325916754113e-03
3.312186978297162021e+00 1.022848662533331343e-01 7.292785490104345542e-03
3.338898163606009994e+00 9.558737654195194333e-02 7.327779502138471839e-03
3.365609348914858412e+00 8.399723229721400841e-02 7.362942170977008517e-03
3.392320534223706385e+00 9.043299571041528429e-02 7.398274309476664604e-03
3.419031719532554359e+00 8.844510174071806841e-02 7.433776734411794845e-03
3.445742904841402332e+00 7.843573420829316745e-02 7.469450266493268299e-03
3.472454090150250305e+00 8.607092298394013186e-02 7.505295730387444471e-03
3.499165275459098723e+00 9.522742200503162002e-02 7.541313954735237059e-03
3.525876460767946696e+00 8.566710762213634867e-02 7.577505772171269638e-03
3.552587646076794670e+00 9.620279180573018674e-02 7.613872019343123285e-03
3.579298831385642643e+00 8.894871851054343692e-02 7.650413536930677876e-03
3.606010016694491060e+00 8.223039743438054217e-02 7.687131169665547062e-03
3.632721202003339034e+00 7.503907344506542676e-02 7.724025766350602583e-03
3.659432387312187007e+00 8.163715381129633963e-02 7.761098179879600927e-03
3.686143572621034981e+00 8.406825178910093399e-02 7.798349267256894125e-03
3.712854757929883398e+00 7.857376158150330969e-02 7.835779889617247237e-03
3.739565943238731371e+00 8.636497453288215220e-02 7.873390912245741696e-03
3.766277128547579345e+00 5.851209070298038495e-02 7.911183204597774937e-03
3.792988313856427318e+00 6.798091523594820829e-02 7.949157640319167578e-03
3.819699499165275736e+00 8.486346080136146497e-02 7.987315097266356467e-03
3.846410684474123709e+00 6.800723834856496619e-02 8.025656457526678805e-03
3.873121869782971682e+00 6.798249610729097114e-02 8.064182607438781167e-03
3.899833055091819656e+00 7.256791952511312815e-02 8.102894437613092707e-03
3.926544240400668073e+00 6.305997481547731542e-02 8.141792842952425002e-03
3.953255425709516047e+00 7.196484133535295535e-02 8.180878722672646486e-03
3.979966611018364020e+00 6.626948474918396836e-02 8.220152980323488720e-03
4.006677796327211993e+00 5.476686111360033055e-02 8.259616523809416855e-03
4.033388981636059967e+00 5.140798307136473788e-02 8.299270265410621517e-03
4.060100166944907940e+00 7.306290075546871543e-02 8.339115121804114780e-03
4.086811352253756802e+00 6.420079187113678088e-02 8.379152014084916347e-03
4.113522537562604775e+00 5.057241870717624904e-02 8.419381867787340337e-03
4.140233722871452748e+00 4.529723636723771707e-02 8.459805612906403510e-03
4.166944908180300722e+00 5.824334636674217275e-02 8.500424183919316756e-03
4.193656093489148695e+00 5.095988137581217159e-02 8.541238519807087606e-03
4.220367278797996669e+00 5.757520904045106136e-02 8.582249564076228562e-03
4.247078464106844642e+00 3.318636866388583601e-02 8.623458264780560836e-03
4.273789649415692615e+00 5.949126607020092938e-02 8.664865574543146459e-03
4.300500834724540589e+00 4.195530622650657515e-02 8.706472450578294983e-03
4.327212020033389450e+00 5.222660016916855219e-02 8.748279854713696818e-03
4.353923205342237424e+00 3.534772917419556210e-02 8.790288753412658918e-03
4.380634390651085397e+00 4.169641635925885881e-02 8.832500117796442812e-03
4.407345575959933370e+00 4.299917871935465818e-02 8.874914923666720606e-03
4.434056761268781344e+00 4.977369982655113767e-02 8.917534151528128117e-03
4.460767946577629317e+00 4.988262367564642863e-02 8.960358786610932505e-03
4.487479131886477290e+00 4.096624024670470626e-02 9.003389818893800522e-03
4.514190317195325264e+00 3.158777857598030897e-02 9.046628243126703800e-03
4.540901502504174125e+00 4.284677900909477505e-02 9.090075058853886586e-03
4.567612687813022099e+00 3.003918259434974758e-02 9.133731270436996549e-03
4.594323873121870072e+00 2.833051527354327540e-02 9.177597887078290176e-03
4.621035058430718045e+00 3.755235703087005106e-02 9.221675922843964798e-03
4.647746243739566019e+00 3.256586979413569199e-02 9.265966396687603385e-03
4.674457429048413992e+00 3.116403235950173864e-02 9.310470332473725144e-03
4.701168614357261966e+00 2.758335641846610883e-02 9.355188759001462767e-03
4.727879799666109939e+00 3.643014813900511545e-02 9.400122710028329873e-03
4.754590984974958801e+00 2.915132269636933060e-02 9.445273224294139375e-03
4.781302170283806774e+00 4.007645152734529148e-02 9.490641345544989504e-03
4.808013355592654747e+00 3.788077994387615416e-02 9.536228122557425038e-03
4.834724540901502721e+00 2.605979353124466755e-02 9.582034609162648833e-03
4.861435726210350694e+00 3.898982269693666847e-02 9.628061864270906836e-03
4.888146911519198667e+00 2.354978421748709153e-02 9.674310951895958091e-03
4.914858096828046641e+00 2.632158444148287313e-02 9.720782941179669651e-03
4.941569282136894614e+00 1.859667223817925569e-02 9.767478906416732914e-03
4.968280467445743476e+00 2.817867332514757683e-02 9.814399927079506605e-03
4.994991652754591449e+00 3.734944710779759119e-02 9.861547087842956888e-03
5.021702838063439422e+00 2.130191879200658486e-02 9.908921478609741471e-03
5.048414023372287396e+00 3.501604167021019065e-02 9.956524194535402994e-03
5.075125208681135369e+00 2.393704074432978501e-02 1.000435633605368559e-02
5.101836393989983343e+00 2.062573238511529461e-02 1.005241900890197285e-02
5.128547579298831316e+00 2.989741367331055083e-02 1.010071332414684900e-02
5.155258764607679289e+00 1.700769384997633665e-02 1.014924039820978494e-02
5.181969949916527263e+00 2.957440025057501976e-02 1.019800135289294397e-02
5.208681135225376124e+00 2.381536488809321214e-02 1.024699731540511943e-02
5.235392320534224098e+00 2.369463443480113868e-02 1.029622941838778498e-02
5.262103505843072071e+00 2.015206990188419742e-02 1.034569879994128895e-02
5.288814691151920044e+00 1.862534351812653380e-02 1.039540660365115103e-02
5.315525876460768018e+00 -6.159150188519372376e-03 1.044535397861450637e-02
5.342237061769615991e+00 1.827349685135631896e-02 1.049554207946666595e-02
5.368948247078463964e+00 -4.572197909683002603e-03 1.054597206640781916e-02
5.395659432387311938e+00 2.369095758819479008e-02 1.059664510522983008e-02
5.422370617696160799e+00 1.716155309819842462e-02 1.064756236734321765e-02
5.449081803005008773e+00 8.528421545550880084e-03 1.069872502980420519e-02
5.475792988313856746e+00 2.340531041748157570e-02 1.075013427534195383e-02
5.502504173622704720e+00 1.044637100469503546e-02 1.080179129238589483e-02
5.529215358931552693e+00 1.919062893748414711e-02 1.085369727509319891e-02
5.555926544240400666e+00 6.627874197883996260e-03 1.090585342337638784e-02
5.582637729549248640e+00 1.541718811499314876e-03 1.095826094293106401e-02
5.609348914858096613e+00 1.309943820717524542e-02 1.101092104526380129e-02
5.636060100166945475e+00 1.124271696249647123e-02 1.106383494772013310e-02
5.662771285475793448e+00 1.740430687514436803e-02 1.111700387351268783e-02
5.689482470784641421e+00 2.033215129937968740e-02 1.117042905174949613e-02
5.716193656093489395e+00 5.243999352202862417e-03 1.122411171746237786e-02
5.742904841402337368e+00 1.580344191235952614e-02 1.127805311163549568e-02
5.769616026711185341e+00 -6.715396106355108960e-03 1.133225448123405601e-02
5.796327212020033315e+00 1.439357938403765941e-02 1.138671707923312459e-02
5.823038397328881288e+00 1.852184171827543635e-02 1.144144216464658935e-02
5.849749582637730150e+00 -1.784926509107977177e-03 1.149643100255627257e-02
5.876460767946578123e+00 -3.445481981443340030e-03 1.155168486414117311e-02
5.903171953255426097e+00 7.326262301651892753e-03 1.160720502670685439e-02
5.929883138564274070e+00 9.031384212857696686e-03 1.166299277371496065e-02
5.956594323873122043e+00 6.870565411325168723e-03 1.171904939481290681e-02
5.983305509181970017e+00 3.435646764824318994e-03 1.177537618586367053e-02
6.010016694490817990e+00 1.682122133846889606e-02 1.183197444897576486e-02
6.036727879799665963e+00 2.259949230491514749e-02 1.188884549253333041e-02
6.063439065108513937e+00 2.539662824339183889e-02 1.194599063122638201e-02
6.090150250417362798e+00 1.732967896968470173e-02 1.200341118608120455e-02
6.116861435726210772e+00 1.175484532863147608e-02 1.206110848449088238e-02
6.143572621035058745e+00 6.518614651006323334e-03 1.211908386024600041e-02
6.170283806343906718e+00 5.040904754375428141e-03 1.217733865356545805e-02
6.196994991652754692e+00 5.252219186382404981e-03 1.223587421112747042e-02
6.223706176961602665e+00 1.638614000174233587e-02 1.229469188610068410e-02
6.250417362270450639e+00 -6.862714152676268990e-03 1.235379303817546459e-02
6.277128547579298612e+00 1.208947967490762304e-02 1.241317903359532952e-02
6.303839732888147473e+00 -3.619685380805157462e-04 1.247285124518852754e-02
6.330550918196995447e+00 2.223030186874652009e-02 1.253281105239978203e-02
6.357262103505843420e+00 1.663820609128300460e-02 1.259305984132216838e-02
6.383973288814691394e+00 1.162299731996372168e-02 1.265359900472917340e-02
6.410684474123539367e+00 -1.173485133347445218e-03 1.271442994210686926e-02
6.437395659432387340e+00 1.100350865484207158e-02 1.277555405968628863e-02
6.464106844741235314e+00 1.989274674418326991e-02 1.283697277047591429e-02
6.490818030050083287e+00 9.750653847342343611e-03 1.289868749429435094e-02
6.517529215358932149e+00 -9.254841312175314874e-04 1.296069965780315657e-02
6.544240400667780122e+00 6.201380978226559045e-03 1.302301069453980220e-02
6.570951585976628095e+00 -1.548153485557677428e-02 1.308562204495082593e-02
6.597662771285476069e+00 3.306084358223954078e-02 1.314853515642513265e-02
6.624373956594324042e+00 1.600001335708705827e-03 1.321175148332744652e-02
6.651085141903172016e+00 -5.153991135449255238e-03 1.327527248703192983e-02
6.677796327212019989e+00 1.348773962185863783e-02 1.333909963595597201e-02
6.704507512520867962e+00 1.103099646715431821e-02 1.340323440559414159e-02
6.731218697829716824e+00 2.078231900948072919e-02 1.346767827855227008e-02
6.757929883138564797e+00 2.055994139863151493e-02 1.353243274458175265e-02
6.784641068447412771e+00 7.898138709745570335e-03 1.359749930061397716e-02
6.811352253756260744e+00 7.063666142919250782e-03 1.366287945079491979e-02
6.838063439065108717e+00 1.754240111655479273e-02 1.372857470651993317e-02
6.864774624373956691e+00 -7.735036759053088434e-03 1.379458658646866981e-02
6.891485809682804664e+00 -2.419024307759922235e-03 1.386091661664019641e-02
6.918196994991652637e+00 4.482810015078877650e-03 1.392756633038827463e-02
6.944908180300500611e+00 -9.144463755526044749e-03 1.399453726845680153e-02
6.971619365609349472e+00 -3.564084638432191143e-03 1.406183097901542688e-02
6.998330550918197446e+00 -3.157839531747576312e-02 1.412944901769534224e-02
7.025041736227045419e+00 1.057959840733662879e-02 1.419739294762525049e-02
7.051752921535893393e+00 1.870234821129946462e-02 1.426566433946748792e-02
7.078464106844741366e+00 4.625335928265011248e-03 1.433426477145434419e-02
7.105175292153589339e+00 -1.202413239866375813e-02 1.440319582942454352e-02
7.131886477462437313e+00 -1.665275078722102536e-02 1.447245910685989595e-02
7.158597662771285286e+00 -8.224227295630942222e-03 1.454205620492214981e-02
7.185308848080134148e+00 -1.272672438600965308e-03 1.461198873248999511e-02
7.212020033388982121e+00 1.764160732893239880e-03 1.468225830619625423e-02
7.238731218697830094e+00 -3.318974980627329048e-03 1.475286655046525487e-02
7.265442404006678068e+00 4.110879685880954038e-03 1.482381509755039371e-02
7.292153589315526041e+00 -6.748994360409650388e-03 1.489510558757185972e-02
7.318864774624374014e+00 1.779975284049834308e-02 1.496673966855453786e-02
7.345575959933221988e+00 -4.555048951326138434e-03 1.503871899646613483e-02
7.372287145242069961e+00 -1.095093495693108890e-02 1.511104523525542455e-02
7.398998330550918823e+00 2.192943454271788911e-02 1.518372005689075203e-02
7.425709515859766796e+00 2.188843000253095847e-02 1.525674514139864664e-02
7.452420701168614769e+00 2.705737945966772348e-02 1.533012217690269373e-02
7.479131886477462743e+00 3.622441104343722407e-02 1.540385285966252432e-02
7.505843071786310716e+00 2.362298968774645402e-02 1.547793889411306668e-02
7.532554257095158690e+00 5.363771115913701197e-03 1.555238199290391761e-02
7.559265442404006663e+00 9.400961662976464739e-03 1.562718387693893748e-02
7.585976627712854636e+00 1.275435774047283845e-02 1.570234627541604311e-02
7.612687813021703498e+00 3.878277681810762823e-02 1.577787092586719481e-02
7.639398998330551471e+00 -1.979623545758018438e-03 1.585375957419850323e-02
7.666110183639399445e+00 -2.915815922246511524e-02 1.593001397473067099e-02
7.692821368948247418e+00 9.372468533508284544e-03 1.600663589023949840e-02
7.719532554257095391e+00 -5.812035291201217771e-03 1.608362709199662177e-02
7.746243739565943365e+00 -7.565996779727336696e-05 1.616098935981051185e-02
7.772954924874791338e+00 4.316390829174954202e-02 1.623872448206757288e-02
7.799666110183639312e+00 3.685421558965114308e-02 1.631683425577349147e-02
7.826377295492487285e+00 7.125366148801158192e-03 1.639532048659479366e-02
7.853088480801336146e+00 -1.986097786131217451e-03 1.647418498890059271e-02
7.879799666110184120e+00 2.057662918700294691e-02 1.655342958580447929e-02
7.906510851419032093e+00 -8.188072139003913646e-03 1.663305610920674804e-02
7.933222036727880067e+00 3.804032843751731230e-02 1.671306639983667630e-02
7.959933222036728040e+00 1.412833796203041142e-02 1.679346230729511155e-02
7.986644407345576013e+00 4.042645103792924868e-03 1.687424569009721501e-02
8.013355592654423987e+00 1.980179827495530745e-03 1.695541841571543765e-02
8.040066777963271960e+00 3.951880021783324773e-03 1.703698236062267321e-02
8.066777963272119933e+00 2.670039928482075692e-02 1.711893941033565056e-02
8.093489148580967907e+00 -1.948136686926410510e-02 1.720129145945852381e-02
8.120200333889815880e+00 1.482578994437520198e-02 1.728404041172664635e-02
8.146911519198663854e+00 -3.748371701700837534e-03 1.736718818005061546e-02
8.173622704507513603e+00 1.059165874905756803e-02 1.745073668656046614e-02
8.200333889816361577e+00 -1.114587593318392376e-02 1.753468786265010085e-02
8.227045075125209550e+00 1.109251983242315158e-02 1.761904364902196207e-02
8.253756260434057523e+00 2.213319016639008624e-02 1.770380599573188538e-02
8.280467445742905497e+00 8.289262436399737893e-03 1.778897686223417096e-02
8.307178631051753470e+00 1.070090571892993135e-02 1.787455821742688772e-02
8.333889816360601444e+00 2.241410016102005076e-02 1.796055203969738542e-02
8.360601001669449417e+00 9.783360760240982640e-03 1.804696031696803940e-02
8.387312186978297390e+00 -8.133996039314592488e-03 1.813378504674217906e-02
8.414023372287145364e+00 -1.286862374678279276e-02 1.822102823615030440e-02
8.440734557595993337e+00 2.157261067447287239e-02 1.830869190199643087e-02
8.467445742904841310e+00 4.744269357099290853e-03 1.839677807080477429e-02
8.494156928213689284e+00 2.279635327648300153e-02 1.848528877886655361e-02
8.520868113522537257e+00 -1.482665123086969287e-02 1.857422607228707834e-02
8.547579298831385231e+00 -1.152015004736486707e-02 1.866359200703304397e-02
8.574290484140233204e+00 -2.619230772925598694e-03 1.875338864898007385e-02
8.601001669449081177e+00 1.330585101146284505e-03 1.884361807396045183e-02
8.627712854757930927e+00 5.330233574044008701e-03 1.893428236781113938e-02
8.654424040066778900e+00 -1.375870885506575575e-03 1.902538362642195585e-02
8.681135225375626874e+00 5.511211154959481939e-02 1.911692395578407436e-02
8.707846410684474847e+00 3.101198816722895713e-02 1.920890547203866344e-02
8.734557595993322821e+00 -1.957504355058189982e-03 1.930133030152583751e-02
8.761268781302170794e+00 2.521412734294857516e-02 1.939420058083380152e-02
8.787979966611018767e+00 -1.177958144476811374e-02 1.948751845684822473e-02
8.814691151919866741e+00 -1.680111640433551434e-02 1.958128608680190230e-02
8.841402337228714714e+00 9.496994433397350915e-03 1.967550563832460436e-02
8.868113522537562687e+00 1.122865261376208845e-02 1.977017928949317827e-02
8.894824707846410661e+00 2.562054749071029924e-02 1.986530922888192149e-02
8.921535893155258634e+00 -4.886314053453535977e-03 1.996089765561315926e-02
8.948247078464106607e+00 4.200246516112617068e-02 2.005694677940808232e-02
8.974958263772954581e+00 -1.119987112175487541e-02 2.015345882063784150e-02
9.001669449081802554e+00 3.412919465256876450e-02 2.025043601037485735e-02
9.028380634390650528e+00 1.282954541550720973e-02 2.034788059044440392e-02
9.055091819699500277e+00 -1.097550747540038639e-02 2.044579481347645611e-02
9.081803005008348251e+00 1.235296271295027899e-02 2.054418094295771061e-02
9.108514190317196224e+00 2.701847335727231014e-04 2.064304125328396411e-02
9.135225375626044197e+00 5.786122657048390835e-03 2.074237802981266851e-02
9.161936560934892171e+00 -5.290282492368037284e-03 2.084219356891574629e-02
9.188647746243740144e+00 2.358805267554494461e-02 2.094249017803272161e-02
9.215358931552588118e+00 3.766598749060311863e-02 2.104327017572399719e-02
9.242070116861436091e+00 5.684969200389280303e-02 2.114453589172451964e-02
9.268781302170284064e+00 -3.085814079193505491e-02 2.124628966699757676e-02
9.295492487479132038e+00 -1.772571853098406369e-02 2.134853385378895907e-02
9.322203672787980011e+00 -4.724002670517750413e-03 2.145127081568131214e-02
9.348914858096827984e+00 8.022839589815589090e-02 2.155450292764877346e-02
9.375626043405675958e+00 3.979414028198895170e-03 2.165823257611190072e-02
9.402337228714523931e+00 -2.667315862313460184e-03 2.176246215899280828e-02
9.429048414023371905e+00 1.614193456290608647e-02 2.186719408577060889e-02
9.455759599332219878e+00 5.971819275783016821e-03 2.197243077753713650e-02
9.482470784641067851e+00 2.000723569161490939e-02 2.207817466705287723e-02
9.509181969949917601e+00 9.432775790343874561e-04 2.218442819880324379e-02
9.535893155258765574e+00 1.685215877598216991e-02 2.229119382905503724e-02
9.562604340567613548e+00 3.994640716648746245e-03 2.239847402591328696e-02
9.589315525876461521e+00 -3.551362483417728338e-02 2.250627126937827446e-02
9.616026711185309495e+00 -1.418475004154713844e-02 2.261458805140285563e-02
9.642737896494157468e+00 2.724299116930498088e-02 2.272342687595008473e-02
9.669449081803005441e+00 4.316255273401489734e-02 2.283279025905109866e-02
9.696160267111853415e+00 1.508066816364856538e-02 2.294268072886325102e-02
9.722871452420701388e+00 1.387578892573440234e-02 2.305310082572860700e-02
9.749582637729549361e+00 5.139023201535752178e-02 2.316405310223262903e-02
9.776293823038397335e+00 2.426969515727000343e-03 2.327554012326318172e-02
9.803005008347245308e+00 3.219114886361269107e-02 2.338756446606986630e-02
9.829716193656093282e+00 5.083043086389163467e-02 2.350012872032353900e-02
9.856427378964941255e+00 2.347389111065433659e-02 2.361323548817623533e-02
9.883138564273789228e+00 3.526388766890994897e-02 2.372688738432128866e-02
9.909849749582637202e+00 -2.008019833196356824e-02 2.384108703605377841e-02
9.936560934891486951e+00 -5.216547704621418702e-03 2.395583708333128697e-02
9.963272120200334925e+00 4.721270820014429256e-03 2.407114017883487875e-02
9.989983305509182898e+00 1.356336632721118034e-02 2.418699898803048504e-02
1.001669449081803087e+01 1.133528880359843671e-02 2.430341618923048327e-02
1.004340567612687884e+01 2.774478747680864457e-02 2.442039447365560931e-02
1.007011686143572682e+01 3.723146025587581454e-02 2.453793654549719233e-02
1.009682804674457479e+01 2.932730573556517617e-02 2.465604512197965004e-02
1.012353923205342277e+01 -2.882185677401810642e-04 2.477472293342330642e-02
1.015025041736227074e+01 4.564763371652670598e-02 2.489397272330752531e-02
1.017696160267111871e+01 6.319887021468770238e-02 2.501379724833409715e-02
1.020367278797996669e+01 -9.637988290366387295e-03 2.513419927849099705e-02
1.023038397328881466e+01 3.668852016190448512e-02 2.525518159711641689e-02
1.025709515859766263e+01 5.187553964722353694e-02 2.537674700096307148e-02
1.028380634390651061e+01 1.248226817102130771e-02 2.549889830026290036e-02
1.031051752921535858e+01 -1.043600382295317014e-02 2.562163831879201575e-02
1.033722871452420655e+01 1.653770244452040794e-04 2.574496989393594906e-02
1.036393989983305453e+01 6.420100735303158057e-02 2.586889587675528582e-02
1.039065108514190428e+01 1.668592397608173808e-02 2.599341913205156090e-02
1.041736227045075225e+01 1.985855527802273326e-02 2.611854253843345214e-02
1.044407345575960022e+01 3.257672638348151073e-02 2.624426898838337283e-02
1.047078464106844820e+01 1.794962597601922408e-02 2.637060138832431760e-02
1.049749582637729617e+01 2.173413807543135914e-02 2.649754265868704828e-02
1.052420701168614414e+01 7.231313092687994062e-03 2.662509573397759885e-02
1.055091819699499212e+01 8.580281841670265100e-03 2.675326356284512402e-02
1.057762938230384009e+01 4.550199192518084024e-02 2.688204910815007037e-02
1.060434056761268806e+01 -1.032091488100697965e-02 2.701145534703263892e-02
1.063105175292153604e+01 1.608194807206727098e-02 2.714148527098164329e-02
1.065776293823038401e+01 6.208608604020796062e-02 2.727214188590363492e-02
1.068447412353923198e+01 1.652207855154280008e-02 2.740342821219240652e-02
1.071118530884807996e+01 5.239345547878232479e-02 2.753534728479883203e-02
1.073789649415692793e+01 3.023857896555390279e-02 2.766790215330097377e-02
1.076460767946577590e+01 2.389707971922664168e-02 2.780109588197463011e-02
1.079131886477462388e+01 2.527701459168013240e-02 2.793493154986415733e-02
1.081803005008347363e+01 7.843241153563608459e-02 2.806941225085362798e-02
1.084474123539232160e+01 7.934573882830579794e-02 2.820454109373838128e-02
1.087145242070116957e+01 8.984047978660985798e-03 2.834032120229686494e-02
1.089816360601001755e+01 4.732398658827402516e-02 2.847675571536287947e-02
1.092487479131886552e+01 -3.442448155979178220e-03 2.861384778689809311e-02
1.095158597662771349e+01 -2.259287102939832453e-03 2.875160058606499730e-02
1.097829716193656147e+01 4.528968697407642630e-02 2.889001729730014331e-02
1.100500834724540944e+01 -5.777324450708571507e-03 2.902910112038775345e-02
1.103171953255425741e+01 8.570837552609398766e-03 2.916885527053371743e-02
1.105843071786310539e+01 1.325399092191002423e-02 2.930928297843988714e-02
1.108514190317195336e+01 5.319777045261342430e-02 2.945038749037876685e-02
1.111185308848080133e+01 9.073204820631595308e-03 2.959217206826858862e-02
1.113856427378964931e+01 3.451629623710423395e-02 2.973463998974865824e-02
1.116527545909849728e+01 -7.455712424835600483e-03 2.987779454825521125e-02
1.119198664440734525e+01 -2.240585367974811878e-02 3.002163905309744932e-02
1.121869782971619323e+01 -2.886653624522012365e-02 3.016617682953410054e-02
1.124540901502504120e+01 5.258820699120619890e-02 3.031141121885030584e-02
1.127212020033389095e+01 -1.443102292506673323e-02 3.045734557843481766e-02
1.129883138564273892e+01 -5.065734639501193876e-03 3.060398328185757327e-02
1.132554257095158690e+01 6.097394536101044538e-02 3.075132771894782679e-02
1.135225375626043487e+01 6.861433398310760878e-02 3.089938229587236435e-02
1.137896494156928284e+01 1.611592759102654579e-02 3.104815043521429521e-02
1.140567612687813082e+01 -4.097246661546413704e-03 3.119763557605222462e-02
1.143238731218697879e+01 7.820233439558992722e-03 3.134784117403966591e-02
1.145909849749582676e+01 -3.325192266062242802e-03 3.149877070148496272e-02
1.148580968280467474e+01 4.258894181719186101e-02 3.165042764743160320e-02
1.151252086811352271e+01 5.710368210473898420e-02 3.180281551773880833e-02
1.153923205342237068e+01 4.448659014822496649e-02 3.195593783516259556e-02
1.156594323873121866e+01 -3.367924957214919746e-03 3.210979813943724837e-02
1.159265442404006663e+01 1.122821054004878027e-01 3.226439998735710496e-02
1.161936560934891460e+01 -1.354171614372568638e-02 3.241974695285878422e-02
1.164607679465776258e+01 1.739924498876822823e-02 3.257584262710385564e-02
1.167278797996661055e+01 3.856782251528606542e-03 3.273269061856176609e-02
1.169949916527546030e+01 1.382595157133040438e-02 3.289029455309335631e-02
1.172621035058430827e+01 -3.395441185473451612e-02 3.304865807403458561e-02
1.175292153589315625e+01 2.787868202571514020e-03 3.320778484228081168e-02
1.177963272120200422e+01 1.292105803349362023e-02 3.336767853637143816e-02
1.180634390651085219e+01 5.959521831093281610e-03 3.352834285257490221e-02
1.183305509181970017e+01 1.403044173381940221e-02 3.368978150497412699e-02
1.185976627712854814e+01 1.518905470927497947e-02 3.385199822555239740e-02
1.188647746243739611e+01 5.250564090215337903e-02 3.401499676427967300e-02
1.191318864774624409e+01 3.930913741304342679e-02 3.417878088919918539e-02
1.193989983305509206e+01 2.973423066830901615e-02 3.434335438651456990e-02
1.196661101836394003e+01 1.806083663949062737e-02 3.450872106067748996e-02
1.199332220367278801e+01 2.712009889213507982e-02 3.467488473447544878e-02
1.202003338898163598e+01 -3.357522620339960240e-02 3.484184924912021863e-02
1.204674457429048395e+01 -1.237927131506083578e-03 3.500961846433668645e-02
1.207345575959933193e+01 1.155728542761060018e-04 3.517819625845198389e-02
1.210016694490817990e+01 -1.937170785064804349e-02 3.534758652848519339e-02
1.212687813021702787e+01 2.777114959429121191e-02 3.551779319023749132e-02
1.215358931552587762e+01 -1.404654938142010229e-02 3.568882017838253401e-02
1.218030050083472560e+01 4.023309875560542037e-02 3.586067144655753075e-02
1.220701168614357357e+01 -2.315316652015271537e-02 3.603335096745461513e-02
1.223372287145242154e+01 6.686058660823887556e-02 3.620686273291262580e-02
1.226043405676126952e+01 2.487103318561348364e-03 3.638121075400949089e-02
1.228714524207011749e+01 6.336277983795920998e-02 3.655639906115483451e-02
1.231385642737896546e+01 8.328423065299357664e-02 3.673243170418322850e-02
1.234056761268781344e+01 6.512586117135152342e-02 3.690931275244780513e-02
1.236727879799666141e+01 3.669355803971574570e-02 3.708704629491428595e-02
1.239398998330550938e+01 5.325134476746448686e-02 3.726563644025553818e-02
1.242070116861435736e+01 6.400617752855124534e-03 3.744508731694655423e-02
1.244741235392320533e+01 -1.016736215052329445e-02 3.762540307335988932e-02
1.247412353923205330e+01 1.232448417519734288e-02 3.780658787786154301e-02
1.250083472454090128e+01 8.033662705727584452e-02 3.798864591890733361e-02
1.252754590984974925e+01 4.725668898571150356e-02 3.817158140513973730e-02
1.255425709515859722e+01 3.905138278489517223e-02 3.835539856548513676e-02
1.258096828046744697e+01 6.731966351014083416e-02 3.854010164925163184e-02
1.260767946577629495e+01 1.581292636815294708e-02 3.872569492622723181e-02
1.263439065108514292e+01 -2.624305455750368388e-02 3.891218268677857500e-02
1.266110183639399089e+01 -1.710101268023840257e-02 3.909956924195012035e-02
1.268781302170283887e+01 4.139355757774740296e-02 3.928785892356380371e-02
1.271452420701168684e+01 1.586387382615117234e-02 3.947705608431911761e-02
1.274123539232053481e+01 1.801826078595154118e-03 3.966716509789386391e-02
1.276794657762938279e+01 -2.486309236950623100e-02 3.985819035904511476e-02
1.279465776293823076e+01 8.201739313144734700e-02 4.005013628371087431e-02
1.282136894824707873e+01 5.396556150387060019e-02 4.024300730911221230e-02
1.284808013355592671e+01 -2.577229293682131023e-03 4.043680789385573765e-02
1.287479131886477468e+01 2.826184645348846225e-02 4.063154251803670347e-02
1.290150250417362265e+01 2.545341029218019940e-03 4.082721568334266721e-02
1.292821368948247063e+01 -1.078490179989689129e-02 4.102383191315739364e-02
1.295492487479131860e+01 1.975737356181528001e-02 4.122139575266551420e-02
1.298163606010016657e+01 -2.389357270556345322e-02 4.141991176895765819e-02
1.300834724540901455e+01 -1.065554127446728325e-02 4.161938455113587537e-02
1.303505843071786430e+01 1.894674111428342606e-02 4.181981871041985654e-02
1.306176961602671227e+01 3.733408831566241773e-03 4.202121888025346641e-02
1.308848080133556024e+01 8.170408790291566747e-02 4.222358971641187314e-02
1.311519198664440822e+01 1.117747920372385156e-01 4.242693589710917063e-02
1.314190317195325619e+01 3.799970611957081273e-02 4.263126212310654889e-02
1.316861435726210416e+01 2.814828907702623603e-02 4.283657311782092247e-02
1.319532554257095214e+01 4.911723308627607976e-02 4.304287362743411394e-02
1.322203672787980011e+01 -1.613653773477625314e-03 4.325016842100268266e-02
1.324874791318864808e+01 -2.519750846870748295e-04 4.345846229056800347e-02
1.327545909849749606e+01 -8.257691688420436271e-03 4.366776005126714322e-02
1.330217028380634403e+01 -5.235053971183309396e-02 4.387806654144420920e-02
1.332888146911519200e+01 3.042709252291530414e-02 4.408938662276208620e-02
1.335559265442403998e+01 4.900393037001622709e-02 4.430172518031488815e-02
1.338230383973288795e+01 -1.871438730478468954e-02 4.451508712274093726e-02
1.340901502504173592e+01 -5.588303710187224327e-03 4.472947738233611775e-02
1.343572621035058390e+01 -2.247609566887023499e-02 4.494490091516797209e-02
1.346243739565943365e+01 -3.966782951769794174e-02 4.516136270119032459e-02
1.348914858096828162e+01 4.344068989660340024e-02 4.537886774435822418e-02
1.351585976627712959e+01 -2.072234094630875240e-02 4.559742107274379619e-02
1.354257095158597757e+01 7.016922838366698723e-02 4.581702773865244799e-02
1.356928213689482554e+01 1.328884470016260949e-03 4.603769281873958119e-02
1.359599332220367351e+01 9.456028991355257263e-02 4.625942141412796998e-02
1.362270450751252149e+01 9.981082507605071319e-04 4.648221865052580559e-02
1.364941569282136946e+01 -5.374387236987425431e-02 4.670608967834501135e-02
1.367612687813021743e+01 3.055634218869107341e-02 4.693103967282038352e-02
1.370283806343906541e+01 -2.888488127485045950e-02 4.715707383412931497e-02
1.372954924874791338e+01 -7.652456416051139909e-04 4.738419738751183108e-02
1.375626043405676135e+01 5.611513964097630813e-02 4.761241558339150692e-02
1.378297161936560933e+01 -4.111198873520875013e-02 4.784173369749682853e-02
1.380968280467445730e+01 -2.304881749235034721e-02 4.807215703098311615e-02
1.383639398998330527e+01 7.280899119874037484e-02 4.830369091055505826e-02
1.386310517529215325e+01 -1.945274918147972890e-02 4.853634068858994621e-02
1.388981636060100122e+01 -3.712295936270797875e-03 4.877011174326127685e-02
1.391652754590985097e+01 6.356976583110632295e-02 4.900500947866315987e-02
1.394323873121869894e+01 3.294561541836981550e-02 4.924103932493524571e-02
1.396994991652754692e+01 -3.230763179726273138e-02 4.947820673838815991e-02
1.399666110183639489e+01 -1.446247500955745724e-01 4.971651720162983262e-02
1.402337228714524286e+01 -5.860300398460208116e-02 4.995597622369202934e-02
1.405008347245409084e+01 8.442648511578174086e-02 5.019658934015779062e-02
1.407679465776293881e+01 -2.325053986763115157e-02 5.043836211328942692e-02
1.410350584307178679e+01 -1.454571562899160606e-02 5.068130013215709634e-02
1.413021702838063476e+01 9.487010565398526496e-02 5.092540901276795817e-02
1.415692821368948273e+01 -2.615450898707562602e-02 5.117069439819598581e-02
1.418363939899833071e+01 5.331906635675771888e-02 5.141716195871255668e-02
1.421035058430717868e+01 -5.059605216993332683e-02 5.166481739191734757e-02
1.423706176961602665e+01 4.677049142875983750e-02 5.191366642287013888e-02
1.426377295492487463e+01 -7.064272960573447779e-02 5.216371480422322959e-02
1.429048414023372260e+01 5.717909008922582997e-02 5.241496831635426151e-02
1.431719532554257057e+01 7.963570363958177509e-03 5.266743276749993874e-02
1.434390651085142032e+01 -1.452289052341664347e-02 5.292111399389038545e-02
1.437061769616026830e+01 3.757635046093641545e-02 5.317601785988380209e-02
1.439732888146911627e+01 5.714245374140942274e-02 5.343215025810233582e-02
1.442404006677796424e+01 1.090547201666989402e-03 5.368951710956807594e-02
1.445075125208681222e+01 -4.359470717722944977e-02 5.394812436384003457e-02
1.447746243739566019e+01 4.648992860130375659e-02 5.420797799915169635e-02
1.450417362270450816e+01 7.976911255097549058e-02 5.446908402254914405e-02
1.453088480801335614e+01 -1.139880452292797025e-01 5.473144847002993363e-02
1.455759599332220411e+01 -4.257854220891110764e-02 5.499507740668275330e-02
1.458430717863105208e+01 4.041930587342078274e-02 5.525997692682745044e-02
1.461101836393990006e+01 5.398190731169210874e-03 5.552615315415602298e-02
1.463772954924874803e+01 -2.137048778478950820e-02 5.579361224187412427e-02
1.466444073455759600e+01 2.386810156830492663e-02 5.606236037284342832e-02
1.469115191986644398e+01 7.489792447698366551e-02 5.633240375972437680e-02
1.471786310517529195e+01 -1.336200885888853829e-02 5.660374864511991816e-02
1.474457429048413992e+01 7.579081364882159222e-02 5.687640130171982972e-02
1.477128547579298790e+01 3.990895105258777942e-02 5.715036803244563646e-02
1.479799666110183765e+01 7.875297101213024620e-02 5.742565517059636249e-02
1.482470784641068562e+01 4.709060374379702568e-02 5.770226907999497640e-02
1.485141903171953359e+01 4.003967102076108620e-03 5.798021615513541949e-02
1.487813021702838157e+01 -5.422213585710253247e-03 5.825950282133052910e-02
1.490484140233722954e+01 -1.278344575268877334e-02 5.854013553486048932e-02
1.493155258764607751e+01 1.546431046432277315e-03 5.882212078312206577e-02
1.495826377295492549e+01 5.914514623925017089e-02 5.910546508477873551e-02
1.498497495826377346e+01 8.565722785657269023e-02 5.939017498991115002e-02
1.501168614357262143e+01 -4.618025005249964260e-02 5.967625708016869451e-02
1.503839732888146941e+01 1.425047914144585981e-01 5.996371796892167177e-02
1.506510851419031738e+01 -1.521750052015200666e-02 6.025256430141404107e-02
1.509181969949916535e+01 -2.117432904655462689e-02 6.054280275491712854e-02
1.511853088480801333e+01 -4.331498438569527515e-02 6.083444003888403145e-02
1.514524207011686130e+01 2.724876215930209164e-02 6.112748289510461230e-02
1.517195325542570927e+01 -3.533748130192294890e-02 6.142193809786137410e-02
1.519866444073455725e+01 -1.013028882835063788e-01 6.171781245408617528e-02
1.522537562604340700e+01 4.742292977270660959e-02 6.201511280351743732e-02
1.525208681135225497e+01 3.622096001092708906e-02 6.231384601885826824e-02
1.527879799666110294e+01 -1.146587252796817530e-01 6.261401900593550895e-02
1.530550918196995092e+01 -5.249223280126965457e-02 6.291563870385916135e-02
1.533222036727879889e+01 -3.822027934247090170e-02 6.321871208518292651e-02
1.535893155258764686e+01 6.951878407030433193e-02 6.352324615606541602e-02
1.538564273789649484e+01 -1.239861339140377328e-03 6.382924795643195315e-02
1.541235392320534281e+01 5.841485082447998162e-02 6.413672456013745637e-02
1.543906510851419078e+01 -1.758116492136631986e-02 6.444568307512998917e-02
1.546577629382303876e+01 -8.670304961836272639e-02 6.475613064361493421e-02
1.549248747913188673e+01 3.456406884409097408e-02 6.506807444222018066e-02
1.551919866444073470e+01 -3.508999680402227761e-02 6.538152168216210258e-02
1.554590984974958268e+01 -3.248496380336156342e-02 6.569647960941209230e-02
1.557262103505843065e+01 6.745274206708988529e-02 6.601295550486419028e-02
1.559933222036727862e+01 8.879488367711775576e-03 6.633095668450342264e-02
1.562604340567612660e+01 -4.525104624199575987e-02 6.665049049957477711e-02
1.565275459098497457e+01 1.567628053451581779e-02 6.697156433675321985e-02
1.567946577629382432e+01 -9.169320659595461831e-02 6.729418561831461421e-02
1.570617696160267229e+01 3.027829481585746565e-02 6.761836180230698656e-02
1.573288814691152027e+01 3.939115070339643809e-02 6.794410038272312435e-02
1.575959933222036824e+01 6.693575652775257678e-02 6.827140888967390964e-02
1.578631051752921621e+01 1.419914414286447060e-02 6.860029488956216615e-02
1.581302170283806419e+01 3.873544260234157433e-02 6.893076598525767207e-02
1.583973288814691216e+01 -6.317498795605050455e-02 6.926282981627301938e-02
1.586644407345576013e+01 -6.982054730172698731e-02 6.959649405894004215e-02
1.589315525876460811e+01 8.602426506728703959e-02 6.993176642658734121e-02
1.591986644407345608e+01 -1.313455238232352079e-03 7.026865466971868313e-02
1.594657762938230405e+01 1.215199804248165150e-01 7.060716657619200975e-02
1.597328881469115203e+01 5.688753084339209093e-02 7.094730997139954420e-02
1.600000000000000000e+01 -6.865769437032548383e-02 7.128909271844878492e-02
