0.000000000000000000e+00 3.010091006965203708e-01 4.031999999999999994e-03
2.671118530884808093e-02 2.975472977069211766e-01 4.051278361594249505e-03
5.342237061769616185e-02 3.013250426737235088e-01 4.070649636994939403e-03
8.013355592654423931e-02 2.948093307702421284e-01 4.090114274008556892e-03
1.068447412353923237e-01 3.026917852597239000e-01 4.109672722599837583e-03
1.335559265442403942e-01 3.011046154234499617e-01 4.129325434902159087e-03
1.602671118530884786e-01 2.869472291522652818e-01 4.149072865227999667e-03
1.869782971619365630e-01 2.960272324852286085e-01 4.168915470079434180e-03
2.136894824707846474e-01 2.982053658122861828e-01 4.188853708158693338e-03
2.404006677796327318e-01 3.006810124999683698e-01 4.208888040378763740e-03
2.671118530884807885e-01 2.907503299931664120e-01 4.229018929874042536e-03
2.938230383973288729e-01 2.938064913276777768e-01 4.249246842011048485e-03
3.205342237061769572e-01 2.931563326534384339e-01 4.269572244399172031e-03
3.472454090150250416e-01 2.889025151020860882e-01 4.289995606901493043e-03
3.739565943238731260e-01 2.900554444721332725e-01 4.310517401645636709e-03
4.006677796327212104e-01 2.922354799299846095e-01 4.331138103034690157e-03
4.273789649415692948e-01 2.935229269420616127e-01 4.351858187758170238e-03
4.540901502504173792e-01 2.892541628759644490e-01 4.372678134803040760e-03
4.808013355592654636e-01 2.860811654782574598e-01 4.393598425464786961e-03
5.075125208681134925e-01 2.813096102827726264e-01 4.414619543358541155e-03
5.342237061769615769e-01 2.861334939695177049e-01 4.435741974430263898e-03
5.609348914858096613e-01 2.829610124553789685e-01 4.456966206967973715e-03
5.876460767946577457e-01 2.800872496198505979e-01 4.478292731613040152e-03
6.143572621035058301e-01 2.866321355363097845e-01 4.499722041371520195e-03
6.410684474123539145e-01 2.831722731732078668e-01 4.521254631625559739e-03
6.677796327212019989e-01 2.865033080744861516e-01 4.542891000144844496e-03
6.944908180300500833e-01 2.760705396564253067e-01 4.564631647098103817e-03
7.212020033388981677e-01 2.836556736708877313e-01 4.586477075064677826e-03
7.479131886477462521e-01 2.815380422317309006e-01 4.608427789046132261e-03
7.746243739565943365e-01 2.778117258637767817e-01 4.630484296477933165e-03
8.013355592654424209e-01 2.700034446031807644e-01 4.652647107241177950e-03
8.280467445742905053e-01 2.795492613119261449e-01 4.674916733674381979e-03
8.547579298831385897e-01 2.811594803553554289e-01 4.697293690585324123e-03
8.814691151919866741e-01 2.706387270088054797e-01 4.719778495262943498e-03
9.081803005008347585e-01 2.735552403416388612e-01 4.742371667489299510e-03
9.348914858096828429e-01 2.688595152624200790e-01 4.765073729551590892e-03
9.616026711185309273e-01 2.664218615046666239e-01 4.787885206254226776e-03
9.883138564273790116e-01 2.675249997417364911e-01 4.810806624930953276e-03
1.015025041736226985e+00 2.693855631574442744e-01 4.833838515457057269e-03
1.041736227045075180e+00 2.568865418433107228e-01 4.856981410261601399e-03
1.068447412353923154e+00 2.596614920034310270e-01 4.880235844339740614e-03
1.095158597662771349e+00 2.563347272243926001e-01 4.903602355265086407e-03
1.121869782971619323e+00 2.644985172115966732e-01 4.927081483202135244e-03
1.148580968280467518e+00 2.572495444855535385e-01 4.950673770918757703e-03
1.175292153589315491e+00 2.615191636812185805e-01 4.974379763798737926e-03
1.202003338898163687e+00 2.512449269060899049e-01 4.998200009854391127e-03
1.228714524207011660e+00 2.417603303460666431e-01 5.022135059739225339e-03
1.255425709515859856e+00 2.581948698648124374e-01 5.046185466760675156e-03
1.282136894824707829e+00 2.453768943547167958e-01 5.070351786892885772e-03
1.308848080133556024e+00 2.502292912831853289e-01 5.094634578789574222e-03
1.335559265442403998e+00 2.375473590868097118e-01 5.119034403796938332e-03
1.362270450751252193e+00 2.488838742573457885e-01 5.143551825966634176e-03
1.388981636060100167e+00 2.456353379350825483e-01 5.168187412068816870e-03
1.415692821368948362e+00 2.377622531667905326e-01 5.192941731605242063e-03
1.442404006677796335e+00 2.407917828734610077e-01 5.217815356822425553e-03
1.469115191986644531e+00 2.435466142203698559e-01 5.242808862724884431e-03
1.495826377295492504e+00 2.402017028537495880e-01 5.267922827088417255e-03
1.522537562604340700e+00 2.371984955730116473e-01 5.293157830473465761e-03
1.549248747913188673e+00 2.357766192265317307e-01 5.318514456238537282e-03
1.575959933222036868e+00 2.358740519558102100e-01 5.343993290553686153e-03
1.602671118530884842e+00 2.287967025763546491e-01 5.369594922414066239e-03
1.629382303839733037e+00 2.289801282082356837e-01 5.395319943653548514e-03
1.656093489148581011e+00 2.405514201648438211e-01 5.421168948958399354e-03
1.682804674457429206e+00 2.271547377557196767e-01 5.447142535881029958e-03
1.709515859766277179e+00 2.220483490951584982e-01 5.473241304853809081e-03
1.736227045075125153e+00 2.145831164441779626e-01 5.499465859202943424e-03
1.762938230383973348e+00 2.218128554607411429e-01 5.525816805162425682e-03
1.789649415692821321e+00 2.298180609422483256e-01 5.552294751888046768e-03
1.816360601001669517e+00 2.239784981302172795e-01 5.578900311471480904e-03
1.843071786310517490e+00 2.157998926272383655e-01 5.605634098954431419e-03
1.869782971619365686e+00 2.117703866571246929e-01 5.632496732342852017e-03
1.896494156928213659e+00 2.110322888703923261e-01 5.659488832621232222e-03
1.923205342237061855e+00 2.124181020177356716e-01 5.686611023766950483e-03
1.949916527545909828e+00 2.081719546319780179e-01 5.713863932764702731e-03
1.976627712854758023e+00 2.087931066278131964e-01 5.741248189620993397e-03
2.003338898163605997e+00 2.089732543106927742e-01 5.768764427378700148e-03
2.030050083472453970e+00 2.030116509638349998e-01 5.796413282131708880e-03
2.056761268781302388e+00 2.002511427320327608e-01 5.824195393039616371e-03
2.083472454090150361e+00 1.999265101589950966e-01 5.852111402342507519e-03
2.110183639398998334e+00 1.861054952724556233e-01 5.880161955375801108e-03
2.136894824707846308e+00 2.040353373628803202e-01 5.908347700585167561e-03
2.163606010016694725e+00 2.012309123291323720e-01 5.936669289541523023e-03
2.190317195325542698e+00 1.834008992683526240e-01 5.965127376956083291e-03
2.217028380634390672e+00 1.967843693844047448e-01 5.993722620695508818e-03
2.243739565943238645e+00 1.859970237608253862e-01 6.022455681797104360e-03
2.270450751252087063e+00 1.950852147053207530e-01 6.051327224484107960e-03
2.297161936560935036e+00 1.951102904003990390e-01 6.080337916181036313e-03
2.323873121869783009e+00 1.881538144852567540e-01 6.109488427529122939e-03
2.350584307178630983e+00 1.825910881442039946e-01 6.138779432401816200e-03
2.377295492487479400e+00 1.888114330660374818e-01 6.168211607920358851e-03
2.404006677796327374e+00 1.739069468236631999e-01 6.197785634469438719e-03
2.430717863105175347e+00 1.806376427039063093e-01 6.227502195712920907e-03
2.457429048414023320e+00 1.716523050680079376e-01 6.257361978609651994e-03
2.484140233722871738e+00 1.627260503508211609e-01 6.287365673429334487e-03
2.510851419031719711e+00 1.692292976858606190e-01 6.317513973768490616e-03
2.537562604340567685e+00 1.637407428179906421e-01 6.347807576566495517e-03
2.564273789649415658e+00 1.696916125956689503e-01 6.378247182121682402e-03
2.590984974958263631e+00 1.718003595070887735e-01 6.408833494107539670e-03
2.617696160267112049e+00 1.694867482752247245e-01 6.439567219588971346e-03
2.644407345575960022e+00 1.592653232236649619e-01 6.470449069038645105e-03
2.671118530884807996e+00 1.736505661389138588e-01 6.501479756353417509e-03
2.697829716193655969e+00 1.467293011953670345e-01 6.532659998870832090e-03
2.724540901502504386e+00 1.641622091541296014e-01 6.563990517385709378e-03
2.751252086811352360e+00 1.540973547692363055e-01 6.595472036166801118e-03
2.777963272120200333e+00 1.621112744211283818e-01 6.627105282973543357e-03
2.804674457429048307e+00 1.495987244910695346e-01 6.658890989072870255e-03
2.831385642737896724e+00 1.418953963902137572e-01 6.690829889256126768e-03
2.858096828046744697e+00 1.426285757099688967e-01 6.722922721856045523e-03
2.884808013355592671e+00 1.507872157924037559e-01 6.755170228763825169e-03
2.911519198664440644e+00 1.463442433364754991e-01 6.787573155446275514e-03
2.938230383973289062e+00 1.442314051682033471e-01 6.820132250963050272e-03
2.964941569282137035e+00 1.445650322765974494e-01 6.852848267983963938e-03
2.991652754590985008e+00 1.371684885644395835e-01 6.885721962806390199e-03
3.018363939899832982e+00 1.504779050391822082e-01 6.918754095372748811e-03
3.045075125208681399e+00 1.353438629610326793e-01 6.951945429288067940e-03
3.071786310517529373e+00 1.250597679782254334e-01 6.985296731837639314e-03
3.098497495826377346e+00 1.378800937079775191e-01 7.018808774004759235e-03
3.125208681135225319e+00 1.327154179642041909e-01 7.052482330488543324e-03
3.151919866444073737e+00 1.333787514439370436e-01 7.086318179721844482e-03
3.178631051752921710e+00 1.244137980946172228e-01 7.120317103889235028e-03
3.205342237061769683e+00 1.183878055732524165e-01 7.154479888945105073e-03
3.232053422370617657e+00 1.005188403759241789e-01 7.188807324631819005e-03
3.258764607679466074e+00 1.112809582556431726e-01 7.223300204497975184e-03
3.285475792988314048e+00 1.271890450515081594e-01 7.257959325916754113e-03
3.312186978297162021e+00 1.187092824578783734e-01 7.292785490104345542e-03
3.338898163606009994e+00 1.270662746388075137e-01 7.327779502138471839e-03
3.365609348914858412e+00 1.204018025170718181e-01 7.362942170977008517e-03
3.392320534223706385e+00 1.093197771979008276e-01 7.398274309476664604e-03
3.419031719532554359e+00 1.118369862653690316e-01 7.433776734411794845e-03
3.445742904841402332e+00 1.142068480555716997e-01 7.469450266493268299e-03
3.472454090150250305e+00 1.203560602926690287e-01 7.505295730387444471e-03
3.499165275459098723e+00 1.139302823186931074e-01 7.541313954735237059e-03
3.525876460767946696e+00 1.053528892597351135e-01 7.577505772171269638e-03
3.552587646076794670e+00 9.042862031494584840e-02 7.613872019343123285e-03
3.579298831385642643e+00 9.636031865570386656e-02 7.650413536930677876e-03
3.606010016694491060e+00 8.315730410173952092e-02 7.687131169665547062e-03
3.632721202003339034e+00 1.053042539333806371e-01 7.724025766350602583e-03
3.659432387312187007e+00 9.558956373231482229e-02 7.761098179879600927e-03
3.686143572621034981e+00 9.592325408136082032e-02 7.798349267256894125e-03
3.712854757929883398e+00 9.662121118176222878e-02 7.835779889617247237e-03
3.739565943238731371e+00 9.751560164958320009e-02 7.873390912245741696e-03
3.766277128547579345e+00 1.085598986979217362e-01 7.911183204597774937e-03
3.792988313856427318e+00 7.675324412683104391e-02 7.949157640319167578e-03
3.819699499165275736e+00 8.996745147979286206e-02 7.987315097266356467e-03
3.846410684474123709e+00 8.577172459919078784e-02 8.025656457526678805e-03
3.873121869782971682e+00 7.995811710091410562e-02 8.064182607438781167e-03
3.899833055091819656e+00 8.578283120553052699e-02 8.102894437613092707e-03
3.926544240400668073e+00 8.598323261628690317e-02 8.141792842952425002e-03
3.953255425709516047e+00 8.833816746480226134e-02 8.180878722672646486e-03
3.979966611018364020e+00 7.931907348728398088e-02 8.220152980323488720e-03
4.006677796327211993e+00 8.648602068236811713e-02 8.259616523809416855e-03
4.033388981636059967e+00 6.762124246878715994e-02 8.299270265410621517e-03
4.060100166944907940e+00 7.532640903408908961e-02 8.339115121804114780e-03
4.086811352253756802e+00 7.826780536325966819e-02 8.379152014084916347e-03
4.113522537562604775e+00 7.173653283844015627e-02 8.419381867787340337e-03
4.140233722871452748e+00 7.513885123760033480e-02 8.459805612906403510e-03
4.166944908180300722e+00 7.128537703368256762e-02 8.500424183919316756e-03
4.193656093489148695e+00 8.600306829288180410e-02 8.541238519807087606e-03
4.220367278797996669e+00 6.572189086648433376e-02 8.582249564076228562e-03
4.247078464106844642e+00 7.631682259036995375e-02 8.623458264780560836e-03
4.273789649415692615e+00 7.132803207011768898e-02 8.664865574543146459e-03
4.300500834724540589e+00 6.277891070773161664e-02 8.706472450578294983e-03
4.327212020033389450e+00 6.385001088419760273e-02 8.748279854713696818e-03
4.353923205342237424e+00 6.502202018945307804e-02 8.790288753412658918e-03
4.380634390651085397e+00 5.671077282643108980e-02 8.832500117796442812e-03
4.407345575959933370e+00 5.292809579469744119e-02 8.874914923666720606e-03
4.434056761268781344e+00 7.116749464017128879e-02 8.917534151528128117e-03
4.460767946577629317e+00 7.576906504810107523e-02 8.960358786610932505e-03
4.487479131886477290e+00 4.892862966738398267e-02 9.003389818893800522e-03
4.514190317195325264e+00 4.251130150715425743e-02 9.046628243126703800e-03
4.540901502504174125e+00 4.192405836941542202e-02 9.090075058853886586e-03
4.567612687813022099e+00 5.975335065284080593e-02 9.133731270436996549e-03
4.594323873121870072e+00 5.169321439922055367e-02 9.177597887078290176e-03
4.621035058430718045e+00 3.450757382698432796e-02 9.221675922843964798e-03
4.647746243739566019e+00 7.881210296317442410e-02 9.265966396687603385e-03
4.674457429048413992e+00 2.742516728440757764e-02 9.310470332473725144e-03
4.701168614357261966e+00 3.941852251204211455e-02 9.355188759001462767e-03
4.727879799666109939e+00 3.989419935071329693e-02 9.400122710028329873e-03
4.754590984974958801e+00 4.331302717339965969e-02 9.445273224294139375e-03
4.781302170283806774e+00 4.373680314732893148e-02 9.490641345544989504e-03
4.808013355592654747e+00 4.273397264162244469e-02 9.536228122557425038e-03
4.834724540901502721e+00 4.116178300292166331e-02 9.582034609162648833e-03
4.861435726210350694e+00 4.468898759437910789e-02 9.628061864270906836e-03
4.888146911519198667e+00 3.737961857180730624e-02 9.674310951895958091e-03
4.914858096828046641e+00 2.460307930991399022e-02 9.720782941179669651e-03
4.941569282136894614e+00 2.976049817406058173e-02 9.767478906416732914e-03
4.968280467445743476e+00 4.919138555673071428e-02 9.814399927079506605e-03
4.994991652754591449e+00 2.839277657373179276e-02 9.861547087842956888e-03
5.021702838063439422e+00 2.780466535521308735e-02 9.908921478609741471e-03
5.048414023372287396e+00 4.105167753903873895e-02 9.956524194535402994e-03
5.075125208681135369e+00 4.070822503913240631e-02 1.000435633605368559e-02
5.101836393989983343e+00 3.299959432568289053e-02 1.005241900890197285e-02
5.128547579298831316e+00 4.819596204894715380e-02 1.010071332414684900e-02
5.155258764607679289e+00 3.598235357525143840e-02 1.014924039820978494e-02
5.181969949916527263e+00 2.701967721944236595e-02 1.019800135289294397e-02
5.208681135225376124e+00 4.365196846973465328e-02 1.024699731540511943e-02
5.235392320534224098e+00 4.431485341048670840e-02 1.029622941838778498e-02
5.262103505843072071e+00 3.242556186517944056e-02 1.034569879994128895e-02
5.288814691151920044e+00 3.174659472756544143e-02 1.039540660365115103e-02
5.315525876460768018e+00 2.675072831204963753e-02 1.044535397861450637e-02
5.342237061769615991e+00 3.640290646803693436e-02 1.049554207946666595e-02
5.368948247078463964e+00 1.943339787909739019e-02 1.054597206640781916e-02
5.395659432387311938e+00 1.589251305434244074e-02 1.059664510522983008e-02
5.422370617696160799e+00 4.389508779508888986e-02 1.064756236734321765e-02
5.449081803005008773e+00 1.938903278187431925e-02 1.069872502980420519e-02
5.475792988313856746e+00 1.041713484098934564e-02 1.075013427534195383e-02
5.502504173622704720e+00 2.358271814913049172e-02 1.080179129238589483e-02
5.529215358931552693e+00 1.885462890397754387e-02 1.085369727509319891e-02
5.555926544240400666e+00 2.100348538318701566e-02 1.090585342337638784e-02
5.582637729549248640e+00 2.103197320403527720e-02 1.095826094293106401e-02
5.609348914858096613e+00 3.479384475710815133e-02 1.101092104526380129e-02
5.636060100166945475e+00 2.197346201657486911e-02 1.106383494772013310e-02
5.662771285475793448e+00 1.854722257641441829e-02 1.111700387351268783e-02
5.689482470784641421e+00 3.164263213306721390e-02 1.117042905174949613e-02
5.716193656093489395e+00 6.008269306653742439e-03 1.122411171746237786e-02
5.742904841402337368e+00 2.757944041759912909e-02 1.127805311163549568e-02
5.769616026711185341e+00 1.682137443681107347e-02 1.133225448123405601e-02
5.796327212020033315e+00 1.802578099012964313e-02 1.138671707923312459e-02
5.823038397328881288e+00 2.780192332873321348e-02 1.144144216464658935e-02
5.849749582637730150e+00 3.921063793190024405e-02 1.149643100255627257e-02
5.876460767946578123e+00 1.498995966375789822e-02 1.155168486414117311e-02
5.903171953255426097e+00 1.554809076150397151e-02 1.160720502670685439e-02
5.929883138564274070e+00 -2.232058467093704299e-03 1.166299277371496065e-02
5.956594323873122043e+00 2.526051120744218087e-02 1.171904939481290681e-02
5.983305509181970017e+00 1.871170529864031942e-02 1.177537618586367053e-02
6.010016694490817990e+00 1.468983098654676883e-02 1.183197444897576486e-02
6.036727879799665963e+00 1.188406865815404799e-02 1.188884549253333041e-02
6.063439065108513937e+00 6.390371860100017842e-03 1.194599063122638201e-02
6.090150250417362798e+00 1.793712155545650749e-02 1.200341118608120455e-02
6.116861435726210772e+00 1.033789142170989800e-02 1.206110848449088238e-02
6.143572621035058745e+00 1.325566441564547150e-02 1.211908386024600041e-02
6.170283806343906718e+00 3.559631105797154624e-03 1.217733865356545805e-02
6.196994991652754692e+00 -6.450929603462916134e-03 1.223587421112747042e-02
6.223706176961602665e+00 1.867249652090963857e-02 1.229469188610068410e-02
6.250417362270450639e+00 -4.979836069056319328e-03 1.235379303817546459e-02
6.277128547579298612e+00 1.569917829292527545e-02 1.241317903359532952e-02
6.303839732888147473e+00 3.004414539191632705e-03 1.247285124518852754e-02
6.330550918196995447e+00 4.873740538033178443e-03 1.253281105239978203e-02
6.357262103505843420e+00 1.213523301737910731e-02 1.259305984132216838e-02
6.383973288814691394e+00 4.185538870722144492e-03 1.265359900472917340e-02
6.410684474123539367e+00 5.462850161672298810e-03 1.271442994210686926e-02
6.437395659432387340e+00 1.021166592958142744e-02 1.277555405968628863e-02
6.464106844741235314e+00 1.863233890614885910e-02 1.283697277047591429e-02
6.490818030050083287e+00 2.322410284165007249e-02 1.289868749429435094e-02
6.517529215358932149e+00 1.590089968778287538e-02 1.296069965780315657e-02
6.544240400667780122e+00 2.892059964385040351e-03 1.302301069453980220e-02
6.570951585976628095e+00 6.894767725313034890e-03 1.308562204495082593e-02
6.597662771285476069e+00 3.904144398636768404e-02 1.314853515642513265e-02
6.624373956594324042e+00 2.300035280029946033e-02 1.321175148332744652e-02
6.651085141903172016e+00 -2.278133143559906044e-03 1.327527248703192983e-02
6.677796327212019989e+00 1.008527929571751552e-02 1.333909963595597201e-02
6.704507512520867962e+00 3.802229437364745140e-02 1.340323440559414159e-02
6.731218697829716824e+00 1.059922596350000926e-02 1.346767827855227008e-02
6.757929883138564797e+00 3.440024874549594061e-03 1.353243274458175265e-02
6.784641068447412771e+00 3.625866451948654874e-03 1.359749930061397716e-02
6.811352253756260744e+00 -2.576209696982750472e-03 1.366287945079491979e-02
6.838063439065108717e+00 -2.271787469399322301e-03 1.372857470651993317e-02
6.864774624373956691e+00 2.168288592858431604e-02 1.379458658646866981e-02
6.891485809682804664e+00 1.556406366657814982e-02 1.386091661664019641e-02
6.918196994991652637e+00 -2.973691943825685670e-03 1.392756633038827463e-02
6.944908180300500611e+00 2.308878440512279751e-02 1.399453726845680153e-02
6.971619365609349472e+00 4.547061238309814402e-03 1.406183097901542688e-02
6.998330550918197446e+00 -1.369499723373322417e-02 1.412944901769534224e-02
7.025041736227045419e+00 2.016041519813232402e-02 1.419739294762525049e-02
7.051752921535893393e+00 8.798521845417850429e-04 1.426566433946748792e-02
7.078464106844741366e+00 6.824844567461787678e-04 1.433426477145434419e-02
7.105175292153589339e+00 9.615596003367090153e-03 1.440319582942454352e-02
7.131886477462437313e+00 1.443670893255362062e-02 1.447245910685989595e-02
7.158597662771285286e+00 6.183667804781682598e-03 1.454205620492214981e-02
7.185308848080134148e+00 -4.889672459237577942e-03 1.461198873248999511e-02
7.212020033388982121e+00 2.468041285974767809e-02 1.468225830619625423e-02
7.238731218697830094e+00 5.040185723313534913e-04 1.475286655046525487e-02
7.265442404006678068e+00 -8.806855527140861062e-03 1.482381509755039371e-02
7.292153589315526041e+00 3.248803827070404632e-02 1.489510558757185972e-02
7.318864774624374014e+00 3.263779484725760904e-02 1.496673966855453786e-02
7.345575959933221988e+00 -4.388640888037335583e-03 1.503871899646613483e-02
7.372287145242069961e+00 1.224320575816548531e-02 1.511104523525542455e-02
7.398998330550918823e+00 -4.873452130439083485e-03 1.518372005689075203e-02
7.425709515859766796e+00 -2.191008498701927862e-02 1.525674514139864664e-02
7.452420701168614769e+00 -2.295606248918223569e-02 1.533012217690269373e-02
7.479131886477462743e+00 3.203506860550973251e-02 1.540385285966252432e-02
7.505843071786310716e+00 1.111636259639186934e-02 1.547793889411306668e-02
7.532554257095158690e+00 1.065839506447913143e-02 1.555238199290391761e-02
7.559265442404006663e+00 2.355724387225973521e-02 1.562718387693893748e-02
7.585976627712854636e+00 1.826911438287939435e-02 1.570234627541604311e-02
7.612687813021703498e+00 -1.444706329232569447e-02 1.577787092586719481e-02
7.639398998330551471e+00 5.237793934125507117e-03 1.585375957419850323e-02
7.666110183639399445e+00 3.631669554065949934e-02 1.593001397473067099e-02
7.692821368948247418e+00 -3.734440800699499741e-02 1.600663589023949840e-02
7.719532554257095391e+00 -1.339205530129019064e-02 1.608362709199662177e-02
7.746243739565943365e+00 -2.165954525381826035e-03 1.616098935981051185e-02
7.772954924874791338e+00 6.953600481737124035e-03 1.623872448206757288e-02
7.799666110183639312e+00 1.502893389941246591e-02 1.631683425577349147e-02
7.826377295492487285e+00 3.137547149921068174e-02 1.639532048659479366e-02
7.853088480801336146e+00 1.992404357042301677e-02 1.647418498890059271e-02
7.879799666110184120e+00 4.002412954767776976e-02 1.655342958580447929e-02
7.906510851419032093e+00 -2.872083575799272079e-03 1.663305610920674804e-02
7.933222036727880067e+00 2.579065905296144823e-02 1.671306639983667630e-02
7.959933222036728040e+00 1.626193479491949354e-02 1.679346230729511155e-02
7.986644407345576013e+00 3.296668865274498400e-02 1.687424569009721501e-02
8.013355592654423987e+00 2.500378683370239885e-02 1.695541841571543765e-02
8.040066777963271960e+00 -2.280452069854804753e-05 1.703698236062267321e-02
8.066777963272119933e+00 -1.105464248642980089e-02 1.711893941033565056e-02
8.093489148580967907e+00 3.383571111194588060e-02 1.720129145945852381e-02
8.120200333889815880e+00 2.033625939228314583e-02 1.728404041172664635e-02
8.146911519198663854e+00 -1.593656514473990038e-02 1.736718818005061546e-02
8.173622704507513603e+00 3.619409100608785707e-03 1.745073668656046614e-02
8.200333889816361577e+00 1.645074664436944195e-02 1.753468786265010085e-02
8.227045075125209550e+00 3.567807144739226777e-03 1.761904364902196207e-02
8.253756260434057523e+00 3.505138790880303612e-02 1.770380599573188538e-02
8.280467445742905497e+00 9.576910959931798223e-03 1.778897686223417096e-02
8.307178631051753470e+00 4.495861498425361702e-02 1.787455821742688772e-02
8.333889816360601444e+00 2.033001305578877732e-02 1.796055203969738542e-02
8.360601001669449417e+00 -1.466361667166980742e-03 1.804696031696803940e-02
8.387312186978297390e+00 2.005326645394540572e-02 1.813378504674217906e-02
8.414023372287145364e+00 4.487064348479390813e-02 1.822102823615030440e-02
8.440734557595993337e+00 9.861833670235745780e-03 1.830869190199643087e-02
8.467445742904841310e+00 3.595579347043909718e-02 1.839677807080477429e-02
8.494156928213689284e+00 1.406526100731181513e-02 1.848528877886655361e-02
8.520868113522537257e+00 1.924787821488514392e-02 1.857422607228707834e-02
8.547579298831385231e+00 -4.143389393981314339e-02 1.866359200703304397e-02
8.574290484140233204e+00 4.167812599459603390e-03 1.875338864898007385e-02
8.601001669449081177e+00 8.899745978458871790e-03 1.884361807396045183e-02
8.627712854757930927e+00 3.011361733146866726e-03 1.893428236781113938e-02
8.654424040066778900e+00 3.284852964812799703e-02 1.902538362642195585e-02
8.681135225375626874e+00 2.683459396807711533e-02 1.911692395578407436e-02
8.707846410684474847e+00 4.140049540551510310e-02 1.920890547203866344e-02
8.734557595993322821e+00 1.060656074586057568e-02 1.930133030152583751e-02
8.761268781302170794e+00 1.632790802329026070e-02 1.939420058083380152e-02
8.787979966611018767e+00 2.718307512311254198e-02 1.948751845684822473e-02
8.814691151919866741e+00 1.643852148068284530e-03 1.958128608680190230e-02
8.841402337228714714e+00 1.933208196798950548e-02 1.967550563832460436e-02
8.868113522537562687e+00 -2.122127224816302421e-03 1.977017928949317827e-02
8.894824707846410661e+00 -5.437666481398366336e-03 1.986530922888192149e-02
8.921535893155258634e+00 3.688427705629896552e-02 1.996089765561315926e-02
8.948247078464106607e+00 1.479259105597515930e-02 2.005694677940808232e-02
8.974958263772954581e+00 2.386937738868981709e-02 2.015345882063784150e-02
9.001669449081802554e+00 2.471027453113509159e-02 2.025043601037485735e-02
9.028380634390650528e+00 5.550849469582327250e-02 2.034788059044440392e-02
9.055091819699500277e+00 2.559058924389567488e-02 2.044579481347645611e-02
9.081803005008348251e+00 -2.211550494331698119e-02 2.054418094295771061e-02
9.108514190317196224e+00 1.409040680061043882e-02 2.064304125328396411e-02
9.135225375626044197e+00 5.177016953336648075e-02 2.074237802981266851e-02
9.161936560934892171e+00 1.646905569290115640e-02 2.084219356891574629e-02
9.188647746243740144e+00 2.806108206509285580e-02 2.094249017803272161e-02
9.215358931552588118e+00 1.217752312123158466e-02 2.104327017572399719e-02
9.242070116861436091e+00 1.807561617037777360e-02 2.114453589172451964e-02
9.268781302170284064e+00 3.822045327516344904e-02 2.124628966699757676e-02
9.295492487479132038e+00 5.038790725647526031e-03 2.134853385378895907e-02
9.322203672787980011e+00 1.637019436197872935e-02 2.145127081568131214e-02
9.348914858096827984e+00 4.294420859107293126e-02 2.155450292764877346e-02
9.375626043405675958e+00 5.925287916522914422e-02 2.165823257611190072e-02
9.402337228714523931e+00 2.525582754265929056e-02 2.176246215899280828e-02
9.429048414023371905e+00 1.044626467714209438e-02 2.186719408577060889e-02
9.455759599332219878e+00 4.170263187960428913e-03 2.197243077753713650e-02
9.482470784641067851e+00 3.640806154632902913e-02 2.207817466705287723e-02
9.509181969949917601e+00 1.053412769047202061e-02 2.218442819880324379e-02
9.535893155258765574e+00 1.988205421387297459e-02 2.229119382905503724e-02
9.562604340567613548e+00 2.064654536539122648e-02 2.239847402591328696e-02
9.589315525876461521e+00 3.162291967297516798e-02 2.250627126937827446e-02
9.616026711185309495e+00 9.706899832399196182e-03 2.261458805140285563e-02
9.642737896494157468e+00 5.107264229545639689e-02 2.272342687595008473e-02
9.669449081803005441e+00 2.920430342825418302e-02 2.283279025905109866e-02
9.696160267111853415e+00 1.520175014009820212e-02 2.294268072886325102e-02
9.722871452420701388e+00 4.955894655527819104e-02 2.305310082572860700e-02
9.749582637729549361e+00 5.187061217576564853e-02 2.316405310223262903e-02
9.776293823038397335e+00 3.579730951985946041e-02 2.327554012326318172e-02
9.803005008347245308e+00 7.376180991760862560e-02 2.338756446606986630e-02
9.829716193656093282e+00 2.310579555645762839e-02 2.350012872032353900e-02
9.856427378964941255e+00 4.976383978920637802e-02 2.361323548817623533e-02
9.883138564273789228e+00 3.500722601711397930e-02 2.372688738432128866e-02
9.909849749582637202e+00 3.531200560882626766e-03 2.384108703605377841e-02
9.936560934891486951e+00 1.239465598372205615e-02 2.395583708333128697e-02
9.963272120200334925e+00 3.384746288394132469e-02 2.407114017883487875e-02
9.989983305509182898e+00 4.677410297612350637e-02 2.418699898803048504e-02
1.001669449081803087e+01 2.588809192028398293e-02 2.430341618923048327e-02
1.004340567612687884e+01 1.896328695917539817e-02 2.442039447365560931e-02
1.007011686143572682e+01 -8.183121381566540314e-03 2.453793654549719233e-02
1.009682804674457479e+01 4.760844150311402401e-02 2.465604512197965004e-02
1.012353923205342277e+01 8.704980060776490447e-02 2.477472293342330642e-02
1.015025041736227074e+01 1.902057751061719815e-02 2.489397272330752531e-02
1.017696160267111871e+01 3.287183180831292767e-02 2.501379724833409715e-02
1.020367278797996669e+01 -1.295218154334920602e-02 2.513419927849099705e-02
1.023038397328881466e+01 3.101305783021890417e-02 2.525518159711641689e-02
1.025709515859766263e+01 1.524187766942342037e-02 2.537674700096307148e-02
1.028380634390651061e+01 1.327798197090954840e-02 2.549889830026290036e-02
1.031051752921535858e+01 2.399565064722784802e-02 2.562163831879201575e-02
1.033722871452420655e+01 3.624718172750799466e-02 2.574496989393594906e-02
1.036393989983305453e+01 2.817734917891239615e-02 2.586889587675528582e-02
1.039065108514190428e+01 2.326372044601742600e-02 2.599341913205156090e-02
1.041736227045075225e+01 7.477626438416427879e-02 2.611854253843345214e-02
1.044407345575960022e+01 7.558455241024109039e-03 2.624426898838337283e-02
1.047078464106844820e+01 1.597225036950630783e-02 2.637060138832431760e-02
1.049749582637729617e+01 4.283077145287386700e-02 2.649754265868704828e-02
1.052420701168614414e+01 7.199715781073819099e-02 2.662509573397759885e-02
1.055091819699499212e+01 -1.065948248253725111e-02 2.675326356284512402e-02
1.057762938230384009e+01 3.652223820143917637e-02 2.688204910815007037e-02
1.060434056761268806e+01 6.908244458803847188e-02 2.701145534703263892e-02
1.063105175292153604e+01 2.393452987406341145e-02 2.714148527098164329e-02
1.065776293823038401e+01 1.816480586736202510e-02 2.727214188590363492e-02
1.068447412353923198e+01 1.370090549530195850e-02 2.740342821219240652e-02
1.071118530884807996e+01 1.644133671590732385e-02 2.753534728479883203e-02
1.073789649415692793e+01 5.125950480937647991e-02 2.766790215330097377e-02
1.076460767946577590e+01 2.115481806377907809e-02 2.780109588197463011e-02
1.079131886477462388e+01 2.391086017338952402e-02 2.793493154986415733e-02
1.081803005008347363e+01 9.403613919779181540e-02 2.806941225085362798e-02
1.084474123539232160e+01 5.892167361468612918e-02 2.820454109373838128e-02
1.087145242070116957e+01 5.624862487106706277e-02 2.834032120229686494e-02
1.089816360601001755e+01 5.874876643315792013e-02 2.847675571536287947e-02
1.092487479131886552e+01 -9.868074275758052794e-03 2.861384778689809311e-02
1.095158597662771349e+01 3.334034299771575921e-02 2.875160058606499730e-02
1.097829716193656147e+01 8.924521200428833789e-02 2.889001729730014331e-02
1.100500834724540944e+01 5.455518859443295177e-02 2.902910112038775345e-02
1.103171953255425741e+01 3.666184290446154043e-02 2.916885527053371743e-02
1.105843071786310539e+01 4.588599917280520440e-02 2.930928297843988714e-02
1.108514190317195336e+01 -6.509940796486715642e-04 2.945038749037876685e-02
1.111185308848080133e+01 8.091975259287827182e-02 2.959217206826858862e-02
1.113856427378964931e+01 6.319636193337649366e-02 2.973463998974865824e-02
1.116527545909849728e+01 4.842847000139127722e-02 2.987779454825521125e-02
1.119198664440734525e+01 1.018870645769869021e-01 3.002163905309744932e-02
1.121869782971619323e+01 1.368360090360440373e-04 3.016617682953410054e-02
1.124540901502504120e+01 6.776531708965850831e-02 3.031141121885030584e-02
1.127212020033389095e+01 3.447156876870283160e-02 3.045734557843481766e-02
1.129883138564273892e+01 -4.616844018163331759e-02 3.060398328185757327e-02
1.132554257095158690e+01 -5.941729941888580779e-03 3.075132771894782679e-02
1.135225375626043487e+01 1.680833228676725799e-02 3.089938229587236435e-02
1.137896494156928284e+01 -9.307846636971629783e-03 3.104815043521429521e-02
1.140567612687813082e+01 2.357182934077680508e-02 3.119763557605222462e-02
1.143238731218697879e+01 1.192789487252626790e-03 3.134784117403966591e-02
1.145909849749582676e+01 2.627079860904853875e-02 3.149877070148496272e-02
1.148580968280467474e+01 5.178604192931912653e-02 3.165042764743160320e-02
1.151252086811352271e+01 5.150841610579427049e-02 3.180281551773880833e-02
1.153923205342237068e+01 6.659859170324911037e-03 3.195593783516259556e-02
1.156594323873121866e+01 9.922757590946418293e-02 3.210979813943724837e-02
1.159265442404006663e+01 5.553143954594957216e-02 3.226439998735710496e-02
1.161936560934891460e+01 5.224634415807345028e-02 3.241974695285878422e-02
1.164607679465776258e+01 6.968453644559718940e-02 3.257584262710385564e-02
1.167278797996661055e+01 -1.454488625562506965e-02 3.273269061856176609e-02
1.169949916527546030e+01 2.418669109596267852e-02 3.289029455309335631e-02
1.172621035058430827e+01 3.805477206811916369e-02 3.304865807403458561e-02
1.175292153589315625e+01 3.156532083295399138e-02 3.320778484228081168e-02
1.177963272120200422e+01 2.673427804478666070e-02 3.336767853637143816e-02
1.180634390651085219e+01 1.913931069740101854e-02 3.352834285257490221e-02
1.183305509181970017e+01 3.329673696561263885e-02 3.368978150497412699e-02
1.185976627712854814e+01 3.284375299567290907e-02 3.385199822555239740e-02
1.188647746243739611e+01 1.019758578310036717e-01 3.401499676427967300e-02
1.191318864774624409e+01 3.120927973148301254e-02 3.417878088919918539e-02
1.193989983305509206e+01 6.783211965130273025e-02 3.434335438651456990e-02
1.196661101836394003e+01 1.005115254823663040e-01 3.450872106067748996e-02
1.199332220367278801e+01 5.762376673329633325e-02 3.467488473447544878e-02
1.202003338898163598e+01 5.577984633863085351e-02 3.484184924912021863e-02
1.204674457429048395e+01 1.284380604353630717e-01 3.500961846433668645e-02
1.207345575959933193e+01 4.133026141562537448e-02 3.517819625845198389e-02
1.210016694490817990e+01 9.258255620532433727e-02 3.534758652848519339e-02
1.212687813021702787e+01 5.180876498389608287e-05 3.551779319023749132e-02
1.215358931552587762e+01 8.354909285544590003e-02 3.568882017838253401e-02
1.218030050083472560e+01 7.925600053481410279e-02 3.586067144655753075e-02
1.220701168614357357e+01 6.508281066517673796e-02 3.603335096745461513e-02
1.223372287145242154e+01 1.898307089724633398e-02 3.620686273291262580e-02
1.226043405676126952e+01 -7.358348393881236627e-02 3.638121075400949089e-02
1.228714524207011749e+01 3.453394398550080346e-02 3.655639906115483451e-02
1.231385642737896546e+01 -1.184473217010877794e-02 3.673243170418322850e-02
1.234056761268781344e+01 9.804170353173123631e-03 3.690931275244780513e-02
1.236727879799666141e+01 4.536313205233118151e-02 3.708704629491428595e-02
1.239398998330550938e+01 3.261601727073598633e-02 3.726563644025553818e-02
1.242070116861435736e+01 4.025521959562372576e-02 3.744508731694655423e-02
1.244741235392320533e+01 4.750327434488318956e-02 3.762540307335988932e-02
1.247412353923205330e+01 1.706052072340317680e-02 3.780658787786154301e-02
1.250083472454090128e+01 2.231104003664428556e-02 3.798864591890733361e-02
1.252754590984974925e+01 1.637172914252241901e-02 3.817158140513973730e-02
1.255425709515859722e+01 1.196793989356995797e-02 3.835539856548513676e-02
1.258096828046744697e+01 2.668316491263352658e-02 3.854010164925163184e-02
1.260767946577629495e+01 8.945945451404027637e-02 3.872569492622723181e-02
1.263439065108514292e+01 1.264794192937408052e-02 3.891218268677857500e-02
1.266110183639399089e+01 9.392432276077977704e-02 3.909956924195012035e-02
1.268781302170283887e+01 2.796767494484755229e-02 3.928785892356380371e-02
1.271452420701168684e+01 3.242147032552105540e-02 3.947705608431911761e-02
1.274123539232053481e+01 2.617731920954038602e-02 3.966716509789386391e-02
1.276794657762938279e+01 3.449339161432116857e-02 3.985819035904511476e-02
1.279465776293823076e+01 -8.966487020404138863e-03 4.005013628371087431e-02
1.282136894824707873e+01 9.667154936443750346e-02 4.024300730911221230e-02
1.284808013355592671e+01 1.993474095322626122e-02 4.043680789385573765e-02
1.287479131886477468e+01 8.058870615098427670e-02 4.063154251803670347e-02
1.290150250417362265e+01 -2.188831474038648722e-02 4.082721568334266721e-02
1.292821368948247063e+01 4.077818749942507814e-03 4.102383191315739364e-02
1.295492487479131860e+01 3.457200937927792928e-02 4.122139575266551420e-02
1.298163606010016657e+01 7.229730420976385186e-02 4.141991176895765819e-02
1.300834724540901455e+01 -1.085572857768375699e-02 4.161938455113587537e-02
1.303505843071786430e+01 3.067592053967600069e-02 4.181981871041985654e-02
1.306176961602671227e+01 1.307870855084363459e-01 4.202121888025346641e-02
1.308848080133556024e+01 5.112083221566703084e-02 4.222358971641187314e-02
1.311519198664440822e+01 -5.232864432999347060e-02 4.242693589710917063e-02
1.314190317195325619e+01 7.418236926377247409e-02 4.263126212310654889e-02
1.316861435726210416e+01 8.394365164934414203e-03 4.283657311782092247e-02
1.319532554257095214e+01 7.240797326128403655e-02 4.304287362743411394e-02
1.322203672787980011e+01 -3.858358039600413847e-02 4.325016842100268266e-02
1.324874791318864808e+01 3.146871647482599177e-02 4.345846229056800347e-02
1.327545909849749606e+01 8.390287261273379760e-02 4.366776005126714322e-02
1.330217028380634403e+01 -3.451500066078329321e-02 4.387806654144420920e-02
1.332888146911519200e+01 5.004557983704607804e-02 4.408938662276208620e-02
1.335559265442403998e+01 6.816959370262799800e-02 4.430172518031488815e-02
1.338230383973288795e+01 2.965444118583062533e-02 4.451508712274093726e-02
1.340901502504173592e+01 1.119792752160360116e-01 4.472947738233611775e-02
1.343572621035058390e+01 6.917143751229024029e-02 4.494490091516797209e-02
1.346243739565943365e+01 5.919880620429817525e-02 4.516136270119032459e-02
1.348914858096828162e+01 4.414107862622307366e-02 4.537886774435822418e-02
1.351585976627712959e+01 -1.314599773604152588e-04 4.559742107274379619e-02
1.354257095158597757e+01 4.802305734297786233e-02 4.581702773865244799e-02
1.356928213689482554e+01 2.587041829253710484e-02 4.603769281873958119e-02
1.359599332220367351e+01 5.024588292193306327e-02 4.625942141412796998e-02
1.362270450751252149e+01 4.893988631969316966e-02 4.648221865052580559e-02
1.364941569282136946e+01 4.609578166374760089e-02 4.670608967834501135e-02
1.367612687813021743e+01 8.837788040676006207e-02 4.693103967282038352e-02
1.370283806343906541e+01 9.629432306521178153e-02 4.715707383412931497e-02
1.372954924874791338e+01 3.565863118431290835e-02 4.738419738751183108e-02
1.375626043405676135e+01 9.159267262766779272e-03 4.761241558339150692e-02
1.378297161936560933e+01 1.072789537751677874e-01 4.784173369749682853e-02
1.380968280467445730e+01 8.528824064602182065e-03 4.807215703098311615e-02
1.383639398998330527e+01 -5.701461357167249971e-02 4.830369091055505826e-02
1.386310517529215325e+01 5.409137837273531729e-02 4.853634068858994621e-02
1.388981636060100122e+01 5.263717869505009361e-02 4.877011174326127685e-02
1.391652754590985097e+01 -7.134055711668113586e-02 4.900500947866315987e-02
1.394323873121869894e+01 2.218776896842036828e-02 4.924103932493524571e-02
1.396994991652754692e+01 -4.336624556948547038e-03 4.947820673838815991e-02
1.399666110183639489e+01 5.303007317247832725e-02 4.971651720162983262e-02
1.402337228714524286e+01 6.203749916793657726e-02 4.995597622369202934e-02
1.405008347245409084e+01 2.098743812354752006e-02 5.019658934015779062e-02
1.407679465776293881e+01 3.719767694682684506e-02 5.043836211328942692e-02
1.410350584307178679e+01 2.082628631761095778e-02 5.068130013215709634e-02
1.413021702838063476e+01 2.074242417069244171e-03 5.092540901276795817e-02
1.415692821368948273e+01 7.133864569940835676e-02 5.117069439819598581e-02
1.418363939899833071e+01 4.754534241920555654e-02 5.141716195871255668e-02
1.421035058430717868e+01 5.127205132645185071e-02 5.166481739191734757e-02
1.423706176961602665e+01 8.660650924555925168e-02 5.191366642287013888e-02
1.426377295492487463e+01 1.113532034653371555e-02 5.216371480422322959e-02
1.429048414023372260e+01 1.076177395439634893e-01 5.241496831635426151e-02
1.431719532554257057e+01 1.317675834295843063e-01 5.266743276749993874e-02
1.434390651085142032e+01 1.118262039914492689e-01 5.292111399389038545e-02
1.437061769616026830e+01 -7.042727589843880698e-04 5.317601785988380209e-02
1.439732888146911627e+01 3.564119063772193396e-03 5.343215025810233582e-02
1.442404006677796424e+01 -7.681062177624126130e-03 5.368951710956807594e-02
1.445075125208681222e+01 1.065489555966077084e-01 5.394812436384003457e-02
1.447746243739566019e+01 2.781260483754151649e-02 5.420797799915169635e-02
1.450417362270450816e+01 -3.203453910537936572e-02 5.446908402254914405e-02
1.453088480801335614e+01 8.558120629483279007e-02 5.473144847002993363e-02
1.455759599332220411e+01 3.250768418705676788e-02 5.499507740668275330e-02
1.458430717863105208e+01 3.543715914342357443e-02 5.525997692682745044e-02
1.461101836393990006e+01 5.702418319828204962e-02 5.552615315415602298e-02
1.463772954924874803e+01 -7.436025671952159466e-03 5.579361224187412427e-02
1.466444073455759600e+01 3.863050253772581238e-02 5.606236037284342832e-02
1.469115191986644398e+01 2.178802389350812524e-02 5.633240375972437680e-02
1.471786310517529195e+01 2.254551038260876189e-02 5.660374864511991816e-02
1.474457429048413992e+01 -5.302944244175153421e-02 5.687640130171982972e-02
1.477128547579298790e+01 3.027710469482029765e-02 5.715036803244563646e-02
1.479799666110183765e+01 1.003220499530558252e-01 5.742565517059636249e-02
1.482470784641068562e+01 4.210218998261512635e-02 5.770226907999497640e-02
1.485141903171953359e+01 2.547704223309490631e-02 5.798021615513541949e-02
1.487813021702838157e+01 6.033290413813505865e-02 5.825950282133052910e-02
1.490484140233722954e+01 1.466295936753617135e-01 5.854013553486048932e-02
1.493155258764607751e+01 5.891564230953164061e-02 5.882212078312206577e-02
1.495826377295492549e+01 1.062332087938953548e-02 5.910546508477873551e-02
1.498497495826377346e+01 9.639704469667523257e-02 5.939017498991115002e-02
1.501168614357262143e+01 1.144673623908199073e-01 5.967625708016869451e-02
1.503839732888146941e+01 -1.413248594541025721e-02 5.996371796892167177e-02
1.506510851419031738e+01 1.754557333024928112e-02 6.025256430141404107e-02
1.509181969949916535e+01 2.032301462097944184e-02 6.054280275491712854e-02
1.511853088480801333e+01 2.176178819052049587e-02 6.083444003888403145e-02
1.514524207011686130e+01 5.887758488227658182e-02 6.112748289510461230e-02
1.517195325542570927e+01 6.452683153826702100e-02 6.142193809786137410e-02
1.519866444073455725e+01 1.631328197888239073e-01 6.171781245408617528e-02
1.522537562604340700e+01 2.277345250170673477e-02 6.201511280351743732e-02
1.525208681135225497e+01 -4.082104409905486925e-02 6.231384601885826824e-02
1.527879799666110294e+01 3.744669299840553550e-02 6.261401900593550895e-02
1.530550918196995092e+01 1.205048201856123297e-01 6.291563870385916135e-02
1.533222036727879889e+01 2.729264824136219680e-03 6.321871208518292651e-02
1.535893155258764686e+01 8.455320741754772385e-02 6.352324615606541602e-02
1.538564273789649484e+01 5.824892538520377860e-02 6.382924795643195315e-02
1.541235392320534281e+01 3.186600836148940907e-02 6.413672456013745637e-02
1.543906510851419078e+01 1.098752019877797387e-01 6.444568307512998917e-02
1.546577629382303876e+01 1.209974529566685414e-01 6.475613064361493421e-02
1.549248747913188673e+01 -9.096874345699147713e-03 6.506807444222018066e-02
1.551919866444073470e+01 5.576278273228960775e-02 6.538152168216210258e-02
1.554590984974958268e+01 3.982196023772399673e-02 6.569647960941209230e-02
1.557262103505843065e+01 1.821607957829887436e-01 6.601295550486419028e-02
1.559933222036727862e+01 1.093776237440739485e-01 6.633095668450342264e-02
1.562604340567612660e+01 1.024662156258164813e-01 6.665049049957477711e-02
1.565275459098497457e+01 -5.001247624704759781e-02 6.697156433675321985e-02
1.567946577629382432e+01 6.148336038501871215e-02 6.729418561831461421e-02
1.570617696160267229e+01 2.195299511244255819e-01 6.761836180230698656e-02
1.573288814691152027e+01 1.953871126566299882e-02 6.794410038272312435e-02
1.575959933222036824e+01 1.050701077795237470e-01 6.827140888967390964e-02
1.578631051752921621e+01 3.704457277253998815e-03 6.860029488956216615e-02
1.581302170283806419e+01 8.612497048604195182e-02 6.893076598525767207e-02
1.583973288814691216e+01 -1.282372178486361203e-01 6.926282981627301938e-02
1.586644407345576013e+01 4.766013001220741757e-02 6.959649405894004215e-02
1.589315525876460811e+01 -4.333389099619227441e-02 6.993176642658734121e-02
1.591986644407345608e+01 1.154061720671110680e-01 7.026865466971868313e-02
1.594657762938230405e+01 7.407099156696173026e-02 7.060716657619200975e-02
1.597328881469115203e+01 -1.323195829817934155e-01 7.094730997139954420e-02
1.600000000000000000e+01 -5.067896292637161237e-02 7.128909271844878492e-02
