0.000000000000000000e+00 2.971275638886880510e-01 4.031999999999999994e-03
2.671118530884808093e-02 3.043942845404702946e-01 4.051278361594249505e-03
5.342237061769616185e-02 3.049098504967827639e-01 4.070649636994939403e-03
8.013355592654423931e-02 2.960216991243899698e-01 4.090114274008556892e-03
1.068447412353923237e-01 2.984408934930506963e-01 4.109672722599837583e-03
1.335559265442403942e-01 2.976193749538797451e-01 4.129325434902159087e-03
1.602671118530884786e-01 3.019487579841680924e-01 4.149072865227999667e-03
1.869782971619365630e-01 2.870967308397318618e-01 4.168915470079434180e-03
2.136894824707846474e-01 2.867786802088452269e-01 4.188853708158693338e-03
2.404006677796327318e-01 2.929260721364004283e-01 4.208888040378763740e-03
2.671118530884807885e-01 2.882580763567755278e-01 4.229018929874042536e-03
2.938230383973288729e-01 2.889423937176097135e-01 4.249246842011048485e-03
3.205342237061769572e-01 2.908087323113420775e-01 4.269572244399172031e-03
3.472454090150250416e-01 2.902332077606482041e-01 4.289995606901493043e-03
3.739565943238731260e-01 2.909408396000442432e-01 4.310517401645636709e-03
4.006677796327212104e-01 2.883955580306339916e-01 4.331138103034690157e-03
4.273789649415692948e-01 2.872619734283085036e-01 4.351858187758170238e-03
4.540901502504173792e-01 2.930184856052576170e-01 4.372678134803040760e-03
4.808013355592654636e-01 2.866444740264723068e-01 4.393598425464786961e-03
5.075125208681134925e-01 2.855139936951470170e-01 4.414619543358541155e-03
5.342237061769615769e-01 2.778638225877463341e-01 4.435741974430263898e-03
5.609348914858096613e-01 2.762062582492927354e-01 4.456966206967973715e-03
5.876460767946577457e-01 2.784578475379633766e-01 4.478292731613040152e-03
6.143572621035058301e-01 2.759011268441270426e-01 4.499722041371520195e-03
6.410684474123539145e-01 2.773309451312305773e-01 4.521254631625559739e-03
6.677796327212019989e-01 2.856596836798426797e-01 4.542891000144844496e-03
6.944908180300500833e-01 2.826723705147213273e-01 4.564631647098103817e-03
7.212020033388981677e-01 2.822680456124461723e-01 4.586477075064677826e-03
7.479131886477462521e-01 2.699578444718537251e-01 4.608427789046132261e-03
7.746243739565943365e-01 2.736657048229849676e-01 4.630484296477933165e-03
8.013355592654424209e-01 2.712043496418255484e-01 4.652647107241177950e-03
8.280467445742905053e-01 2.633911899824391001e-01 4.674916733674381979e-03
8.547579298831385897e-01 2.727038008890962373e-01 4.697293690585324123e-03
8.814691151919866741e-01 2.625831894344995976e-01 4.719778495262943498e-03
9.081803005008347585e-01 2.727781228082731269e-01 4.742371667489299510e-03
9.348914858096828429e-01 2.681108565977171621e-01 4.765073729551590892e-03
9.616026711185309273e-01 2.589147440634175790e-01 4.787885206254226776e-03
9.883138564273790116e-01 2.685497699179764108e-01 4.810806624930953276e-03
1.015025041736226985e+00 2.558392019833440889e-01 4.833838515457057269e-03
1.041736227045075180e+00 2.510258317312591414e-01 4.856981410261601399e-03
1.068447412353923154e+00 2.583056861885639766e-01 4.880235844339740614e-03
1.095158597662771349e+00 2.576115554199776558e-01 4.903602355265086407e-03
1.121869782971619323e+00 2.578166334096616552e-01 4.927081483202135244e-03
1.148580968280467518e+00 2.594301161931919508e-01 4.950673770918757703e-03
1.175292153589315491e+00 2.580628191148035544e-01 4.974379763798737926e-03
1.202003338898163687e+00 2.437846391574261806e-01 4.998200009854391127e-03
1.228714524207011660e+00 2.411771896037460672e-01 5.022135059739225339e-03
1.255425709515859856e+00 2.400461971599580635e-01 5.046185466760675156e-03
1.282136894824707829e+00 2.494035924843111540e-01 5.070351786892885772e-03
1.308848080133556024e+00 2.506853121060054201e-01 5.094634578789574222e-03
1.335559265442403998e+00 2.462006819464994112e-01 5.119034403796938332e-03
1.362270450751252193e+00 2.351839146676375225e-01 5.143551825966634176e-03
1.388981636060100167e+00 2.399313358758881631e-01 5.168187412068816870e-03
1.415692821368948362e+00 2.341249153758466484e-01 5.192941731605242063e-03
1.442404006677796335e+00 2.387328370620246665e-01 5.217815356822425553e-03
1.469115191986644531e+00 2.316650839949505047e-01 5.242808862724884431e-03
1.495826377295492504e+00 2.273415119669242590e-01 5.267922827088417255e-03
1.522537562604340700e+00 2.312461376348592945e-01 5.293157830473465761e-03
1.549248747913188673e+00 2.292636324943210235e-01 5.318514456238537282e-03
1.575959933222036868e+00 2.262625544159294899e-01 5.343993290553686153e-03
1.602671118530884842e+00 2.283385022342346304e-01 5.369594922414066239e-03
1.629382303839733037e+00 2.311175785242661207e-01 5.395319943653548514e-03
1.656093489148581011e+00 2.148550538290408818e-01 5.421168948958399354e-03
1.682804674457429206e+00 2.254315629989040448e-01 5.447142535881029958e-03
1.709515859766277179e+00 2.228044200978129552e-01 5.473241304853809081e-03
1.736227045075125153e+00 2.124919127754558712e-01 5.499465859202943424e-03
1.762938230383973348e+00 2.183702314220367924e-01 5.525816805162425682e-03
1.789649415692821321e+00 2.062458696398923597e-01 5.552294751888046768e-03
1.816360601001669517e+00 2.122763077259217646e-01 5.578900311471480904e-03
1.843071786310517490e+00 2.146308642317192594e-01 5.605634098954431419e-03
1.869782971619365686e+00 2.032828214496185115e-01 5.632496732342852017e-03
1.896494156928213659e+00 2.017968251074507002e-01 5.659488832621232222e-03
1.923205342237061855e+00 1.977783598199488180e-01 5.686611023766950483e-03
1.949916527545909828e+00 2.053910993778126359e-01 5.713863932764702731e-03
1.976627712854758023e+00 2.054874736136509394e-01 5.741248189620993397e-03
2.003338898163605997e+00 1.972443852244697149e-01 5.768764427378700148e-03
2.030050083472453970e+00 1.955973380351587743e-01 5.796413282131708880e-03
2.056761268781302388e+00 1.891692165619255628e-01 5.824195393039616371e-03
2.083472454090150361e+00 2.002185776432928443e-01 5.852111402342507519e-03
2.110183639398998334e+00 2.006586802809239567e-01 5.880161955375801108e-03
2.136894824707846308e+00 1.856473687889516888e-01 5.908347700585167561e-03
2.163606010016694725e+00 1.981861514606251262e-01 5.936669289541523023e-03
2.190317195325542698e+00 1.849517611266382755e-01 5.965127376956083291e-03
2.217028380634390672e+00 1.970134813370124638e-01 5.993722620695508818e-03
2.243739565943238645e+00 1.875699083653355748e-01 6.022455681797104360e-03
2.270450751252087063e+00 1.770400456958700908e-01 6.051327224484107960e-03
2.297161936560935036e+00 1.786953272735168075e-01 6.080337916181036313e-03
2.323873121869783009e+00 1.821686547275632728e-01 6.109488427529122939e-03
2.350584307178630983e+00 1.836233119386727619e-01 6.138779432401816200e-03
2.377295492487479400e+00 1.791762748324762788e-01 6.168211607920358851e-03
2.404006677796327374e+00 1.814761219838059436e-01 6.197785634469438719e-03
2.430717863105175347e+00 1.768472700906246753e-01 6.227502195712920907e-03
2.457429048414023320e+00 1.698989232616350820e-01 6.257361978609651994e-03
2.484140233722871738e+00 1.623967785848470791e-01 6.287365673429334487e-03
2.510851419031719711e+00 1.783021412554539609e-01 6.317513973768490616e-03
2.537562604340567685e+00 1.670856060680923905e-01 6.347807576566495517e-03
2.564273789649415658e+00 1.668358824705841459e-01 6.378247182121682402e-03
2.590984974958263631e+00 1.667897920555967139e-01 6.408833494107539670e-03
2.617696160267112049e+00 1.594862384566614888e-01 6.439567219588971346e-03
2.644407345575960022e+00 1.467261376732583444e-01 6.470449069038645105e-03
2.671118530884807996e+00 1.398085719815249928e-01 6.501479756353417509e-03
2.697829716193655969e+00 1.437304468676962321e-01 6.532659998870832090e-03
2.724540901502504386e+00 1.617053202841564064e-01 6.563990517385709378e-03
2.751252086811352360e+00 1.489387981900227587e-01 6.595472036166801118e-03
2.777963272120200333e+00 1.509349284278370396e-01 6.627105282973543357e-03
2.804674457429048307e+00 1.473484970155269635e-01 6.658890989072870255e-03
2.831385642737896724e+00 1.371027640806602443e-01 6.690829889256126768e-03
2.858096828046744697e+00 1.425559403959508198e-01 6.722922721856045523e-03
2.884808013355592671e+00 1.438099415805488279e-01 6.755170228763825169e-03
2.911519198664440644e+00 1.520955300576838920e-01 6.787573155446275514e-03
2.938230383973289062e+00 1.331414821158967976e-01 6.820132250963050272e-03
2.964941569282137035e+00 1.279102993504187824e-01 6.852848267983963938e-03
2.991652754590985008e+00 1.309334159747383430e-01 6.885721962806390199e-03
3.018363939899832982e+00 1.315016916387487245e-01 6.918754095372748811e-03
3.045075125208681399e+00 1.344927788617099329e-01 6.951945429288067940e-03
3.071786310517529373e+00 1.361078304609773248e-01 6.985296731837639314e-03
3.098497495826377346e+00 1.314210685824803715e-01 7.018808774004759235e-03
3.125208681135225319e+00 1.425726449330307899e-01 7.052482330488543324e-03
3.151919866444073737e+00 1.381150595921084023e-01 7.086318179721844482e-03
3.178631051752921710e+00 1.170651222283203979e-01 7.120317103889235028e-03
3.205342237061769683e+00 1.246236370441480418e-01 7.154479888945105073e-03
3.232053422370617657e+00 1.217233554162495957e-01 7.188807324631819005e-03
3.258764607679466074e+00 1.147403623972665376e-01 7.223300204497975184e-03
3.285475792988314048e+00 1.090192951348833289e-01 7.257959325916754113e-03
3.312186978297162021e+00 1.134769495507559761e-01 7.292785490104345542e-03
3.338898163606009994e+00 1.113406939060171408e-01 7.327779502138471839e-03
3.365609348914858412e+00 1.170410821113910538e-01 7.362942170977008517e-03
3.392320534223706385e+00 1.036423746304041826e-01 7.398274309476664604e-03
3.419031719532554359e+00 1.237450433824122675e-01 7.433776734411794845e-03
3.445742904841402332e+00 1.181066530363649031e-01 7.469450266493268299e-03
3.472454090150250305e+00 1.035699201037165590e-01 7.505295730387444471e-03
3.499165275459098723e+00 1.143903479894441272e-01 7.541313954735237059e-03
3.525876460767946696e+00 9.516162816503814792e-02 7.577505772171269638e-03
3.552587646076794670e+00 7.675673625540740952e-02 7.613872019343123285e-03
3.579298831385642643e+00 9.248886575430782797e-02 7.650413536930677876e-03
3.606010016694491060e+00 9.532375620811552042e-02 7.687131169665547062e-03
3.632721202003339034e+00 1.114478142025532720e-01 7.724025766350602583e-03
3.659432387312187007e+00 1.009870346539775421e-01 7.761098179879600927e-03
3.686143572621034981e+00 9.509838881998722293e-02 7.798349267256894125e-03
3.712854757929883398e+00 8.528535804250081398e-02 7.835779889617247237e-03
3.739565943238731371e+00 9.446470995115825720e-02 7.873390912245741696e-03
3.766277128547579345e+00 8.545618436546852104e-02 7.911183204597774937e-03
3.792988313856427318e+00 8.316607680105415901e-02 7.949157640319167578e-03
3.819699499165275736e+00 7.675487906979475139e-02 7.987315097266356467e-03
3.846410684474123709e+00 9.082015079471673913e-02 8.025656457526678805e-03
3.873121869782971682e+00 8.863947003331582031e-02 8.064182607438781167e-03
3.899833055091819656e+00 7.723471400561775224e-02 8.102894437613092707e-03
3.926544240400668073e+00 7.903446062204649847e-02 8.141792842952425002e-03
3.953255425709516047e+00 7.934292417406872688e-02 8.180878722672646486e-03
3.979966611018364020e+00 6.264833390381653599e-02 8.220152980323488720e-03
4.006677796327211993e+00 8.294604031370621244e-02 8.259616523809416855e-03
4.033388981636059967e+00 6.813696883916148250e-02 8.299270265410621517e-03
4.060100166944907940e+00 6.734774739664438348e-02 8.339115121804114780e-03
4.086811352253756802e+00 7.563080867126160955e-02 8.379152014084916347e-03
4.113522537562604775e+00 7.198462267664186565e-02 8.419381867787340337e-03
4.140233722871452748e+00 7.378317331003701740e-02 8.459805612906403510e-03
4.166944908180300722e+00 5.133056406355221424e-02 8.500424183919316756e-03
4.193656093489148695e+00 5.612663187350563909e-02 8.541238519807087606e-03
4.220367278797996669e+00 7.918996126763620802e-02 8.582249564076228562e-03
4.247078464106844642e+00 5.828789908818653165e-02 8.623458264780560836e-03
4.273789649415692615e+00 6.707616746990070766e-02 8.664865574543146459e-03
4.300500834724540589e+00 5.427101370608225506e-02 8.706472450578294983e-03
4.327212020033389450e+00 3.810353573265687355e-02 8.748279854713696818e-03
4.353923205342237424e+00 6.226537861358587972e-02 8.790288753412658918e-03
4.380634390651085397e+00 4.897273361411103032e-02 8.832500117796442812e-03
4.407345575959933370e+00 5.385312203423466004e-02 8.874914923666720606e-03
4.434056761268781344e+00 5.077178031139030490e-02 8.917534151528128117e-03
4.460767946577629317e+00 4.568927226816690834e-02 8.960358786610932505e-03
4.487479131886477290e+00 5.312478642219692349e-02 9.003389818893800522e-03
4.514190317195325264e+00 5.224963970735620189e-02 9.046628243126703800e-03
4.540901502504174125e+00 4.880149038464925981e-02 9.090075058853886586e-03
4.567612687813022099e+00 6.490525969958041430e-02 9.133731270436996549e-03
4.594323873121870072e+00 4.857347298977230526e-02 9.177597887078290176e-03
4.621035058430718045e+00 4.910040009810483913e-02 9.221675922843964798e-03
4.647746243739566019e+00 4.424253658328140826e-02 9.265966396687603385e-03
4.674457429048413992e+00 3.663444720722074804e-02 9.310470332473725144e-03
4.701168614357261966e+00 6.007054755660309192e-02 9.355188759001462767e-03
4.727879799666109939e+00 3.480078029192133771e-02 9.400122710028329873e-03
4.754590984974958801e+00 3.576733813158402414e-02 9.445273224294139375e-03
4.781302170283806774e+00 4.848563190613031093e-02 9.490641345544989504e-03
4.808013355592654747e+00 3.374460296545511717e-02 9.536228122557425038e-03
4.834724540901502721e+00 3.677229854747183363e-02 9.582034609162648833e-03
4.861435726210350694e+00 4.818935890909167852e-02 9.628061864270906836e-03
4.888146911519198667e+00 4.181350520614652427e-02 9.674310951895958091e-03
4.914858096828046641e+00 2.980311261470633410e-02 9.720782941179669651e-03
4.941569282136894614e+00 3.959808858543065885e-02 9.767478906416732914e-03
4.968280467445743476e+00 2.364851683343033306e-02 9.814399927079506605e-03
4.994991652754591449e+00 2.155624332435824783e-02 9.861547087842956888e-03
5.021702838063439422e+00 5.337715493753301954e-02 9.908921478609741471e-03
5.048414023372287396e+00 2.496972378300602036e-02 9.956524194535402994e-03
5.075125208681135369e+00 4.260373363034517663e-02 1.000435633605368559e-02
5.101836393989983343e+00 3.573089091936927642e-02 1.005241900890197285e-02
5.128547579298831316e+00 4.615667332241579768e-02 1.010071332414684900e-02
5.155258764607679289e+00 1.705007975999980885e-02 1.014924039820978494e-02
5.181969949916527263e+00 2.228535830974462395e-02 1.019800135289294397e-02
5.208681135225376124e+00 2.347766328780710732e-02 1.024699731540511943e-02
5.235392320534224098e+00 2.383505229390497221e-02 1.029622941838778498e-02
5.262103505843072071e+00 4.027924706956526740e-02 1.034569879994128895e-02
5.288814691151920044e+00 2.603892422067090665e-02 1.039540660365115103e-02
5.315525876460768018e+00 2.137271949227555201e-02 1.044535397861450637e-02
5.342237061769615991e+00 2.505081404199765299e-02 1.049554207946666595e-02
5.368948247078463964e+00 3.355984762753075334e-02 1.054597206640781916e-02
5.395659432387311938e+00 2.361539769949979120e-02 1.059664510522983008e-02
5.422370617696160799e+00 2.650459664186882031e-02 1.064756236734321765e-02
5.449081803005008773e+00 1.491194336302657797e-02 1.069872502980420519e-02
5.475792988313856746e+00 2.207289399968217700e-02 1.075013427534195383e-02
5.502504173622704720e+00 4.728912816213221015e-02 1.080179129238589483e-02
5.529215358931552693e+00 2.786916700466855745e-02 1.085369727509319891e-02
5.555926544240400666e+00 -9.152591221901290597e-03 1.090585342337638784e-02
5.582637729549248640e+00 1.705784815811572930e-02 1.095826094293106401e-02
5.609348914858096613e+00 1.450148558292527375e-02 1.101092104526380129e-02
5.636060100166945475e+00 2.378374755063548951e-02 1.106383494772013310e-02
5.662771285475793448e+00 1.417439480556497745e-02 1.111700387351268783e-02
5.689482470784641421e+00 -6.846515160192915422e-03 1.117042905174949613e-02
5.716193656093489395e+00 4.297807916259693828e-03 1.122411171746237786e-02
5.742904841402337368e+00 1.998812766807405578e-02 1.127805311163549568e-02
5.769616026711185341e+00 2.139669927649320152e-02 1.133225448123405601e-02
5.796327212020033315e+00 1.988746737239349346e-02 1.138671707923312459e-02
5.823038397328881288e+00 1.106847312257871856e-02 1.144144216464658935e-02
5.849749582637730150e+00 1.114349988985997159e-02 1.149643100255627257e-02
5.876460767946578123e+00 2.243883658554582383e-02 1.155168486414117311e-02
5.903171953255426097e+00 1.730305181749835358e-03 1.160720502670685439e-02
5.929883138564274070e+00 1.420058478401379359e-03 1.166299277371496065e-02
5.956594323873122043e+00 2.314308208009057191e-02 1.171904939481290681e-02
5.983305509181970017e+00 3.650855253190901650e-02 1.177537618586367053e-02
6.010016694490817990e+00 1.581786247714076291e-02 1.183197444897576486e-02
6.036727879799665963e+00 2.398390987266330737e-02 1.188884549253333041e-02
6.063439065108513937e+00 2.535526372658648830e-02 1.194599063122638201e-02
6.090150250417362798e+00 1.695084678292700653e-02 1.200341118608120455e-02
6.116861435726210772e+00 -1.244631768648540686e-02 1.206110848449088238e-02
6.143572621035058745e+00 2.072441647072358409e-02 1.211908386024600041e-02
6.170283806343906718e+00 7.361559447996402286e-03 1.217733865356545805e-02
6.196994991652754692e+00 7.563772969059908563e-03 1.223587421112747042e-02
6.223706176961602665e+00 9.627707801241369365e-03 1.229469188610068410e-02
6.250417362270450639e+00 -1.233153709677373144e-02 1.235379303817546459e-02
6.277128547579298612e+00 5.620424553176797504e-03 1.241317903359532952e-02
6.303839732888147473e+00 2.984034268402333684e-02 1.247285124518852754e-02
6.330550918196995447e+00 -1.241603857558056662e-04 1.253281105239978203e-02
6.357262103505843420e+00 -1.028876690510247688e-03 1.259305984132216838e-02
6.383973288814691394e+00 2.253454653010509429e-02 1.265359900472917340e-02
6.410684474123539367e+00 4.123473688613167251e-03 1.271442994210686926e-02
6.437395659432387340e+00 1.272704608381234823e-02 1.277555405968628863e-02
6.464106844741235314e+00 -2.914691591807929555e-03 1.283697277047591429e-02
6.490818030050083287e+00 -7.757223968234972823e-03 1.289868749429435094e-02
6.517529215358932149e+00 2.945358990952577985e-02 1.296069965780315657e-02
6.544240400667780122e+00 1.225057182333387507e-02 1.302301069453980220e-02
6.570951585976628095e+00 3.226172783883103634e-03 1.308562204495082593e-02
6.597662771285476069e+00 1.456992932196222654e-02 1.314853515642513265e-02
6.624373956594324042e+00 2.313420166914000042e-02 1.321175148332744652e-02
6.651085141903172016e+00 3.008878032504128282e-03 1.327527248703192983e-02
6.677796327212019989e+00 1.146752633085919813e-02 1.333909963595597201e-02
6.704507512520867962e+00 1.031884069013668664e-02 1.340323440559414159e-02
6.731218697829716824e+00 -1.535834596146713228e-02 1.346767827855227008e-02
6.757929883138564797e+00 -9.685286862159671328e-03 1.353243274458175265e-02
6.784641068447412771e+00 1.420834272134284537e-02 1.359749930061397716e-02
6.811352253756260744e+00 -7.208507467093537742e-03 1.366287945079491979e-02
6.838063439065108717e+00 -1.842849443223367432e-03 1.372857470651993317e-02
6.864774624373956691e+00 -1.414344232957177872e-02 1.379458658646866981e-02
6.891485809682804664e+00 1.445090554412687203e-03 1.386091661664019641e-02
6.918196994991652637e+00 -7.346811369782144975e-03 1.392756633038827463e-02
6.944908180300500611e+00 2.064422791242834232e-02 1.399453726845680153e-02
6.971619365609349472e+00 2.225726438439158683e-02 1.406183097901542688e-02
6.998330550918197446e+00 -1.813058645556643242e-02 1.412944901769534224e-02
7.025041736227045419e+00 1.757169939875524375e-02 1.419739294762525049e-02
7.051752921535893393e+00 2.286771400775004272e-03 1.426566433946748792e-02
7.078464106844741366e+00 1.943238969448161935e-02 1.433426477145434419e-02
7.105175292153589339e+00 6.523190734757742387e-04 1.440319582942454352e-02
7.131886477462437313e+00 -5.202352537763722806e-05 1.447245910685989595e-02
7.158597662771285286e+00 -5.468910065207631399e-03 1.454205620492214981e-02
7.185308848080134148e+00 -2.237246400095253829e-03 1.461198873248999511e-02
7.212020033388982121e+00 1.258877183238016166e-02 1.468225830619625423e-02
7.238731218697830094e+00 -6.121491651957459111e-03 1.475286655046525487e-02
7.265442404006678068e+00 1.200929864308233376e-03 1.482381509755039371e-02
7.292153589315526041e+00 2.772626867455981435e-03 1.489510558757185972e-02
7.318864774624374014e+00 2.283804265499852354e-02 1.496673966855453786e-02
7.345575959933221988e+00 -1.112651893088165665e-02 1.503871899646613483e-02
7.372287145242069961e+00 9.605943420922533407e-03 1.511104523525542455e-02
7.398998330550918823e+00 2.344187341628283655e-02 1.518372005689075203e-02
7.425709515859766796e+00 3.627040663935938991e-02 1.525674514139864664e-02
7.452420701168614769e+00 -1.033444463174515091e-02 1.533012217690269373e-02
7.479131886477462743e+00 2.266664166143868460e-03 1.540385285966252432e-02
7.505843071786310716e+00 1.281653998085318519e-02 1.547793889411306668e-02
7.532554257095158690e+00 7.604183513135098250e-03 1.555238199290391761e-02
7.559265442404006663e+00 1.571059086952586274e-03 1.562718387693893748e-02
7.585976627712854636e+00 3.004712197553971974e-03 1.570234627541604311e-02
7.612687813021703498e+00 1.990972590737732570e-02 1.577787092586719481e-02
7.639398998330551471e+00 -1.558762546745474584e-02 1.585375957419850323e-02
7.666110183639399445e+00 2.586142266648736726e-02 1.593001397473067099e-02
7.692821368948247418e+00 5.294650856251206794e-03 1.600663589023949840e-02
7.719532554257095391e+00 1.744518558356938573e-02 1.608362709199662177e-02
7.746243739565943365e+00 -2.811843206038138615e-02 1.616098935981051185e-02
7.772954924874791338e+00 1.169316813856859094e-02 1.623872448206757288e-02
7.799666110183639312e+00 1.105494517049952080e-02 1.631683425577349147e-02
7.826377295492487285e+00 7.007774525171102387e-05 1.639532048659479366e-02
7.853088480801336146e+00 2.725769130244486485e-02 1.647418498890059271e-02
7.879799666110184120e+00 -1.647013552459567973e-02 1.655342958580447929e-02
7.906510851419032093e+00 2.044044692786944201e-02 1.663305610920674804e-02
7.933222036727880067e+00 1.366765540608405605e-02 1.671306639983667630e-02
7.959933222036728040e+00 1.098673357849243304e-02 1.679346230729511155e-02
7.986644407345576013e+00 3.172682068480030260e-03 1.687424569009721501e-02
8.013355592654423987e+00 9.552795215885220501e-03 1.695541841571543765e-02
8.040066777963271960e+00 2.812340862889108756e-02 1.703698236062267321e-02
8.066777963272119933e+00 3.392043920028755405e-04 1.711893941033565056e-02
8.093489148580967907e+00 -2.005271738232259141e-02 1.720129145945852381e-02
8.120200333889815880e+00 5.320303660527878065e-02 1.728404041172664635e-02
8.146911519198663854e+00 7.549819398948716224e-03 1.736718818005061546e-02
8.173622704507513603e+00 -2.583199667327860938e-03 1.745073668656046614e-02
8.200333889816361577e+00 2.073583416833137127e-02 1.753468786265010085e-02
8.227045075125209550e+00 1.793726180153657618e-02 1.761904364902196207e-02
8.253756260434057523e+00 2.254157235573469448e-02 1.770380599573188538e-02
8.280467445742905497e+00 9.544452131538920525e-03 1.778897686223417096e-02
8.307178631051753470e+00 1.387606188024545842e-02 1.787455821742688772e-02
8.333889816360601444e+00 2.406588835928918924e-02 1.796055203969738542e-02
8.360601001669449417e+00 -1.314090586541796085e-02 1.804696031696803940e-02
8.387312186978297390e+00 4.221892300281668287e-02 1.813378504674217906e-02
8.414023372287145364e+00 1.639664942161515176e-02 1.822102823615030440e-02
8.440734557595993337e+00 8.239442470308113234e-03 1.830869190199643087e-02
8.467445742904841310e+00 3.348067771713159058e-02 1.839677807080477429e-02
8.494156928213689284e+00 -1.743452181447295232e-02 1.848528877886655361e-02
8.520868113522537257e+00 2.135185269341564537e-02 1.857422607228707834e-02
8.547579298831385231e+00 -6.727667888172984487e-03 1.866359200703304397e-02
8.574290484140233204e+00 5.499269317256435738e-03 1.875338864898007385e-02
8.601001669449081177e+00 2.653334362606064867e-02 1.884361807396045183e-02
8.627712854757930927e+00 8.173432160487239390e-03 1.893428236781113938e-02
8.654424040066778900e+00 -2.331629941990508159e-03 1.902538362642195585e-02
8.681135225375626874e+00 6.990433165634114820e-03 1.911692395578407436e-02
8.707846410684474847e+00 2.139490006636936975e-02 1.920890547203866344e-02
8.734557595993322821e+00 3.724676920579686468e-02 1.930133030152583751e-02
8.761268781302170794e+00 3.630182918694349614e-02 1.939420058083380152e-02
8.787979966611018767e+00 3.426689632720955614e-02 1.948751845684822473e-02
8.814691151919866741e+00 2.396113249852076243e-02 1.958128608680190230e-02
8.841402337228714714e+00 3.997246293097295178e-02 1.967550563832460436e-02
8.868113522537562687e+00 4.369569917549494947e-02 1.977017928949317827e-02
8.894824707846410661e+00 -6.458770368392607181e-03 1.986530922888192149e-02
8.921535893155258634e+00 -2.125884964435144353e-04 1.996089765561315926e-02
8.948247078464106607e+00 2.997671068033007369e-02 2.005694677940808232e-02
8.974958263772954581e+00 2.311599360627165228e-02 2.015345882063784150e-02
9.001669449081802554e+00 -1.045386826251316556e-02 2.025043601037485735e-02
9.028380634390650528e+00 5.576089123509365975e-02 2.034788059044440392e-02
9.055091819699500277e+00 -1.394444925222679266e-02 2.044579481347645611e-02
9.081803005008348251e+00 2.424903808069537800e-02 2.054418094295771061e-02
9.108514190317196224e+00 3.316198561025360952e-03 2.064304125328396411e-02
9.135225375626044197e+00 -8.705473692681604814e-03 2.074237802981266851e-02
9.161936560934892171e+00 6.398489360316091112e-02 2.084219356891574629e-02
9.188647746243740144e+00 7.818193067855161785e-03 2.094249017803272161e-02
9.215358931552588118e+00 6.135110975756829371e-02 2.104327017572399719e-02
9.242070116861436091e+00 2.968826898525702557e-02 2.114453589172451964e-02
9.268781302170284064e+00 -1.768228457377616497e-02 2.124628966699757676e-02
9.295492487479132038e+00 -1.740874957733681838e-02 2.134853385378895907e-02
9.322203672787980011e+00 1.210648108271955570e-03 2.145127081568131214e-02
9.348914858096827984e+00 6.058008994261675217e-02 2.155450292764877346e-02
9.375626043405675958e+00 -4.463680639311604775e-03 2.165823257611190072e-02
9.402337228714523931e+00 4.253367001188669561e-02 2.176246215899280828e-02
9.429048414023371905e+00 -1.334025867725276149e-04 2.186719408577060889e-02
9.455759599332219878e+00 1.203000103785428071e-02 2.197243077753713650e-02
9.482470784641067851e+00 2.197657714622427289e-02 2.207817466705287723e-02
9.509181969949917601e+00 2.052648893425400300e-02 2.218442819880324379e-02
9.535893155258765574e+00 5.131401036387998188e-02 2.229119382905503724e-02
9.562604340567613548e+00 -8.172426541477983974e-03 2.239847402591328696e-02
9.589315525876461521e+00 1.582797257307309857e-02 2.250627126937827446e-02
9.616026711185309495e+00 4.759107332490752906e-02 2.261458805140285563e-02
9.642737896494157468e+00 3.513773520805801159e-02 2.272342687595008473e-02
9.669449081803005441e+00 1.987272285695913798e-02 2.283279025905109866e-02
9.696160267111853415e+00 3.939737542939435178e-02 2.294268072886325102e-02
9.722871452420701388e+00 2.232042250067828651e-02 2.305310082572860700e-02
9.749582637729549361e+00 4.805593464340880694e-02 2.316405310223262903e-02
9.776293823038397335e+00 2.005031620643318857e-02 2.327554012326318172e-02
9.803005008347245308e+00 6.934468134661711525e-02 2.338756446606986630e-02
9.829716193656093282e+00 9.596469674337929079e-03 2.350012872032353900e-02
9.856427378964941255e+00 3.530919011403611807e-02 2.361323548817623533e-02
9.883138564273789228e+00 1.031726916251363146e-03 2.372688738432128866e-02
9.909849749582637202e+00 4.652419675475103628e-02 2.384108703605377841e-02
9.936560934891486951e+00 3.766102959457495042e-02 2.395583708333128697e-02
9.963272120200334925e+00 2.498236586244394555e-02 2.407114017883487875e-02
9.989983305509182898e+00 2.567048212122892414e-02 2.418699898803048504e-02
1.001669449081803087e+01 2.295251990152671548e-02 2.430341618923048327e-02
1.004340567612687884e+01 3.357952040098290125e-02 2.442039447365560931e-02
1.007011686143572682e+01 1.762652137983724415e-02 2.453793654549719233e-02
1.009682804674457479e+01 2.665962569914360689e-02 2.465604512197965004e-02
1.012353923205342277e+01 4.941730789793764844e-02 2.477472293342330642e-02
1.015025041736227074e+01 9.773958713173689500e-03 2.489397272330752531e-02
1.017696160267111871e+01 3.344291372090803238e-02 2.501379724833409715e-02
1.020367278797996669e+01 -2.467972640353105485e-02 2.513419927849099705e-02
1.023038397328881466e+01 3.805344233016121069e-02 2.525518159711641689e-02
1.025709515859766263e+01 5.253735114584594246e-03 2.537674700096307148e-02
1.028380634390651061e+01 3.527900643304952150e-02 2.549889830026290036e-02
1.031051752921535858e+01 1.177189956809816460e-02 2.562163831879201575e-02
1.033722871452420655e+01 1.958316309764801186e-02 2.574496989393594906e-02
1.036393989983305453e+01 3.502362492569276869e-02 2.586889587675528582e-02
1.039065108514190428e+01 5.421121590512954780e-02 2.599341913205156090e-02
1.041736227045075225e+01 6.559862467739024927e-02 2.611854253843345214e-02
1.044407345575960022e+01 3.973589163652378048e-02 2.624426898838337283e-02
1.047078464106844820e+01 6.153587337081125458e-03 2.637060138832431760e-02
1.049749582637729617e+01 -7.586158552044228870e-03 2.649754265868704828e-02
1.052420701168614414e+01 2.416414241014010894e-02 2.662509573397759885e-02
1.055091819699499212e+01 3.944987280964894205e-02 2.675326356284512402e-02
1.057762938230384009e+01 6.215924913847347549e-02 2.688204910815007037e-02
1.060434056761268806e+01 7.506929894655980928e-02 2.701145534703263892e-02
1.063105175292153604e+01 -3.073185144936881052e-03 2.714148527098164329e-02
1.065776293823038401e+01 2.372319641324592554e-02 2.727214188590363492e-02
1.068447412353923198e+01 2.611539589542396372e-02 2.740342821219240652e-02
1.071118530884807996e+01 3.726117069227957712e-02 2.753534728479883203e-02
1.073789649415692793e+01 2.837702586119776604e-02 2.766790215330097377e-02
1.076460767946577590e+01 4.728528434935845570e-02 2.780109588197463011e-02
1.079131886477462388e+01 6.216119701113127088e-02 2.793493154986415733e-02
1.081803005008347363e+01 -1.156964622247899990e-02 2.806941225085362798e-02
1.084474123539232160e+01 6.774896757133230807e-02 2.820454109373838128e-02
1.087145242070116957e+01 -3.982552927884987215e-02 2.834032120229686494e-02
1.089816360601001755e+01 1.327575462804361089e-02 2.847675571536287947e-02
1.092487479131886552e+01 4.302410957664387636e-02 2.861384778689809311e-02
1.095158597662771349e+01 3.181823224124773197e-02 2.875160058606499730e-02
1.097829716193656147e+01 4.041425024913322672e-02 2.889001729730014331e-02
1.100500834724540944e+01 3.392548210642901824e-02 2.902910112038775345e-02
1.103171953255425741e+01 3.299380792002598595e-02 2.916885527053371743e-02
1.105843071786310539e+01 3.930068038243848816e-02 2.930928297843988714e-02
1.108514190317195336e+01 2.526371287825737721e-02 2.945038749037876685e-02
1.111185308848080133e+01 5.037728547404095314e-02 2.959217206826858862e-02
1.113856427378964931e+01 1.097207597272446822e-02 2.973463998974865824e-02
1.116527545909849728e+01 3.665435779548267825e-04 2.987779454825521125e-02
1.119198664440734525e+01 -6.301206935910956541e-03 3.002163905309744932e-02
1.121869782971619323e+01 -2.760149204792602950e-04 3.016617682953410054e-02
1.124540901502504120e+01 4.078069991120929216e-02 3.031141121885030584e-02
1.127212020033389095e+01 3.533774294212923411e-02 3.045734557843481766e-02
1.129883138564273892e+01 8.432128253038687071e-02 3.060398328185757327e-02
1.132554257095158690e+01 7.603359604526516158e-02 3.075132771894782679e-02
1.135225375626043487e+01 3.976452658253475797e-02 3.089938229587236435e-02
1.137896494156928284e+01 4.117836113341457466e-02 3.104815043521429521e-02
1.140567612687813082e+01 7.040529700583275652e-02 3.119763557605222462e-02
1.143238731218697879e+01 6.938123518651094501e-02 3.134784117403966591e-02
1.145909849749582676e+01 4.642009716207039227e-02 3.149877070148496272e-02
1.148580968280467474e+01 3.939693796519447982e-02 3.165042764743160320e-02
1.151252086811352271e+01 -2.244661668702206681e-02 3.180281551773880833e-02
1.153923205342237068e+01 1.128538273928100105e-02 3.195593783516259556e-02
1.156594323873121866e+01 5.462638662929866079e-03 3.210979813943724837e-02
1.159265442404006663e+01 3.459662783901117089e-02 3.226439998735710496e-02
1.161936560934891460e+01 4.959688152434500730e-02 3.241974695285878422e-02
1.164607679465776258e+01 4.358416207483355176e-02 3.257584262710385564e-02
1.167278797996661055e+01 2.197275430496078291e-02 3.273269061856176609e-02
1.169949916527546030e+01 1.332232522404996899e-03 3.289029455309335631e-02
1.172621035058430827e+01 4.262310914082843849e-02 3.304865807403458561e-02
1.175292153589315625e+01 5.777462994269001034e-02 3.320778484228081168e-02
1.177963272120200422e+01 3.088171017067128932e-02 3.336767853637143816e-02
1.180634390651085219e+01 4.505451158183387816e-02 3.352834285257490221e-02
1.183305509181970017e+01 4.754139390422418981e-02 3.368978150497412699e-02
1.185976627712854814e+01 2.222983497634559158e-02 3.385199822555239740e-02
1.188647746243739611e+01 1.181430988324021214e-02 3.401499676427967300e-02
1.191318864774624409e+01 1.246817209445144278e-02 3.417878088919918539e-02
1.193989983305509206e+01 5.174739829696138604e-02 3.434335438651456990e-02
1.196661101836394003e+01 5.753245412328670400e-02 3.450872106067748996e-02
1.199332220367278801e+01 -2.487706966014643223e-02 3.467488473447544878e-02
1.202003338898163598e+01 8.404280236991845676e-02 3.484184924912021863e-02
1.204674457429048395e+01 -5.176208826212697067e-03 3.500961846433668645e-02
1.207345575959933193e+01 3.819369575019983254e-02 3.517819625845198389e-02
1.210016694490817990e+01 1.155203690464266103e-02 3.534758652848519339e-02
1.212687813021702787e+01 5.916340853315273790e-02 3.551779319023749132e-02
1.215358931552587762e+01 4.919262047235423152e-02 3.568882017838253401e-02
1.218030050083472560e+01 3.930560150333790165e-02 3.586067144655753075e-02
1.220701168614357357e+01 -5.970207312104493236e-03 3.603335096745461513e-02
1.223372287145242154e+01 -7.135799846025442372e-03 3.620686273291262580e-02
1.226043405676126952e+01 4.877642522924728608e-02 3.638121075400949089e-02
1.228714524207011749e+01 6.705947339212311314e-03 3.655639906115483451e-02
1.231385642737896546e+01 2.883621296855951033e-02 3.673243170418322850e-02
1.234056761268781344e+01 2.940471092590630359e-02 3.690931275244780513e-02
1.236727879799666141e+01 4.194967365359456024e-02 3.708704629491428595e-02
1.239398998330550938e+01 2.538775381617491139e-02 3.726563644025553818e-02
1.242070116861435736e+01 7.401542353715614975e-02 3.744508731694655423e-02
1.244741235392320533e+01 -5.687292796362437841e-03 3.762540307335988932e-02
1.247412353923205330e+01 -3.159243059303623591e-03 3.780658787786154301e-02
1.250083472454090128e+01 5.628994197164065294e-02 3.798864591890733361e-02
1.252754590984974925e+01 4.940384923205495826e-02 3.817158140513973730e-02
1.255425709515859722e+01 4.119104640304188658e-02 3.835539856548513676e-02
1.258096828046744697e+01 5.270808740543052318e-02 3.854010164925163184e-02
1.260767946577629495e+01 8.180612862530695084e-02 3.872569492622723181e-02
1.263439065108514292e+01 -3.436019639588727692e-03 3.891218268677857500e-02
1.266110183639399089e+01 -4.217744268793538476e-03 3.909956924195012035e-02
1.268781302170283887e+01 -2.663320480679998159e-02 3.928785892356380371e-02
1.271452420701168684e+01 1.299025253398976981e-02 3.947705608431911761e-02
1.274123539232053481e+01 9.303109991662825151e-02 3.966716509789386391e-02
1.276794657762938279e+01 2.287561607824906834e-02 3.985819035904511476e-02
1.279465776293823076e+01 9.151392042956460471e-02 4.005013628371087431e-02
1.282136894824707873e+01 1.314655024147141082e-01 4.024300730911221230e-02
1.284808013355592671e+01 3.454597922962793916e-02 4.043680789385573765e-02
1.287479131886477468e+01 6.106910412307186425e-02 4.063154251803670347e-02
1.290150250417362265e+01 -3.397364647453870318e-02 4.082721568334266721e-02
1.292821368948247063e+01 -2.432703816777424116e-02 4.102383191315739364e-02
1.295492487479131860e+01 3.660045510532500268e-02 4.122139575266551420e-02
1.298163606010016657e+01 -1.964751046986793620e-02 4.141991176895765819e-02
1.300834724540901455e+01 1.531216405996127169e-02 4.161938455113587537e-02
1.303505843071786430e+01 5.199101136033922044e-02 4.181981871041985654e-02
1.306176961602671227e+01 1.512812718850329446e-02 4.202121888025346641e-02
1.308848080133556024e+01 -3.062775654770854422e-02 4.222358971641187314e-02
1.311519198664440822e+01 -6.417480463266278523e-02 4.242693589710917063e-02
1.314190317195325619e+01 -1.739565767362068888e-02 4.263126212310654889e-02
1.316861435726210416e+01 6.454346177986509947e-02 4.283657311782092247e-02
1.319532554257095214e+01 1.200408699242842131e-01 4.304287362743411394e-02
1.322203672787980011e+01 4.787017700661638786e-02 4.325016842100268266e-02
1.324874791318864808e+01 1.611050193982277445e-02 4.345846229056800347e-02
1.327545909849749606e+01 -1.079949376174924036e-02 4.366776005126714322e-02
1.330217028380634403e+01 9.174211258075257169e-04 4.387806654144420920e-02
1.332888146911519200e+01 2.184435923795952084e-02 4.408938662276208620e-02
1.335559265442403998e+01 -1.020976470459973584e-02 4.430172518031488815e-02
1.338230383973288795e+01 8.754237651356206601e-03 4.451508712274093726e-02
1.340901502504173592e+01 -1.785474128642106084e-03 4.472947738233611775e-02
1.343572621035058390e+01 3.217105067295699533e-02 4.494490091516797209e-02
1.346243739565943365e+01 -1.798934431338312240e-02 4.516136270119032459e-02
1.348914858096828162e+01 2.149338984183576245e-02 4.537886774435822418e-02
1.351585976627712959e+01 1.056736665155820210e-01 4.559742107274379619e-02
1.354257095158597757e+01 9.304416007020784030e-02 4.581702773865244799e-02
1.356928213689482554e+01 1.264307578773642832e-02 4.603769281873958119e-02
1.359599332220367351e+01 7.116077573076279306e-03 4.625942141412796998e-02
1.362270450751252149e+01 -1.731846401454478768e-02 4.648221865052580559e-02
1.364941569282136946e+01 8.615152298894265814e-02 4.670608967834501135e-02
1.367612687813021743e+01 3.818315426820178410e-02 4.693103967282038352e-02
1.370283806343906541e+01 3.877755810935130942e-02 4.715707383412931497e-02
1.372954924874791338e+01 3.796987194314607739e-02 4.738419738751183108e-02
1.375626043405676135e+01 6.519952499555103920e-02 4.761241558339150692e-02
1.378297161936560933e+01 6.542820997565329533e-02 4.784173369749682853e-02
1.380968280467445730e+01 3.294866904943558050e-02 4.807215703098311615e-02
1.383639398998330527e+01 6.970607676395340624e-02 4.830369091055505826e-02
1.386310517529215325e+01 -3.029192077162277258e-02 4.853634068858994621e-02
1.388981636060100122e+01 3.954586452271688368e-03 4.877011174326127685e-02
1.391652754590985097e+01 2.935034916094862376e-02 4.900500947866315987e-02
1.394323873121869894e+01 1.283822024565089981e-03 4.924103932493524571e-02
1.396994991652754692e+01 -5.028671456254033001e-03 4.947820673838815991e-02
1.399666110183639489e+01 1.059068770018192773e-01 4.971651720162983262e-02
1.402337228714524286e+01 6.090033363465253285e-02 4.995597622369202934e-02
1.405008347245409084e+01 -7.290173354184019405e-03 5.019658934015779062e-02
1.407679465776293881e+01 1.648750050446462501e-02 5.043836211328942692e-02
1.410350584307178679e+01 6.888821988827198428e-02 5.068130013215709634e-02
1.413021702838063476e+01 3.046176993318556320e-02 5.092540901276795817e-02
1.415692821368948273e+01 9.379624090553900784e-03 5.117069439819598581e-02
1.418363939899833071e+01 7.246431804607927907e-02 5.141716195871255668e-02
1.421035058430717868e+01 2.784807222782306746e-03 5.166481739191734757e-02
1.423706176961602665e+01 -1.656395958805124968e-02 5.191366642287013888e-02
1.426377295492487463e+01 4.432941801243942687e-02 5.216371480422322959e-02
1.429048414023372260e+01 4.075028730797558563e-02 5.241496831635426151e-02
1.431719532554257057e+01 -4.286189516884324896e-02 5.266743276749993874e-02
1.434390651085142032e+01 -4.275201587653187224e-02 5.292111399389038545e-02
1.437061769616026830e+01 2.966791680909068932e-02 5.317601785988380209e-02
1.439732888146911627e+01 7.514521362217496669e-02 5.343215025810233582e-02
1.442404006677796424e+01 -4.283956184599939376e-02 5.368951710956807594e-02
1.445075125208681222e+01 -3.993418322605427756e-02 5.394812436384003457e-02
1.447746243739566019e+01 2.273766393674291758e-02 5.420797799915169635e-02
1.450417362270450816e+01 7.422929004708189726e-02 5.446908402254914405e-02
1.453088480801335614e+01 9.454370278600610078e-02 5.473144847002993363e-02
1.455759599332220411e+01 -4.023740982307534575e-02 5.499507740668275330e-02
1.458430717863105208e+01 1.129671826630013753e-01 5.525997692682745044e-02
1.461101836393990006e+01 -1.249332765308162202e-02 5.552615315415602298e-02
1.463772954924874803e+01 -2.488982632366451564e-04 5.579361224187412427e-02
1.466444073455759600e+01 -1.870979009524353920e-02 5.606236037284342832e-02
1.469115191986644398e+01 -7.546203445654378617e-02 5.633240375972437680e-02
1.471786310517529195e+01 2.596869320769637501e-02 5.660374864511991816e-02
1.474457429048413992e+01 -1.733273567803741977e-03 5.687640130171982972e-02
1.477128547579298790e+01 -8.089976290944593529e-03 5.715036803244563646e-02
1.479799666110183765e+01 -5.304416680081686097e-02 5.742565517059636249e-02
1.482470784641068562e+01 6.792279934041256517e-02 5.770226907999497640e-02
1.485141903171953359e+01 1.941110529143753524e-02 5.798021615513541949e-02
1.487813021702838157e+01 1.197256289203187107e-01 5.825950282133052910e-02
1.490484140233722954e+01 1.066529704458358055e-02 5.854013553486048932e-02
1.493155258764607751e+01 -7.682083316606774792e-04 5.882212078312206577e-02
1.495826377295492549e+01 4.219125625619864900e-02 5.910546508477873551e-02
1.498497495826377346e+01 9.245891447343740355e-02 5.939017498991115002e-02
1.501168614357262143e+01 4.649629082215604031e-02 5.967625708016869451e-02
1.503839732888146941e+01 -7.347705984139962787e-02 5.996371796892167177e-02
1.506510851419031738e+01 1.116302014945968757e-01 6.025256430141404107e-02
1.509181969949916535e+01 -1.844909827643605865e-02 6.054280275491712854e-02
1.511853088480801333e+01 1.830651971810876022e-01 6.083444003888403145e-02
1.514524207011686130e+01 2.690098629315076234e-02 6.112748289510461230e-02
1.517195325542570927e+01 1.054302402666061345e-01 6.142193809786137410e-02
1.519866444073455725e+01 1.103667229950564335e-02 6.171781245408617528e-02
1.522537562604340700e+01 7.995974973267160057e-02 6.201511280351743732e-02
1.525208681135225497e+01 -3.784369602025414864e-02 6.231384601885826824e-02
1.527879799666110294e+01 -8.796732780977925548e-02 6.261401900593550895e-02
1.530550918196995092e+01 1.327885700167319091e-02 6.291563870385916135e-02
1.533222036727879889e+01 -1.338893430217747565e-02 6.321871208518292651e-02
1.535893155258764686e+01 1.296026730335009258e-01 6.352324615606541602e-02
1.538564273789649484e+01 1.643145876802792199e-02 6.382924795643195315e-02
1.541235392320534281e+01 -1.206111505200766626e-02 6.413672456013745637e-02
1.543906510851419078e+01 -5.972380453385151000e-02 6.444568307512998917e-02
1.546577629382303876e+01 -7.044381306625241423e-02 6.475613064361493421e-02
1.549248747913188673e+01 -3.945035442948976318e-02 6.506807444222018066e-02
1.551919866444073470e+01 5.262251582665004868e-02 6.538152168216210258e-02
1.554590984974958268e+01 6.999278004201966996e-02 6.569647960941209230e-02
1.557262103505843065e+01 4.899778423419350049e-02 6.601295550486419028e-02
1.559933222036727862e+01 1.866915756283208175e-02 6.633095668450342264e-02
1.562604340567612660e+01 4.135533581593062169e-02 6.665049049957477711e-02
1.565275459098497457e+01 -6.289888743370566915e-03 6.697156433675321985e-02
1.567946577629382432e+01 1.551738758527164766e-02 6.729418561831461421e-02
1.570617696160267229e+01 4.530186202553280334e-02 6.761836180230698656e-02
1.573288814691152027e+01 5.842728272336288747e-02 6.794410038272312435e-02
1.575959933222036824e+01 1.802079638969734388e-01 6.827140888967390964e-02
1.578631051752921621e+01 -2.358968581098509071e-03 6.860029488956216615e-02
1.581302170283806419e+01 1.553147701563589549e-02 6.893076598525767207e-02
1.583973288814691216e+01 9.905140562405512217e-02 6.926282981627301938e-02
1.586644407345576013e+01 4.526084953381157017e-02 6.959649405894004215e-02
1.589315525876460811e+01 -2.139838556955168253e-02 6.993176642658734121e-02
1.591986644407345608e+01 4.205271189931295006e-02 7.026865466971868313e-02
1.594657762938230405e+01 1.480211250833147682e-02 7.060716657619200975e-02
1.597328881469115203e+01 2.507818412934295638e-02 7.094730997139954420e-02
1.600000000000000000e+01 -7.684071832639867428e-03 7.128909271844878492e-02
