0.000000000000000000e+00 3.018225709762177300e-01 4.031999999999999994e-03
2.671118530884808093e-02 2.998479470248885947e-01 4.051278361594249505e-03
5.342237061769616185e-02 2.944079162415212947e-01 4.070649636994939403e-03
8.013355592654423931e-02 3.021112743551211954e-01 4.090114274008556892e-03
1.068447412353923237e-01 2.976334504799313385e-01 4.109672722599837583e-03
1.335559265442403942e-01 2.932563252080445659e-01 4.129325434902159087e-03
1.602671118530884786e-01 2.961120844866744206e-01 4.149072865227999667e-03
1.869782971619365630e-01 2.919346402179376909e-01 4.168915470079434180e-03
2.136894824707846474e-01 3.043611481676399277e-01 4.188853708158693338e-03
2.404006677796327318e-01 2.909390081803766015e-01 4.208888040378763740e-03
2.671118530884807885e-01 2.903767523251257754e-01 4.229018929874042536e-03
2.938230383973288729e-01 2.899218805082106609e-01 4.249246842011048485e-03
3.205342237061769572e-01 2.937046869300289909e-01 4.269572244399172031e-03
3.472454090150250416e-01 2.885739889893733645e-01 4.289995606901493043e-03
3.739565943238731260e-01 2.923992235819501961e-01 4.310517401645636709e-03
4.006677796327212104e-01 2.877649955919863722e-01 4.331138103034690157e-03
4.273789649415692948e-01 2.837921834964843293e-01 4.351858187758170238e-03
4.540901502504173792e-01 2.837922320316147440e-01 4.372678134803040760e-03
4.808013355592654636e-01 2.838660925743726748e-01 4.393598425464786961e-03
5.075125208681134925e-01 2.782720096484783689e-01 4.414619543358541155e-03
5.342237061769615769e-01 2.767364385573238272e-01 4.435741974430263898e-03
5.609348914858096613e-01 2.792991619530066916e-01 4.456966206967973715e-03
5.876460767946577457e-01 2.784463846693134847e-01 4.478292731613040152e-03
6.143572621035058301e-01 2.750931717989904546e-01 4.499722041371520195e-03
6.410684474123539145e-01 2.857045257150620521e-01 4.521254631625559739e-03
6.677796327212019989e-01 2.775373256978359571e-01 4.542891000144844496e-03
6.944908180300500833e-01 2.673194165466498129e-01 4.564631647098103817e-03
7.212020033388981677e-01 2.714130454813264426e-01 4.586477075064677826e-03
7.479131886477462521e-01 2.759178010349602195e-01 4.608427789046132261e-03
7.746243739565943365e-01 2.684901813657952774e-01 4.630484296477933165e-03
8.013355592654424209e-01 2.777477459849407304e-01 4.652647107241177950e-03
8.280467445742905053e-01 2.617705426182625472e-01 4.674916733674381979e-03
8.547579298831385897e-01 2.778029088321644635e-01 4.697293690585324123e-03
8.814691151919866741e-01 2.652477073544712294e-01 4.719778495262943498e-03
9.081803005008347585e-01 2.607833355728474967e-01 4.742371667489299510e-03
9.348914858096828429e-01 2.630667687754016382e-01 4.765073729551590892e-03
9.616026711185309273e-01 2.684465643561219639e-01 4.787885206254226776e-03
9.883138564273790116e-01 2.589754913540066594e-01 4.810806624930953276e-03
1.015025041736226985e+00 2.590093799299361677e-01 4.833838515457057269e-03
1.041736227045075180e+00 2.574433600079843454e-01 4.856981410261601399e-03
1.068447412353923154e+00 2.557981625920978663e-01 4.880235844339740614e-03
1.095158597662771349e+00 2.502173402920028766e-01 4.903602355265086407e-03
1.121869782971619323e+00 2.467714606003744149e-01 4.927081483202135244e-03
1.148580968280467518e+00 2.524710122128148160e-01 4.950673770918757703e-03
1.175292153589315491e+00 2.366629350295575696e-01 4.974379763798737926e-03
1.202003338898163687e+00 2.416278232808640458e-01 4.998200009854391127e-03
1.228714524207011660e+00 2.374004017467745420e-01 5.022135059739225339e-03
1.255425709515859856e+00 2.466004581251848293e-01 5.046185466760675156e-03
1.282136894824707829e+00 2.415298491869436737e-01 5.070351786892885772e-03
1.308848080133556024e+00 2.367849146995798792e-01 5.094634578789574222e-03
1.335559265442403998e+00 2.344921582056673226e-01 5.119034403796938332e-03
1.362270450751252193e+00 2.442497169327268736e-01 5.143551825966634176e-03
1.388981636060100167e+00 2.387313073967296806e-01 5.168187412068816870e-03
1.415692821368948362e+00 2.354719035431540874e-01 5.192941731605242063e-03
1.442404006677796335e+00 2.322147062831450837e-01 5.217815356822425553e-03
1.469115191986644531e+00 2.313207383873664147e-01 5.242808862724884431e-03
1.495826377295492504e+00 2.235561914845844156e-01 5.267922827088417255e-03
1.522537562604340700e+00 2.237439059545702491e-01 5.293157830473465761e-03
1.549248747913188673e+00 2.249084448417111304e-01 5.318514456238537282e-03
1.575959933222036868e+00 2.187541223203830765e-01 5.343993290553686153e-03
1.602671118530884842e+00 2.226413649323640831e-01 5.369594922414066239e-03
1.629382303839733037e+00 2.243480767286284705e-01 5.395319943653548514e-03
1.656093489148581011e+00 2.265169244147630379e-01 5.421168948958399354e-03
1.682804674457429206e+00 2.251415566953697545e-01 5.447142535881029958e-03
1.709515859766277179e+00 2.129330312680483006e-01 5.473241304853809081e-03
1.736227045075125153e+00 2.225068564354311107e-01 5.499465859202943424e-03
1.762938230383973348e+00 2.217506431462669958e-01 5.525816805162425682e-03
1.789649415692821321e+00 2.034769398373462712e-01 5.552294751888046768e-03
1.816360601001669517e+00 2.102450026512417969e-01 5.578900311471480904e-03
1.843071786310517490e+00 2.041008728183039134e-01 5.605634098954431419e-03
1.869782971619365686e+00 2.046317648924783072e-01 5.632496732342852017e-03
1.896494156928213659e+00 2.096382954635868934e-01 5.659488832621232222e-03
1.923205342237061855e+00 1.950074428000496130e-01 5.686611023766950483e-03
1.949916527545909828e+00 1.944867919511909515e-01 5.713863932764702731e-03
1.976627712854758023e+00 2.111596194265444870e-01 5.741248189620993397e-03
2.003338898163605997e+00 1.983787151241366287e-01 5.768764427378700148e-03
2.030050083472453970e+00 1.961343036972618692e-01 5.796413282131708880e-03
2.056761268781302388e+00 1.918263930391527206e-01 5.824195393039616371e-03
2.083472454090150361e+00 1.850620538158641859e-01 5.852111402342507519e-03
2.110183639398998334e+00 1.916075562950542155e-01 5.880161955375801108e-03
2.136894824707846308e+00 1.865499634146782493e-01 5.908347700585167561e-03
2.163606010016694725e+00 1.825878098602958799e-01 5.936669289541523023e-03
2.190317195325542698e+00 1.906150561889295436e-01 5.965127376956083291e-03
2.217028380634390672e+00 1.904199919263939167e-01 5.993722620695508818e-03
2.243739565943238645e+00 1.847861960622878275e-01 6.022455681797104360e-03
2.270450751252087063e+00 1.762474347900992444e-01 6.051327224484107960e-03
2.297161936560935036e+00 1.695683652790488660e-01 6.080337916181036313e-03
2.323873121869783009e+00 1.599595607149670029e-01 6.109488427529122939e-03
2.350584307178630983e+00 1.730368133896978688e-01 6.138779432401816200e-03
2.377295492487479400e+00 1.624276802529477093e-01 6.168211607920358851e-03
2.404006677796327374e+00 1.617725789472848896e-01 6.197785634469438719e-03
2.430717863105175347e+00 1.608040650989450981e-01 6.227502195712920907e-03
2.457429048414023320e+00 1.615221966049009972e-01 6.257361978609651994e-03
2.484140233722871738e+00 1.610174397597483875e-01 6.287365673429334487e-03
2.510851419031719711e+00 1.664466424778123232e-01 6.317513973768490616e-03
2.537562604340567685e+00 1.519063522560868129e-01 6.347807576566495517e-03
2.564273789649415658e+00 1.606700452951159430e-01 6.378247182121682402e-03
2.590984974958263631e+00 1.542026358902368888e-01 6.408833494107539670e-03
2.617696160267112049e+00 1.531944277269481069e-01 6.439567219588971346e-03
2.644407345575960022e+00 1.522483692987054993e-01 6.470449069038645105e-03
2.671118530884807996e+00 1.521022351043666843e-01 6.501479756353417509e-03
2.697829716193655969e+00 1.388141578867838066e-01 6.532659998870832090e-03
2.724540901502504386e+00 1.543361196428189863e-01 6.563990517385709378e-03
2.751252086811352360e+00 1.488347574209010760e-01 6.595472036166801118e-03
2.777963272120200333e+00 1.344474444305907568e-01 6.627105282973543357e-03
2.804674457429048307e+00 1.557558013155820875e-01 6.658890989072870255e-03
2.831385642737896724e+00 1.386614105024228383e-01 6.690829889256126768e-03
2.858096828046744697e+00 1.466725753857547332e-01 6.722922721856045523e-03
2.884808013355592671e+00 1.325238290824328757e-01 6.755170228763825169e-03
2.911519198664440644e+00 1.193774427346767086e-01 6.787573155446275514e-03
2.938230383973289062e+00 1.195408139172413203e-01 6.820132250963050272e-03
2.964941569282137035e+00 1.283477403631150260e-01 6.852848267983963938e-03
2.991652754590985008e+00 1.279160036428923231e-01 6.885721962806390199e-03
3.018363939899832982e+00 1.286538461800462718e-01 6.918754095372748811e-03
3.045075125208681399e+00 1.439833201468912471e-01 6.951945429288067940e-03
3.071786310517529373e+00 1.248961373881560671e-01 6.985296731837639314e-03
3.098497495826377346e+00 1.177996593266609632e-01 7.018808774004759235e-03
3.125208681135225319e+00 1.276098869465250307e-01 7.052482330488543324e-03
3.151919866444073737e+00 1.108327870289376321e-01 7.086318179721844482e-03
3.178631051752921710e+00 1.253447807568950634e-01 7.120317103889235028e-03
3.205342237061769683e+00 1.085944879133136642e-01 7.154479888945105073e-03
3.232053422370617657e+00 1.039740547420815731e-01 7.188807324631819005e-03
3.258764607679466074e+00 1.124762653330427103e-01 7.223300204497975184e-03
3.285475792988314048e+00 1.256418345177341966e-01 7.257959325916754113e-03
3.312186978297162021e+00 9.859012952648077421e-02 7.292785490104345542e-03
3.338898163606009994e+00 1.166035056179115792e-01 7.327779502138471839e-03
3.365609348914858412e+00 1.014565839231444805e-01 7.362942170977008517e-03
3.392320534223706385e+00 9.553446697563781898e-02 7.398274309476664604e-03
3.419031719532554359e+00 1.025528606311826019e-01 7.433776734411794845e-03
3.445742904841402332e+00 1.001201775644706971e-01 7.469450266493268299e-03
3.472454090150250305e+00 9.738135444141490793e-02 7.505295730387444471e-03
3.499165275459098723e+00 9.026967040462581526e-02 7.541313954735237059e-03
3.525876460767946696e+00 9.535925070230388823e-02 7.577505772171269638e-03
3.552587646076794670e+00 1.015032627367946777e-01 7.613872019343123285e-03
3.579298831385642643e+00 1.000943689203050158e-01 7.650413536930677876e-03
3.606010016694491060e+00 7.862482810981553938e-02 7.687131169665547062e-03
3.632721202003339034e+00 8.473056764034174460e-02 7.724025766350602583e-03
3.659432387312187007e+00 8.746170874385923721e-02 7.761098179879600927e-03
3.686143572621034981e+00 7.785533574720021610e-02 7.798349267256894125e-03
3.712854757929883398e+00 8.496945627999960560e-02 7.835779889617247237e-03
3.739565943238731371e+00 8.538582879753359167e-02 7.873390912245741696e-03
3.766277128547579345e+00 7.299485513185190177e-02 7.911183204597774937e-03
3.792988313856427318e+00 8.556949111927569795e-02 7.949157640319167578e-03
3.819699499165275736e+00 9.486245164842627142e-02 7.987315097266356467e-03
3.846410684474123709e+00 7.772211142902261949e-02 8.025656457526678805e-03
3.873121869782971682e+00 7.405034071742266910e-02 8.064182607438781167e-03
3.899833055091819656e+00 7.299688292021680458e-02 8.102894437613092707e-03
3.926544240400668073e+00 7.115824992604347088e-02 8.141792842952425002e-03
3.953255425709516047e+00 5.897210491066887106e-02 8.180878722672646486e-03
3.979966611018364020e+00 6.613745846488440494e-02 8.220152980323488720e-03
4.006677796327211993e+00 7.103665960994223760e-02 8.259616523809416855e-03
4.033388981636059967e+00 6.378284616331193757e-02 8.299270265410621517e-03
4.060100166944907940e+00 7.277387658731047926e-02 8.339115121804114780e-03
4.086811352253756802e+00 7.568374812898222281e-02 8.379152014084916347e-03
4.113522537562604775e+00 7.347456289776611860e-02 8.419381867787340337e-03
4.140233722871452748e+00 6.179641096068770600e-02 8.459805612906403510e-03
4.166944908180300722e+00 5.656770136446026553e-02 8.500424183919316756e-03
4.193656093489148695e+00 6.553506254420132793e-02 8.541238519807087606e-03
4.220367278797996669e+00 6.182101730971131803e-02 8.582249564076228562e-03
4.247078464106844642e+00 6.355308592587417815e-02 8.623458264780560836e-03
4.273789649415692615e+00 5.818868863789788959e-02 8.664865574543146459e-03
4.300500834724540589e+00 5.486706584263700143e-02 8.706472450578294983e-03
4.327212020033389450e+00 5.240310576713020502e-02 8.748279854713696818e-03
4.353923205342237424e+00 6.206340567374162703e-02 8.790288753412658918e-03
4.380634390651085397e+00 5.070982442474616936e-02 8.832500117796442812e-03
4.407345575959933370e+00 4.258661725923822139e-02 8.874914923666720606e-03
4.434056761268781344e+00 5.292465959639478662e-02 8.917534151528128117e-03
4.460767946577629317e+00 5.412052098336943284e-02 8.960358786610932505e-03
4.487479131886477290e+00 5.097452346103114457e-02 9.003389818893800522e-03
4.514190317195325264e+00 3.038705566529716420e-02 9.046628243126703800e-03
4.540901502504174125e+00 4.226791962769314848e-02 9.090075058853886586e-03
4.567612687813022099e+00 4.324199274034224577e-02 9.133731270436996549e-03
4.594323873121870072e+00 5.971530701122205326e-02 9.177597887078290176e-03
4.621035058430718045e+00 5.028456420685486344e-02 9.221675922843964798e-03
4.647746243739566019e+00 4.420214170323123054e-02 9.265966396687603385e-03
4.674457429048413992e+00 4.231177739891337636e-02 9.310470332473725144e-03
4.701168614357261966e+00 4.878221336620551518e-02 9.355188759001462767e-03
4.727879799666109939e+00 5.289839171293034270e-02 9.400122710028329873e-03
4.754590984974958801e+00 5.131201423426533237e-02 9.445273224294139375e-03
4.781302170283806774e+00 5.664955752251799731e-02 9.490641345544989504e-03
4.808013355592654747e+00 2.068285692070223961e-02 9.536228122557425038e-03
4.834724540901502721e+00 4.909448940988295207e-02 9.582034609162648833e-03
4.861435726210350694e+00 2.982523747861794139e-02 9.628061864270906836e-03
4.888146911519198667e+00 4.157453532559247239e-02 9.674310951895958091e-03
4.914858096828046641e+00 4.286253917872893254e-02 9.720782941179669651e-03
4.941569282136894614e+00 3.494462755486931610e-02 9.767478906416732914e-03
4.968280467445743476e+00 4.454672033969323680e-02 9.814399927079506605e-03
4.994991652754591449e+00 3.021107117086475544e-02 9.861547087842956888e-03
5.021702838063439422e+00 4.816689328522691382e-02 9.908921478609741471e-03
5.048414023372287396e+00 4.442478647793892538e-02 9.956524194535402994e-03
5.075125208681135369e+00 2.003569263875032772e-02 1.000435633605368559e-02
5.101836393989983343e+00 9.743501313777058054e-03 1.005241900890197285e-02
5.128547579298831316e+00 2.120127743092137945e-02 1.010071332414684900e-02
5.155258764607679289e+00 2.840550091383721443e-02 1.014924039820978494e-02
5.181969949916527263e+00 2.094687146095591118e-02 1.019800135289294397e-02
5.208681135225376124e+00 2.177949371704612780e-02 1.024699731540511943e-02
5.235392320534224098e+00 2.296511607466142010e-02 1.029622941838778498e-02
5.262103505843072071e+00 2.599468897813515811e-02 1.034569879994128895e-02
5.288814691151920044e+00 2.516260339847187222e-02 1.039540660365115103e-02
5.315525876460768018e+00 6.360306735746525802e-03 1.044535397861450637e-02
5.342237061769615991e+00 2.655721984435062411e-02 1.049554207946666595e-02
5.368948247078463964e+00 3.293068278670069349e-02 1.054597206640781916e-02
5.395659432387311938e+00 2.178095795108648397e-02 1.059664510522983008e-02
5.422370617696160799e+00 3.040647133222780171e-02 1.064756236734321765e-02
5.449081803005008773e+00 1.594474183639569762e-02 1.069872502980420519e-02
5.475792988313856746e+00 2.056614612817327797e-02 1.075013427534195383e-02
5.502504173622704720e+00 9.171911648211749507e-03 1.080179129238589483e-02
5.529215358931552693e+00 1.277399449377995648e-02 1.085369727509319891e-02
5.555926544240400666e+00 1.147274565642810926e-02 1.090585342337638784e-02
5.582637729549248640e+00 1.240017351084991490e-02 1.095826094293106401e-02
5.609348914858096613e+00 9.775356273416795083e-03 1.101092104526380129e-02
5.636060100166945475e+00 1.457066249854851135e-02 1.106383494772013310e-02
5.662771285475793448e+00 2.239126849794530194e-02 1.111700387351268783e-02
5.689482470784641421e+00 2.410613753099976816e-02 1.117042905174949613e-02
5.716193656093489395e+00 5.610986077960733454e-03 1.122411171746237786e-02
5.742904841402337368e+00 2.388109155659123850e-02 1.127805311163549568e-02
5.769616026711185341e+00 3.579481541722966814e-02 1.133225448123405601e-02
5.796327212020033315e+00 2.366063615138454257e-02 1.138671707923312459e-02
5.823038397328881288e+00 2.940967949826449324e-03 1.144144216464658935e-02
5.849749582637730150e+00 1.484242951687858754e-02 1.149643100255627257e-02
5.876460767946578123e+00 1.226669981159387267e-02 1.155168486414117311e-02
5.903171953255426097e+00 8.464076029276249025e-04 1.160720502670685439e-02
5.929883138564274070e+00 1.428189326344572220e-02 1.166299277371496065e-02
5.956594323873122043e+00 9.950579754968234825e-03 1.171904939481290681e-02
5.983305509181970017e+00 1.563240346754668497e-02 1.177537618586367053e-02
6.010016694490817990e+00 8.206008483352417865e-03 1.183197444897576486e-02
6.036727879799665963e+00 2.023372479254013229e-02 1.188884549253333041e-02
6.063439065108513937e+00 3.790458161038330609e-02 1.194599063122638201e-02
6.090150250417362798e+00 2.382214768567704477e-02 1.200341118608120455e-02
6.116861435726210772e+00 -2.368653271792862600e-03 1.206110848449088238e-02
6.143572621035058745e+00 1.869083767838306681e-02 1.211908386024600041e-02
6.170283806343906718e+00 7.811815300676307368e-03 1.217733865356545805e-02
6.196994991652754692e+00 9.080646985261269649e-03 1.223587421112747042e-02
6.223706176961602665e+00 1.720817705620617671e-02 1.229469188610068410e-02
6.250417362270450639e+00 -5.549748205241521876e-03 1.235379303817546459e-02
6.277128547579298612e+00 1.772560687739719448e-02 1.241317903359532952e-02
6.303839732888147473e+00 2.634788993002027194e-02 1.247285124518852754e-02
6.330550918196995447e+00 2.986196702753725861e-03 1.253281105239978203e-02
6.357262103505843420e+00 1.553739047124056728e-02 1.259305984132216838e-02
6.383973288814691394e+00 7.518853436657979561e-03 1.265359900472917340e-02
6.410684474123539367e+00 6.125884650197119946e-03 1.271442994210686926e-02
6.437395659432387340e+00 2.253715165656307653e-02 1.277555405968628863e-02
6.464106844741235314e+00 2.232082292888435543e-02 1.283697277047591429e-02
6.490818030050083287e+00 1.313069216231748867e-02 1.289868749429435094e-02
6.517529215358932149e+00 3.408015294442139076e-02 1.296069965780315657e-02
6.544240400667780122e+00 2.977668132917432250e-02 1.302301069453980220e-02
6.570951585976628095e+00 2.806984305560998941e-02 1.308562204495082593e-02
6.597662771285476069e+00 -3.540955894880369603e-03 1.314853515642513265e-02
6.624373956594324042e+00 -1.476823427650755458e-02 1.321175148332744652e-02
6.651085141903172016e+00 -5.441423135722846076e-03 1.327527248703192983e-02
6.677796327212019989e+00 1.628094717237212399e-02 1.333909963595597201e-02
6.704507512520867962e+00 9.439542417599094612e-03 1.340323440559414159e-02
6.731218697829716824e+00 7.178379729001093355e-03 1.346767827855227008e-02
6.757929883138564797e+00 -1.829217043319293287e-02 1.353243274458175265e-02
6.784641068447412771e+00 2.573152664686154806e-02 1.359749930061397716e-02
6.811352253756260744e+00 1.862134406473407548e-03 1.366287945079491979e-02
6.838063439065108717e+00 2.147075645069703581e-02 1.372857470651993317e-02
6.864774624373956691e+00 4.105555949390944648e-03 1.379458658646866981e-02
6.891485809682804664e+00 2.686829678896726983e-02 1.386091661664019641e-02
6.918196994991652637e+00 5.578550698471582484e-03 1.392756633038827463e-02
6.944908180300500611e+00 -1.350278761439847007e-02 1.399453726845680153e-02
6.971619365609349472e+00 1.116604165911566637e-02 1.406183097901542688e-02
6.998330550918197446e+00 -4.518188266318660072e-03 1.412944901769534224e-02
7.025041736227045419e+00 2.034702730848995597e-02 1.419739294762525049e-02
7.051752921535893393e+00 1.109806022947603700e-02 1.426566433946748792e-02
7.078464106844741366e+00 -1.214235298952972414e-02 1.433426477145434419e-02
7.105175292153589339e+00 3.097184864244573871e-02 1.440319582942454352e-02
7.131886477462437313e+00 2.014423887377768396e-02 1.447245910685989595e-02
7.158597662771285286e+00 1.695716518371980647e-03 1.454205620492214981e-02
7.185308848080134148e+00 6.451310963830055728e-03 1.461198873248999511e-02
7.212020033388982121e+00 1.042067135289451857e-02 1.468225830619625423e-02
7.238731218697830094e+00 1.165500511948453985e-02 1.475286655046525487e-02
7.265442404006678068e+00 1.601602553669508391e-02 1.482381509755039371e-02
7.292153589315526041e+00 -1.197739083207389164e-02 1.489510558757185972e-02
7.318864774624374014e+00 8.214741803276220944e-03 1.496673966855453786e-02
7.345575959933221988e+00 2.060117499135594166e-02 1.503871899646613483e-02
7.372287145242069961e+00 1.984614447417012290e-03 1.511104523525542455e-02
7.398998330550918823e+00 8.909866027560883056e-03 1.518372005689075203e-02
7.425709515859766796e+00 3.300595292540002123e-03 1.525674514139864664e-02
7.452420701168614769e+00 2.577704256982809791e-02 1.533012217690269373e-02
7.479131886477462743e+00 -2.148288126722687139e-02 1.540385285966252432e-02
7.505843071786310716e+00 8.058159330941633974e-03 1.547793889411306668e-02
7.532554257095158690e+00 1.514835501847183741e-02 1.555238199290391761e-02
7.559265442404006663e+00 1.765582000336899174e-02 1.562718387693893748e-02
7.585976627712854636e+00 2.396538121714382637e-03 1.570234627541604311e-02
7.612687813021703498e+00 2.282770687791283934e-03 1.577787092586719481e-02
7.639398998330551471e+00 7.401741274905233869e-03 1.585375957419850323e-02
7.666110183639399445e+00 1.671958475043365533e-02 1.593001397473067099e-02
7.692821368948247418e+00 -4.727332071087962662e-03 1.600663589023949840e-02
7.719532554257095391e+00 -5.795014684432704330e-03 1.608362709199662177e-02
7.746243739565943365e+00 -1.957025587664604910e-02 1.616098935981051185e-02
7.772954924874791338e+00 2.926163960428553382e-03 1.623872448206757288e-02
7.799666110183639312e+00 1.275942110389093401e-02 1.631683425577349147e-02
7.826377295492487285e+00 2.836170709788209121e-02 1.639532048659479366e-02
7.853088480801336146e+00 4.701389969495926163e-02 1.647418498890059271e-02
7.879799666110184120e+00 1.524200547243759717e-03 1.655342958580447929e-02
7.906510851419032093e+00 1.548744208396530403e-03 1.663305610920674804e-02
7.933222036727880067e+00 1.346378579574134329e-02 1.671306639983667630e-02
7.959933222036728040e+00 1.884513212232345053e-02 1.679346230729511155e-02
7.986644407345576013e+00 -3.225871742584710683e-03 1.687424569009721501e-02
8.013355592654423987e+00 1.610562856319657649e-02 1.695541841571543765e-02
8.040066777963271960e+00 1.739795088438307602e-02 1.703698236062267321e-02
8.066777963272119933e+00 3.001018207364969381e-02 1.711893941033565056e-02
8.093489148580967907e+00 2.381377171278877686e-02 1.720129145945852381e-02
8.120200333889815880e+00 1.681634957472803726e-02 1.728404041172664635e-02
8.146911519198663854e+00 -3.129815712459852600e-03 1.736718818005061546e-02
8.173622704507513603e+00 1.524142580701694401e-02 1.745073668656046614e-02
8.200333889816361577e+00 -1.364822264966261516e-02 1.753468786265010085e-02
8.227045075125209550e+00 8.533026730032044344e-03 1.761904364902196207e-02
8.253756260434057523e+00 5.134249711622989459e-02 1.770380599573188538e-02
8.280467445742905497e+00 -1.922374559627309035e-03 1.778897686223417096e-02
8.307178631051753470e+00 -8.996621383724878046e-03 1.787455821742688772e-02
8.333889816360601444e+00 1.242538552862705245e-02 1.796055203969738542e-02
8.360601001669449417e+00 -1.038117040389483804e-02 1.804696031696803940e-02
8.387312186978297390e+00 5.136384358133214839e-04 1.813378504674217906e-02
8.414023372287145364e+00 1.119739668169601916e-02 1.822102823615030440e-02
8.440734557595993337e+00 4.333059373051951352e-02 1.830869190199643087e-02
8.467445742904841310e+00 2.868097679252080978e-02 1.839677807080477429e-02
8.494156928213689284e+00 1.181197853009163107e-02 1.848528877886655361e-02
8.520868113522537257e+00 -6.746934151585056577e-03 1.857422607228707834e-02
8.547579298831385231e+00 -1.447091937896094992e-02 1.866359200703304397e-02
8.574290484140233204e+00 1.707775955419774463e-02 1.875338864898007385e-02
8.601001669449081177e+00 1.873146517867550764e-02 1.884361807396045183e-02
8.627712854757930927e+00 5.062608283010155974e-02 1.893428236781113938e-02
8.654424040066778900e+00 6.148426262716846780e-02 1.902538362642195585e-02
8.681135225375626874e+00 -4.060819741732597452e-03 1.911692395578407436e-02
8.707846410684474847e+00 4.117463008218134879e-02 1.920890547203866344e-02
8.734557595993322821e+00 1.638512174113418429e-02 1.930133030152583751e-02
8.761268781302170794e+00 -4.170332451594462031e-03 1.939420058083380152e-02
8.787979966611018767e+00 1.783506495401093739e-02 1.948751845684822473e-02
8.814691151919866741e+00 1.108408540085451151e-02 1.958128608680190230e-02
8.841402337228714714e+00 2.522077302633488755e-04 1.967550563832460436e-02
8.868113522537562687e+00 8.797676690511926217e-03 1.977017928949317827e-02
8.894824707846410661e+00 2.253505604890128702e-02 1.986530922888192149e-02
8.921535893155258634e+00 -2.208758405224682184e-02 1.996089765561315926e-02
8.948247078464106607e+00 -2.198002883970583826e-02 2.005694677940808232e-02
8.974958263772954581e+00 4.459220707602855327e-02 2.015345882063784150e-02
9.001669449081802554e+00 2.189500482231267545e-02 2.025043601037485735e-02
9.028380634390650528e+00 -7.301087962504726470e-03 2.034788059044440392e-02
9.055091819699500277e+00 4.573064783258326202e-03 2.044579481347645611e-02
9.081803005008348251e+00 6.325609442169580210e-02 2.054418094295771061e-02
9.108514190317196224e+00 8.589535145864713242e-03 2.064304125328396411e-02
9.135225375626044197e+00 3.302599824106431520e-02 2.074237802981266851e-02
9.161936560934892171e+00 1.871361019991567981e-02 2.084219356891574629e-02
9.188647746243740144e+00 1.485371556767055463e-02 2.094249017803272161e-02
9.215358931552588118e+00 5.257218104477741696e-03 2.104327017572399719e-02
9.242070116861436091e+00 3.428699221779615836e-04 2.114453589172451964e-02
9.268781302170284064e+00 2.986246839232081091e-03 2.124628966699757676e-02
9.295492487479132038e+00 5.633783154719801053e-03 2.134853385378895907e-02
9.322203672787980011e+00 2.415964276157956531e-02 2.145127081568131214e-02
9.348914858096827984e+00 2.978392959891691671e-02 2.155450292764877346e-02
9.375626043405675958e+00 -1.342569232064071832e-02 2.165823257611190072e-02
9.402337228714523931e+00 -1.343613480770269875e-02 2.176246215899280828e-02
9.429048414023371905e+00 4.728039343129326888e-02 2.186719408577060889e-02
9.455759599332219878e+00 -5.109568193218543691e-03 2.197243077753713650e-02
9.482470784641067851e+00 1.737081806382348784e-02 2.207817466705287723e-02
9.509181969949917601e+00 1.463076669751447664e-02 2.218442819880324379e-02
9.535893155258765574e+00 -7.118321975529522116e-04 2.229119382905503724e-02
9.562604340567613548e+00 3.667328275644413799e-02 2.239847402591328696e-02
9.589315525876461521e+00 1.042372776956969338e-02 2.250627126937827446e-02
9.616026711185309495e+00 1.427187317333594198e-02 2.261458805140285563e-02
9.642737896494157468e+00 3.981490450063848718e-02 2.272342687595008473e-02
9.669449081803005441e+00 2.057586549789678157e-02 2.283279025905109866e-02
9.696160267111853415e+00 5.453471728057312021e-03 2.294268072886325102e-02
9.722871452420701388e+00 1.899633974660849128e-02 2.305310082572860700e-02
9.749582637729549361e+00 1.489775263930244453e-02 2.316405310223262903e-02
9.776293823038397335e+00 2.284629238013448013e-02 2.327554012326318172e-02
9.803005008347245308e+00 6.482970686165734353e-02 2.338756446606986630e-02
9.829716193656093282e+00 3.941560287075255437e-02 2.350012872032353900e-02
9.856427378964941255e+00 2.885215610467986580e-02 2.361323548817623533e-02
9.883138564273789228e+00 -1.869993637080534510e-04 2.372688738432128866e-02
9.909849749582637202e+00 3.719944073858818395e-02 2.384108703605377841e-02
9.936560934891486951e+00 2.908176920825880293e-02 2.395583708333128697e-02
9.963272120200334925e+00 4.077385295953871169e-02 2.407114017883487875e-02
9.989983305509182898e+00 3.205648604177141481e-02 2.418699898803048504e-02
1.001669449081803087e+01 2.294876848512018841e-02 2.430341618923048327e-02
1.004340567612687884e+01 3.367589560171369012e-02 2.442039447365560931e-02
1.007011686143572682e+01 1.306998877300005919e-02 2.453793654549719233e-02
1.009682804674457479e+01 5.546719600647148640e-04 2.465604512197965004e-02
1.012353923205342277e+01 -2.047269037144554965e-02 2.477472293342330642e-02
1.015025041736227074e+01 1.541549109659048900e-02 2.489397272330752531e-02
1.017696160267111871e+01 3.781349262098268604e-02 2.501379724833409715e-02
1.020367278797996669e+01 6.221596818806414408e-02 2.513419927849099705e-02
1.023038397328881466e+01 -1.228469847143576904e-02 2.525518159711641689e-02
1.025709515859766263e+01 -1.123712589173693141e-02 2.537674700096307148e-02
1.028380634390651061e+01 7.051340327700561517e-02 2.549889830026290036e-02
1.031051752921535858e+01 5.195943222438750841e-02 2.562163831879201575e-02
1.033722871452420655e+01 2.246898094487876849e-02 2.574496989393594906e-02
1.036393989983305453e+01 6.971597464071281613e-02 2.586889587675528582e-02
1.039065108514190428e+01 -2.252382327314903648e-02 2.599341913205156090e-02
1.041736227045075225e+01 5.354548353955502354e-02 2.611854253843345214e-02
1.044407345575960022e+01 4.437856537739437446e-02 2.624426898838337283e-02
1.047078464106844820e+01 2.189113124851097686e-03 2.637060138832431760e-02
1.049749582637729617e+01 4.971858963906902740e-02 2.649754265868704828e-02
1.052420701168614414e+01 2.333289240481310062e-02 2.662509573397759885e-02
1.055091819699499212e+01 2.022320328175838261e-02 2.675326356284512402e-02
1.057762938230384009e+01 4.851600333867440995e-02 2.688204910815007037e-02
1.060434056761268806e+01 1.637290370337844692e-02 2.701145534703263892e-02
1.063105175292153604e+01 1.802938758979305903e-02 2.714148527098164329e-02
1.065776293823038401e+01 3.803789592771035510e-02 2.727214188590363492e-02
1.068447412353923198e+01 3.893720057349497887e-02 2.740342821219240652e-02
1.071118530884807996e+01 5.999170327354536036e-02 2.753534728479883203e-02
1.073789649415692793e+01 1.427169569218674980e-02 2.766790215330097377e-02
1.076460767946577590e+01 3.500641829713437708e-02 2.780109588197463011e-02
1.079131886477462388e+01 1.778976208415181809e-02 2.793493154986415733e-02
1.081803005008347363e+01 5.363112217414472971e-02 2.806941225085362798e-02
1.084474123539232160e+01 1.043749129044206289e-02 2.820454109373838128e-02
1.087145242070116957e+01 5.630969743664200611e-02 2.834032120229686494e-02
1.089816360601001755e+01 5.935912308815575328e-03 2.847675571536287947e-02
1.092487479131886552e+01 -1.301605374757584116e-02 2.861384778689809311e-02
1.095158597662771349e+01 1.694343126329434651e-02 2.875160058606499730e-02
1.097829716193656147e+01 5.372753190920440125e-03 2.889001729730014331e-02
1.100500834724540944e+01 -1.900115257918150516e-02 2.902910112038775345e-02
1.103171953255425741e+01 2.259514555745530118e-03 2.916885527053371743e-02
1.105843071786310539e+01 -3.027898564176781729e-02 2.930928297843988714e-02
1.108514190317195336e+01 2.742906733467627423e-02 2.945038749037876685e-02
1.111185308848080133e+01 5.904603702117916519e-02 2.959217206826858862e-02
1.113856427378964931e+01 1.787083384153278012e-02 2.973463998974865824e-02
1.116527545909849728e+01 -1.930663993095860231e-02 2.987779454825521125e-02
1.119198664440734525e+01 -7.498622112644050264e-03 3.002163905309744932e-02
1.121869782971619323e+01 -2.765982706326161264e-02 3.016617682953410054e-02
1.124540901502504120e+01 3.286825675716720935e-02 3.031141121885030584e-02
1.127212020033389095e+01 8.804011470985778631e-03 3.045734557843481766e-02
1.129883138564273892e+01 1.994017151931943427e-03 3.060398328185757327e-02
1.132554257095158690e+01 1.466062063719568258e-02 3.075132771894782679e-02
1.135225375626043487e+01 1.446730671561455468e-02 3.089938229587236435e-02
1.137896494156928284e+01 2.793956456756360382e-02 3.104815043521429521e-02
1.140567612687813082e+01 1.731956013842672962e-02 3.119763557605222462e-02
1.143238731218697879e+01 7.434913597732680651e-03 3.134784117403966591e-02
1.145909849749582676e+01 3.507199715124760531e-02 3.149877070148496272e-02
1.148580968280467474e+01 -3.876199035053887187e-02 3.165042764743160320e-02
1.151252086811352271e+01 6.191614886439586463e-04 3.180281551773880833e-02
1.153923205342237068e+01 5.311027439163732572e-03 3.195593783516259556e-02
1.156594323873121866e+01 4.102359127984965548e-02 3.210979813943724837e-02
1.159265442404006663e+01 4.893237651918326547e-02 3.226439998735710496e-02
1.161936560934891460e+01 4.147902591223283364e-02 3.241974695285878422e-02
1.164607679465776258e+01 -1.667819210598335197e-02 3.257584262710385564e-02
1.167278797996661055e+01 2.658199995899615184e-02 3.273269061856176609e-02
1.169949916527546030e+01 8.157358491640062659e-02 3.289029455309335631e-02
1.172621035058430827e+01 6.717716273768729873e-02 3.304865807403458561e-02
1.175292153589315625e+01 -2.656233534711948882e-02 3.320778484228081168e-02
1.177963272120200422e+01 3.618170866099531396e-02 3.336767853637143816e-02
1.180634390651085219e+01 -1.067900042475430911e-02 3.352834285257490221e-02
1.183305509181970017e+01 4.946095462659970410e-03 3.368978150497412699e-02
1.185976627712854814e+01 2.286461877519383248e-02 3.385199822555239740e-02
1.188647746243739611e+01 4.122569213199450688e-02 3.401499676427967300e-02
1.191318864774624409e+01 3.764354156031770454e-02 3.417878088919918539e-02
1.193989983305509206e+01 4.431237917237632051e-02 3.434335438651456990e-02
1.196661101836394003e+01 1.372156698513317917e-02 3.450872106067748996e-02
1.199332220367278801e+01 5.204670246144350865e-02 3.467488473447544878e-02
1.202003338898163598e+01 3.489511699634447600e-02 3.484184924912021863e-02
1.204674457429048395e+01 3.593207946494508809e-02 3.500961846433668645e-02
1.207345575959933193e+01 1.005296683672749283e-02 3.517819625845198389e-02
1.210016694490817990e+01 1.279162381728927642e-02 3.534758652848519339e-02
1.212687813021702787e+01 3.561950043775367891e-02 3.551779319023749132e-02
1.215358931552587762e+01 1.256142141245791127e-03 3.568882017838253401e-02
1.218030050083472560e+01 4.913036332629348857e-02 3.586067144655753075e-02
1.220701168614357357e+01 -1.352927311424436535e-02 3.603335096745461513e-02
1.223372287145242154e+01 7.208479001940118480e-03 3.620686273291262580e-02
1.226043405676126952e+01 3.650811740223630641e-02 3.638121075400949089e-02
1.228714524207011749e+01 2.924825724470087387e-02 3.655639906115483451e-02
1.231385642737896546e+01 1.940615254526178307e-02 3.673243170418322850e-02
1.234056761268781344e+01 5.855472174964794496e-02 3.690931275244780513e-02
1.236727879799666141e+01 1.038755729522628096e-01 3.708704629491428595e-02
1.239398998330550938e+01 7.235745306033290747e-03 3.726563644025553818e-02
1.242070116861435736e+01 7.024902517689547710e-02 3.744508731694655423e-02
1.244741235392320533e+01 -1.382788216740176226e-02 3.762540307335988932e-02
1.247412353923205330e+01 9.738067170917030779e-02 3.780658787786154301e-02
1.250083472454090128e+01 2.560206574602887086e-02 3.798864591890733361e-02
1.252754590984974925e+01 7.914836264012301004e-02 3.817158140513973730e-02
1.255425709515859722e+01 3.512683930768123464e-02 3.835539856548513676e-02
1.258096828046744697e+01 -9.618456011507359182e-02 3.854010164925163184e-02
1.260767946577629495e+01 4.448046879964938360e-02 3.872569492622723181e-02
1.263439065108514292e+01 5.020274406327084049e-02 3.891218268677857500e-02
1.266110183639399089e+01 -4.202858059857858541e-03 3.909956924195012035e-02
1.268781302170283887e+01 1.098750420015574686e-01 3.928785892356380371e-02
1.271452420701168684e+01 -6.290541676912654590e-03 3.947705608431911761e-02
1.274123539232053481e+01 1.638977787259550400e-02 3.966716509789386391e-02
1.276794657762938279e+01 5.104551884107373649e-02 3.985819035904511476e-02
1.279465776293823076e+01 3.765612256842942873e-02 4.005013628371087431e-02
1.282136894824707873e+01 3.127170641745680157e-02 4.024300730911221230e-02
1.284808013355592671e+01 -4.162384861805103198e-02 4.043680789385573765e-02
1.287479131886477468e+01 -2.867724364652869673e-02 4.063154251803670347e-02
1.290150250417362265e+01 3.426605144666031860e-03 4.082721568334266721e-02
1.292821368948247063e+01 1.060270557357095508e-02 4.102383191315739364e-02
1.295492487479131860e+01 4.055827022210356514e-02 4.122139575266551420e-02
1.298163606010016657e+01 1.287335000759160311e-02 4.141991176895765819e-02
1.300834724540901455e+01 -3.650330993843983046e-03 4.161938455113587537e-02
1.303505843071786430e+01 -3.284787979976128147e-02 4.181981871041985654e-02
1.306176961602671227e+01 6.677829460881995471e-02 4.202121888025346641e-02
1.308848080133556024e+01 6.190529954786977429e-02 4.222358971641187314e-02
1.311519198664440822e+01 1.686113239286893620e-02 4.242693589710917063e-02
1.314190317195325619e+01 3.330404775087252023e-02 4.263126212310654889e-02
1.316861435726210416e+01 4.095743103125675660e-02 4.283657311782092247e-02
1.319532554257095214e+01 8.757660644190892046e-03 4.304287362743411394e-02
1.322203672787980011e+01 9.300527630654581435e-02 4.325016842100268266e-02
1.324874791318864808e+01 -5.913329041422227261e-02 4.345846229056800347e-02
1.327545909849749606e+01 -1.925769633659559985e-02 4.366776005126714322e-02
1.330217028380634403e+01 5.313344460405980407e-02 4.387806654144420920e-02
1.332888146911519200e+01 6.712015807260190980e-02 4.408938662276208620e-02
1.335559265442403998e+01 -3.662294558870057143e-02 4.430172518031488815e-02
1.338230383973288795e+01 9.238949173504169832e-02 4.451508712274093726e-02
1.340901502504173592e+01 7.869940148948703640e-02 4.472947738233611775e-02
1.343572621035058390e+01 4.473949846786552664e-02 4.494490091516797209e-02
1.346243739565943365e+01 5.940423761362473298e-02 4.516136270119032459e-02
1.348914858096828162e+01 1.508947088351950822e-03 4.537886774435822418e-02
1.351585976627712959e+01 -3.513730702513980647e-03 4.559742107274379619e-02
1.354257095158597757e+01 3.139891499797416857e-02 4.581702773865244799e-02
1.356928213689482554e+01 2.420293667865778750e-02 4.603769281873958119e-02
1.359599332220367351e+01 1.712007055368390193e-02 4.625942141412796998e-02
1.362270450751252149e+01 5.057320118076948090e-02 4.648221865052580559e-02
1.364941569282136946e+01 5.428959972809278833e-02 4.670608967834501135e-02
1.367612687813021743e+01 -8.694226967427939878e-02 4.693103967282038352e-02
1.370283806343906541e+01 5.345816082842326511e-02 4.715707383412931497e-02
1.372954924874791338e+01 2.938442737314355194e-02 4.738419738751183108e-02
1.375626043405676135e+01 -9.865718633184002162e-02 4.761241558339150692e-02
1.378297161936560933e+01 2.034615957918724585e-02 4.784173369749682853e-02
1.380968280467445730e+01 6.045982903675636844e-02 4.807215703098311615e-02
1.383639398998330527e+01 -2.575772821686292749e-02 4.830369091055505826e-02
1.386310517529215325e+01 -3.545540097996895124e-02 4.853634068858994621e-02
1.388981636060100122e+01 1.642411673635605918e-01 4.877011174326127685e-02
1.391652754590985097e+01 -6.899175405891990603e-03 4.900500947866315987e-02
1.394323873121869894e+01 -5.154257675645386449e-02 4.924103932493524571e-02
1.396994991652754692e+01 1.109342649548186871e-01 4.947820673838815991e-02
1.399666110183639489e+01 4.416548337850226269e-02 4.971651720162983262e-02
1.402337228714524286e+01 8.357029057680907813e-02 4.995597622369202934e-02
1.405008347245409084e+01 4.397536981495260566e-02 5.019658934015779062e-02
1.407679465776293881e+01 -4.393835806191918880e-02 5.043836211328942692e-02
1.410350584307178679e+01 4.243410900694657983e-02 5.068130013215709634e-02
1.413021702838063476e+01 6.763574721413566360e-02 5.092540901276795817e-02
1.415692821368948273e+01 3.255684082415376268e-02 5.117069439819598581e-02
1.418363939899833071e+01 4.268292501003931316e-02 5.141716195871255668e-02
1.421035058430717868e+01 9.900827473065376694e-02 5.166481739191734757e-02
1.423706176961602665e+01 1.425551932951959686e-02 5.191366642287013888e-02
1.426377295492487463e+01 8.776611008102461198e-02 5.216371480422322959e-02
1.429048414023372260e+01 2.291291459384483739e-02 5.241496831635426151e-02
1.431719532554257057e+01 2.375518889332426178e-02 5.266743276749993874e-02
1.434390651085142032e+01 -1.866483012574952222e-02 5.292111399389038545e-02
1.437061769616026830e+01 7.894290934014714517e-03 5.317601785988380209e-02
1.439732888146911627e+01 7.119826365292594716e-02 5.343215025810233582e-02
1.442404006677796424e+01 -2.942356506281345457e-02 5.368951710956807594e-02
1.445075125208681222e+01 3.384911734769820157e-02 5.394812436384003457e-02
1.447746243739566019e+01 -9.852917097477018743e-03 5.420797799915169635e-02
1.450417362270450816e+01 3.937978812320571537e-02 5.446908402254914405e-02
1.453088480801335614e+01 7.073932133060883282e-03 5.473144847002993363e-02
1.455759599332220411e+01 1.760597012010772788e-02 5.499507740668275330e-02
1.458430717863105208e+01 1.299571544184258964e-01 5.525997692682745044e-02
1.461101836393990006e+01 4.126911120476911554e-02 5.552615315415602298e-02
1.463772954924874803e+01 -3.249276454413257964e-02 5.579361224187412427e-02
1.466444073455759600e+01 9.683922390542523684e-02 5.606236037284342832e-02
1.469115191986644398e+01 -2.398304723456063173e-02 5.633240375972437680e-02
1.471786310517529195e+01 7.577102158470101767e-02 5.660374864511991816e-02
1.474457429048413992e+01 9.261023098599752146e-02 5.687640130171982972e-02
1.477128547579298790e+01 2.627930668646333290e-02 5.715036803244563646e-02
1.479799666110183765e+01 2.746715962845816192e-02 5.742565517059636249e-02
1.482470784641068562e+01 -1.093495213489363571e-02 5.770226907999497640e-02
1.485141903171953359e+01 1.059344978796119691e-01 5.798021615513541949e-02
1.487813021702838157e+01 8.720983268350385176e-02 5.825950282133052910e-02
1.490484140233722954e+01 9.201041908512685996e-02 5.854013553486048932e-02
1.493155258764607751e+01 1.927763990223558405e-02 5.882212078312206577e-02
1.495826377295492549e+01 6.591238143682549844e-02 5.910546508477873551e-02
1.498497495826377346e+01 1.106590286577447402e-01 5.939017498991115002e-02
1.501168614357262143e+01 3.482673983975015375e-02 5.967625708016869451e-02
1.503839732888146941e+01 -2.333022156785760637e-02 5.996371796892167177e-02
1.506510851419031738e+01 2.193380849525690748e-02 6.025256430141404107e-02
1.509181969949916535e+01 6.889546282789876797e-02 6.054280275491712854e-02
1.511853088480801333e+01 2.868699429459987266e-03 6.083444003888403145e-02
1.514524207011686130e+01 7.872557335101348919e-02 6.112748289510461230e-02
1.517195325542570927e+01 7.748296921923546188e-03 6.142193809786137410e-02
1.519866444073455725e+01 -4.993350981288872947e-02 6.171781245408617528e-02
1.522537562604340700e+01 4.335842462490246962e-02 6.201511280351743732e-02
1.525208681135225497e+01 -6.301231961284479988e-02 6.231384601885826824e-02
1.527879799666110294e+01 2.591999012255365858e-02 6.261401900593550895e-02
1.530550918196995092e+01 1.252888273978359501e-01 6.291563870385916135e-02
1.533222036727879889e+01 1.129445371741481241e-01 6.321871208518292651e-02
1.535893155258764686e+01 1.388321927377597353e-01 6.352324615606541602e-02
1.538564273789649484e+01 4.764615067632766571e-02 6.382924795643195315e-02
1.541235392320534281e+01 -2.318274129736498657e-02 6.413672456013745637e-02
1.543906510851419078e+01 -7.345601322373451758e-02 6.444568307512998917e-02
1.546577629382303876e+01 -1.594105290875891603e-02 6.475613064361493421e-02
1.549248747913188673e+01 1.226067681013400801e-01 6.506807444222018066e-02
1.551919866444073470e+01 5.203799644093697052e-02 6.538152168216210258e-02
1.554590984974958268e+01 4.795966195642159535e-02 6.569647960941209230e-02
1.557262103505843065e+01 7.789073376213953570e-02 6.601295550486419028e-02
1.559933222036727862e+01 2.563674414662754295e-02 6.633095668450342264e-02
1.562604340567612660e+01 -3.211824648374405483e-02 6.665049049957477711e-02
1.565275459098497457e+01 -9.464730395326095835e-02 6.697156433675321985e-02
1.567946577629382432e+01 -5.947670853075823910e-02 6.729418561831461421e-02
1.570617696160267229e+01 -2.498745801764296406e-02 6.761836180230698656e-02
1.573288814691152027e+01 6.226328249670624176e-02 6.794410038272312435e-02
1.575959933222036824e+01 6.006809088781377148e-02 6.827140888967390964e-02
1.578631051752921621e+01 8.503297981820609475e-02 6.860029488956216615e-02
1.581302170283806419e+01 5.475058244668701973e-02 6.893076598525767207e-02
1.583973288814691216e+01 1.874719659788740000e-02 6.926282981627301938e-02
1.586644407345576013e+01 2.012690460765426126e-01 6.959649405894004215e-02
1.589315525876460811e+01 -3.988507374137365696e-02 6.993176642658734121e-02
1.591986644407345608e+01 3.304570140192567007e-02 7.026865466971868313e-02
1.594657762938230405e+01 5.825791363219464530e-02 7.060716657619200975e-02
1.597328881469115203e+01 6.280340010584782584e-02 7.094730997139954420e-02
1.600000000000000000e+01 -1.360262344259591943e-02 7.128909271844878492e-02
