0.000000000000000000e+00 2.925865497647834323e-01 4.031999999999999994e-03
2.671118530884808093e-02 2.988131063306559976e-01 4.051278361594249505e-03
5.342237061769616185e-02 2.928143750158405667e-01 4.070649636994939403e-03
8.013355592654423931e-02 2.994670443388182668e-01 4.090114274008556892e-03
1.068447412353923237e-01 3.013591444325853796e-01 4.109672722599837583e-03
1.335559265442403942e-01 2.961983763368371547e-01 4.129325434902159087e-03
1.602671118530884786e-01 2.966437300455012083e-01 4.149072865227999667e-03
1.869782971619365630e-01 2.917518039089591619e-01 4.168915470079434180e-03
2.136894824707846474e-01 2.917395943762032262e-01 4.188853708158693338e-03
2.404006677796327318e-01 2.945802173701010385e-01 4.208888040378763740e-03
2.671118530884807885e-01 2.859064659139793907e-01 4.229018929874042536e-03
2.938230383973288729e-01 2.817630212502007514e-01 4.249246842011048485e-03
3.205342237061769572e-01 2.892307438962530841e-01 4.269572244399172031e-03
3.472454090150250416e-01 2.850686715095251400e-01 4.289995606901493043e-03
3.739565943238731260e-01 2.801380207859694438e-01 4.310517401645636709e-03
4.006677796327212104e-01 2.797758478091781353e-01 4.331138103034690157e-03
4.273789649415692948e-01 2.818822111442408906e-01 4.351858187758170238e-03
4.540901502504173792e-01 2.794470427143861957e-01 4.372678134803040760e-03
4.808013355592654636e-01 2.832865335072439761e-01 4.393598425464786961e-03
5.075125208681134925e-01 2.848363885890536906e-01 4.414619543358541155e-03
5.342237061769615769e-01 2.769905586346202431e-01 4.435741974430263898e-03
5.609348914858096613e-01 2.742911937043785442e-01 4.456966206967973715e-03
5.876460767946577457e-01 2.718787361348820597e-01 4.478292731613040152e-03
6.143572621035058301e-01 2.763830839224827307e-01 4.499722041371520195e-03
6.410684474123539145e-01 2.701502218648647036e-01 4.521254631625559739e-03
6.677796327212019989e-01 2.689836172831309713e-01 4.542891000144844496e-03
6.944908180300500833e-01 2.699779189835902482e-01 4.564631647098103817e-03
7.212020033388981677e-01 2.674813693011262039e-01 4.586477075064677826e-03
7.479131886477462521e-01 2.646230321676403818e-01 4.608427789046132261e-03
7.746243739565943365e-01 2.620744833559628950e-01 4.630484296477933165e-03
8.013355592654424209e-01 2.717249683041560449e-01 4.652647107241177950e-03
8.280467445742905053e-01 2.660996737574199411e-01 4.674916733674381979e-03
8.547579298831385897e-01 2.608170018572983917e-01 4.697293690585324123e-03
8.814691151919866741e-01 2.601370768754345253e-01 4.719778495262943498e-03
9.081803005008347585e-01 2.586766596250665851e-01 4.742371667489299510e-03
9.348914858096828429e-01 2.588283285046957261e-01 4.765073729551590892e-03
9.616026711185309273e-01 2.495362240058963954e-01 4.787885206254226776e-03
9.883138564273790116e-01 2.578205275825625753e-01 4.810806624930953276e-03
1.015025041736226985e+00 2.518176526461446407e-01 4.833838515457057269e-03
1.041736227045075180e+00 2.505599190248041785e-01 4.856981410261601399e-03
1.068447412353923154e+00 2.525334675538464246e-01 4.880235844339740614e-03
1.095158597662771349e+00 2.497303609933073654e-01 4.903602355265086407e-03
1.121869782971619323e+00 2.488379795122863947e-01 4.927081483202135244e-03
1.148580968280467518e+00 2.495243432247951643e-01 4.950673770918757703e-03
1.175292153589315491e+00 2.419979825077901714e-01 4.974379763798737926e-03
1.202003338898163687e+00 2.526718371819546283e-01 4.998200009854391127e-03
1.228714524207011660e+00 2.473736043087517988e-01 5.022135059739225339e-03
1.255425709515859856e+00 2.340860991380859790e-01 5.046185466760675156e-03
1.282136894824707829e+00 2.340697526026762343e-01 5.070351786892885772e-03
1.308848080133556024e+00 2.421652507477377314e-01 5.094634578789574222e-03
1.335559265442403998e+00 2.285072035655733302e-01 5.119034403796938332e-03
1.362270450751252193e+00 2.288042010969951190e-01 5.143551825966634176e-03
1.388981636060100167e+00 2.337767956860501706e-01 5.168187412068816870e-03
1.415692821368948362e+00 2.332930825115589191e-01 5.192941731605242063e-03
1.442404006677796335e+00 2.341227675673411279e-01 5.217815356822425553e-03
1.469115191986644531e+00 2.215095871577677789e-01 5.242808862724884431e-03
1.495826377295492504e+00 2.239385129738943325e-01 5.267922827088417255e-03
1.522537562604340700e+00 2.181543960046577468e-01 5.293157830473465761e-03
1.549248747913188673e+00 2.167265475462567537e-01 5.318514456238537282e-03
1.575959933222036868e+00 2.186118387661272755e-01 5.343993290553686153e-03
1.602671118530884842e+00 2.135319423138844763e-01 5.369594922414066239e-03
1.629382303839733037e+00 2.162646446741759432e-01 5.395319943653548514e-03
1.656093489148581011e+00 2.033380336640182862e-01 5.421168948958399354e-03
1.682804674457429206e+00 2.120580264466977172e-01 5.447142535881029958e-03
1.709515859766277179e+00 2.105188344908843767e-01 5.473241304853809081e-03
1.736227045075125153e+00 2.054051482271414542e-01 5.499465859202943424e-03
1.762938230383973348e+00 2.071408859663105284e-01 5.525816805162425682e-03
1.789649415692821321e+00 2.056675750350832610e-01 5.552294751888046768e-03
1.816360601001669517e+00 1.999382197263513405e-01 5.578900311471480904e-03
1.843071786310517490e+00 2.086372644098387075e-01 5.605634098954431419e-03
1.869782971619365686e+00 1.937351806052309833e-01 5.632496732342852017e-03
1.896494156928213659e+00 1.966178038245282311e-01 5.659488832621232222e-03
1.923205342237061855e+00 1.954682511942684997e-01 5.686611023766950483e-03
1.949916527545909828e+00 1.850167922043259028e-01 5.713863932764702731e-03
1.976627712854758023e+00 1.844593326844476688e-01 5.741248189620993397e-03
2.003338898163605997e+00 1.864344896708854671e-01 5.768764427378700148e-03
2.030050083472453970e+00 1.893216592442792945e-01 5.796413282131708880e-03
2.056761268781302388e+00 1.796427050831574390e-01 5.824195393039616371e-03
2.083472454090150361e+00 1.750282784613731435e-01 5.852111402342507519e-03
2.110183639398998334e+00 1.753104573296587476e-01 5.880161955375801108e-03
2.136894824707846308e+00 1.815690344579582449e-01 5.908347700585167561e-03
2.163606010016694725e+00 1.904996692856546769e-01 5.936669289541523023e-03
2.190317195325542698e+00 1.814558770861640913e-01 5.965127376956083291e-03
2.217028380634390672e+00 1.701179821052865859e-01 5.993722620695508818e-03
2.243739565943238645e+00 1.648353445484155577e-01 6.022455681797104360e-03
2.270450751252087063e+00 1.687828547489031161e-01 6.051327224484107960e-03
2.297161936560935036e+00 1.660639405711880345e-01 6.080337916181036313e-03
2.323873121869783009e+00 1.627682694512766204e-01 6.109488427529122939e-03
2.350584307178630983e+00 1.596961959955504884e-01 6.138779432401816200e-03
2.377295492487479400e+00 1.669178627503661860e-01 6.168211607920358851e-03
2.404006677796327374e+00 1.615964445539763428e-01 6.197785634469438719e-03
2.430717863105175347e+00 1.534435766014045077e-01 6.227502195712920907e-03
2.457429048414023320e+00 1.535249898691399828e-01 6.257361978609651994e-03
2.484140233722871738e+00 1.565597860342233250e-01 6.287365673429334487e-03
2.510851419031719711e+00 1.525987655819223132e-01 6.317513973768490616e-03
2.537562604340567685e+00 1.474669160051823025e-01 6.347807576566495517e-03
2.564273789649415658e+00 1.464735907410233129e-01 6.378247182121682402e-03
2.590984974958263631e+00 1.386437636406365470e-01 6.408833494107539670e-03
2.617696160267112049e+00 1.496141617930196455e-01 6.439567219588971346e-03
2.644407345575960022e+00 1.502693929985634280e-01 6.470449069038645105e-03
2.671118530884807996e+00 1.426787529491186646e-01 6.501479756353417509e-03
2.697829716193655969e+00 1.433048985646949436e-01 6.532659998870832090e-03
2.724540901502504386e+00 1.519374488590134187e-01 6.563990517385709378e-03
2.751252086811352360e+00 1.356111324440093802e-01 6.595472036166801118e-03
2.777963272120200333e+00 1.344604518339219124e-01 6.627105282973543357e-03
2.804674457429048307e+00 1.527132436575302510e-01 6.658890989072870255e-03
2.831385642737896724e+00 1.398653863548219023e-01 6.690829889256126768e-03
2.858096828046744697e+00 1.382887107872810828e-01 6.722922721856045523e-03
2.884808013355592671e+00 1.329746290738687275e-01 6.755170228763825169e-03
2.911519198664440644e+00 1.268173071929743767e-01 6.787573155446275514e-03
2.938230383973289062e+00 1.277561356771068357e-01 6.820132250963050272e-03
2.964941569282137035e+00 1.244206587701945227e-01 6.852848267983963938e-03
2.991652754590985008e+00 1.201279354222318380e-01 6.885721962806390199e-03
3.018363939899832982e+00 1.245332681592073582e-01 6.918754095372748811e-03
3.045075125208681399e+00 1.053819464966062880e-01 6.951945429288067940e-03
3.071786310517529373e+00 1.110732326924089575e-01 6.985296731837639314e-03
3.098497495826377346e+00 1.148902785055179454e-01 7.018808774004759235e-03
3.125208681135225319e+00 1.126027000659964583e-01 7.052482330488543324e-03
3.151919866444073737e+00 1.039388753139960653e-01 7.086318179721844482e-03
3.178631051752921710e+00 1.045693328347986478e-01 7.120317103889235028e-03
3.205342237061769683e+00 1.003595635085752641e-01 7.154479888945105073e-03
3.232053422370617657e+00 1.096413981462562165e-01 7.188807324631819005e-03
3.258764607679466074e+00 9.294693552676384918e-02 7.223300204497975184e-03
3.285475792988314048e+00 1.006562512545961380e-01 7.257959325916754113e-03
3.312186978297162021e+00 1.100110395398973817e-01 7.292785490104345542e-03
3.338898163606009994e+00 8.659972209611775662e-02 7.327779502138471839e-03
3.365609348914858412e+00 9.694821968387258571e-02 7.362942170977008517e-03
3.392320534223706385e+00 8.903289235650252431e-02 7.398274309476664604e-03
3.419031719532554359e+00 8.417304214345817936e-02 7.433776734411794845e-03
3.445742904841402332e+00 1.000722277567111101e-01 7.469450266493268299e-03
3.472454090150250305e+00 8.940517854277842125e-02 7.505295730387444471e-03
3.499165275459098723e+00 8.483836980022303742e-02 7.541313954735237059e-03
3.525876460767946696e+00 8.398546171379669967e-02 7.577505772171269638e-03
3.552587646076794670e+00 9.013521597857991619e-02 7.613872019343123285e-03
3.579298831385642643e+00 8.472027780757984683e-02 7.650413536930677876e-03
3.606010016694491060e+00 9.152263226459199374e-02 7.687131169665547062e-03
3.632721202003339034e+00 7.554386879642649433e-02 7.724025766350602583e-03
3.659432387312187007e+00 8.732864346193766614e-02 7.761098179879600927e-03
3.686143572621034981e+00 9.580128292324889550e-02 7.798349267256894125e-03
3.712854757929883398e+00 9.767443214631107984e-02 7.835779889617247237e-03
3.739565943238731371e+00 7.666699978205424038e-02 7.873390912245741696e-03
3.766277128547579345e+00 9.401630016041448434e-02 7.911183204597774937e-03
3.792988313856427318e+00 7.239630409476102701e-02 7.949157640319167578e-03
3.819699499165275736e+00 6.740555005725540338e-02 7.987315097266356467e-03
3.846410684474123709e+00 9.165819645307593522e-02 8.025656457526678805e-03
3.873121869782971682e+00 7.708930645409120541e-02 8.064182607438781167e-03
3.899833055091819656e+00 7.006968650453429537e-02 8.102894437613092707e-03
3.926544240400668073e+00 6.951177892708212958e-02 8.141792842952425002e-03
3.953255425709516047e+00 6.839095287700157344e-02 8.180878722672646486e-03
3.979966611018364020e+00 5.924070742212358964e-02 8.220152980323488720e-03
4.006677796327211993e+00 7.798656536422865493e-02 8.259616523809416855e-03
4.033388981636059967e+00 7.611734190302441028e-02 8.299270265410621517e-03
4.060100166944907940e+00 6.236632731196942864e-02 8.339115121804114780e-03
4.086811352253756802e+00 7.592630908662935385e-02 8.379152014084916347e-03
4.113522537562604775e+00 6.492844009434989294e-02 8.419381867787340337e-03
4.140233722871452748e+00 8.701627732520869629e-02 8.459805612906403510e-03
4.166944908180300722e+00 4.033119483077855782e-02 8.500424183919316756e-03
4.193656093489148695e+00 7.480557988005159809e-02 8.541238519807087606e-03
4.220367278797996669e+00 5.521405417072566824e-02 8.582249564076228562e-03
4.247078464106844642e+00 3.985802118559948759e-02 8.623458264780560836e-03
4.273789649415692615e+00 5.933381903234041799e-02 8.664865574543146459e-03
4.300500834724540589e+00 6.564361070625518435e-02 8.706472450578294983e-03
4.327212020033389450e+00 6.633113091853286292e-02 8.748279854713696818e-03
4.353923205342237424e+00 5.587352566348084693e-02 8.790288753412658918e-03
4.380634390651085397e+00 5.412895534771231670e-02 8.832500117796442812e-03
4.407345575959933370e+00 5.129563634019757706e-02 8.874914923666720606e-03
4.434056761268781344e+00 4.532155737914705940e-02 8.917534151528128117e-03
4.460767946577629317e+00 3.342912522769584532e-02 8.960358786610932505e-03
4.487479131886477290e+00 4.715918455725579689e-02 9.003389818893800522e-03
4.514190317195325264e+00 3.870292712940017615e-02 9.046628243126703800e-03
4.540901502504174125e+00 3.191206504474942973e-02 9.090075058853886586e-03
4.567612687813022099e+00 4.894094956833434235e-02 9.133731270436996549e-03
4.594323873121870072e+00 4.253749693154191408e-02 9.177597887078290176e-03
4.621035058430718045e+00 2.644486785592752714e-02 9.221675922843964798e-03
4.647746243739566019e+00 5.070616982830572494e-02 9.265966396687603385e-03
4.674457429048413992e+00 3.390854269558021133e-02 9.310470332473725144e-03
4.701168614357261966e+00 3.245182268261034148e-02 9.355188759001462767e-03
4.727879799666109939e+00 3.119814369753425021e-02 9.400122710028329873e-03
4.754590984974958801e+00 2.749256201665529337e-02 9.445273224294139375e-03
4.781302170283806774e+00 2.763828464512057409e-02 9.490641345544989504e-03
4.808013355592654747e+00 2.536343657626333875e-02 9.536228122557425038e-03
4.834724540901502721e+00 2.902580172983222281e-02 9.582034609162648833e-03
4.861435726210350694e+00 3.327251597913086223e-02 9.628061864270906836e-03
4.888146911519198667e+00 3.076970565455120973e-02 9.674310951895958091e-03
4.914858096828046641e+00 4.344241973886645014e-02 9.720782941179669651e-03
4.941569282136894614e+00 2.190773270891961666e-02 9.767478906416732914e-03
4.968280467445743476e+00 2.852707790808359928e-02 9.814399927079506605e-03
4.994991652754591449e+00 2.650151741162282831e-02 9.861547087842956888e-03
5.021702838063439422e+00 3.268421428107192578e-02 9.908921478609741471e-03
5.048414023372287396e+00 2.118219926087810956e-02 9.956524194535402994e-03
5.075125208681135369e+00 2.929537506991546081e-02 1.000435633605368559e-02
5.101836393989983343e+00 2.617772625587783120e-02 1.005241900890197285e-02
5.128547579298831316e+00 2.866650701238849380e-02 1.010071332414684900e-02
5.155258764607679289e+00 3.034963770989937762e-02 1.014924039820978494e-02
5.181969949916527263e+00 3.781760121862354218e-02 1.019800135289294397e-02
5.208681135225376124e+00 2.684861490528648101e-02 1.024699731540511943e-02
5.235392320534224098e+00 2.073828321344972636e-02 1.029622941838778498e-02
5.262103505843072071e+00 6.059914354410916859e-03 1.034569879994128895e-02
5.288814691151920044e+00 2.309544968768843798e-02 1.039540660365115103e-02
5.315525876460768018e+00 3.468732621349428918e-03 1.044535397861450637e-02
5.342237061769615991e+00 2.752287236079331220e-02 1.049554207946666595e-02
5.368948247078463964e+00 6.041786436959887055e-03 1.054597206640781916e-02
5.395659432387311938e+00 1.017295579709600294e-02 1.059664510522983008e-02
5.422370617696160799e+00 3.387801686332186923e-02 1.064756236734321765e-02
5.449081803005008773e+00 4.652054256395338205e-03 1.069872502980420519e-02
5.475792988313856746e+00 3.093326828557336344e-02 1.075013427534195383e-02
5.502504173622704720e+00 6.551000780015903829e-03 1.080179129238589483e-02
5.529215358931552693e+00 2.791302212215967735e-02 1.085369727509319891e-02
5.555926544240400666e+00 4.021419431300353453e-02 1.090585342337638784e-02
5.582637729549248640e+00 2.146517938056043129e-02 1.095826094293106401e-02
5.609348914858096613e+00 9.348212723876848929e-03 1.101092104526380129e-02
5.636060100166945475e+00 1.890770893749983000e-02 1.106383494772013310e-02
5.662771285475793448e+00 3.279494204048069225e-03 1.111700387351268783e-02
5.689482470784641421e+00 1.372274001704512809e-02 1.117042905174949613e-02
5.716193656093489395e+00 7.792485030424421699e-03 1.122411171746237786e-02
5.742904841402337368e+00 1.966156335907780564e-02 1.127805311163549568e-02
5.769616026711185341e+00 1.376955260670421899e-03 1.133225448123405601e-02
5.796327212020033315e+00 2.262766642296644079e-03 1.138671707923312459e-02
5.823038397328881288e+00 2.407323165547640975e-02 1.144144216464658935e-02
5.849749582637730150e+00 1.755330349901605691e-02 1.149643100255627257e-02
5.876460767946578123e+00 5.486319900060102756e-04 1.155168486414117311e-02
5.903171953255426097e+00 1.209390696211636376e-02 1.160720502670685439e-02
5.929883138564274070e+00 1.554031496309150710e-02 1.166299277371496065e-02
5.956594323873122043e+00 8.595495987870935967e-03 1.171904939481290681e-02
5.983305509181970017e+00 8.989571112677632869e-03 1.177537618586367053e-02
6.010016694490817990e+00 6.132299274526796171e-03 1.183197444897576486e-02
6.036727879799665963e+00 2.597756269442171723e-02 1.188884549253333041e-02
6.063439065108513937e+00 6.743901297171691830e-03 1.194599063122638201e-02
6.090150250417362798e+00 2.235143023199939044e-02 1.200341118608120455e-02
6.116861435726210772e+00 1.686936450124917886e-02 1.206110848449088238e-02
6.143572621035058745e+00 -1.749811958228857794e-03 1.211908386024600041e-02
6.170283806343906718e+00 8.469524755355482132e-04 1.217733865356545805e-02
6.196994991652754692e+00 -5.708100269208263994e-03 1.223587421112747042e-02
6.223706176961602665e+00 -1.750852368920612773e-02 1.229469188610068410e-02
6.250417362270450639e+00 8.246900601386377913e-03 1.235379303817546459e-02
6.277128547579298612e+00 2.452630677306211898e-02 1.241317903359532952e-02
6.303839732888147473e+00 4.364686129811678333e-03 1.247285124518852754e-02
6.330550918196995447e+00 -4.783680094693496324e-03 1.253281105239978203e-02
6.357262103505843420e+00 3.206447494346004526e-03 1.259305984132216838e-02
6.383973288814691394e+00 1.510056432584421654e-02 1.265359900472917340e-02
6.410684474123539367e+00 1.072924541126863557e-02 1.271442994210686926e-02
6.437395659432387340e+00 2.477650894654880032e-02 1.277555405968628863e-02
6.464106844741235314e+00 8.468051224966979817e-03 1.283697277047591429e-02
6.490818030050083287e+00 4.054448283218147625e-02 1.289868749429435094e-02
6.517529215358932149e+00 6.605174102799257936e-03 1.296069965780315657e-02
6.544240400667780122e+00 3.806053873528897000e-03 1.302301069453980220e-02
6.570951585976628095e+00 3.427728510436042070e-02 1.308562204495082593e-02
6.597662771285476069e+00 8.242640269554766391e-03 1.314853515642513265e-02
6.624373956594324042e+00 4.735879810832087367e-03 1.321175148332744652e-02
6.651085141903172016e+00 2.254248534266178189e-02 1.327527248703192983e-02
6.677796327212019989e+00 1.467837636333640602e-02 1.333909963595597201e-02
6.704507512520867962e+00 7.062790994653478718e-03 1.340323440559414159e-02
6.731218697829716824e+00 -2.760075810211264080e-02 1.346767827855227008e-02
6.757929883138564797e+00 1.635958998292864897e-02 1.353243274458175265e-02
6.784641068447412771e+00 1.162453171320141851e-02 1.359749930061397716e-02
6.811352253756260744e+00 -2.331420355019847915e-02 1.366287945079491979e-02
6.838063439065108717e+00 1.328406017226406617e-02 1.372857470651993317e-02
6.864774624373956691e+00 3.278764489853174674e-02 1.379458658646866981e-02
6.891485809682804664e+00 5.704910384521714485e-03 1.386091661664019641e-02
6.918196994991652637e+00 1.511702142777072294e-02 1.392756633038827463e-02
6.944908180300500611e+00 1.681689842791557477e-02 1.399453726845680153e-02
6.971619365609349472e+00 2.589225527372800151e-02 1.406183097901542688e-02
6.998330550918197446e+00 5.976451282090622374e-04 1.412944901769534224e-02
7.025041736227045419e+00 -1.908639914338586957e-02 1.419739294762525049e-02
7.051752921535893393e+00 3.822722036496384312e-02 1.426566433946748792e-02
7.078464106844741366e+00 -1.717559409575925705e-03 1.433426477145434419e-02
7.105175292153589339e+00 1.783840885326825384e-03 1.440319582942454352e-02
7.131886477462437313e+00 -1.536837377944863525e-02 1.447245910685989595e-02
7.158597662771285286e+00 1.021328908841459722e-03 1.454205620492214981e-02
7.185308848080134148e+00 -7.242730313022490915e-03 1.461198873248999511e-02
7.212020033388982121e+00 9.841936419809182990e-03 1.468225830619625423e-02
7.238731218697830094e+00 7.517554119190552470e-03 1.475286655046525487e-02
7.265442404006678068e+00 2.486562123852819814e-03 1.482381509755039371e-02
7.292153589315526041e+00 1.776276914223815645e-02 1.489510558757185972e-02
7.318864774624374014e+00 -4.471654395856008817e-03 1.496673966855453786e-02
7.345575959933221988e+00 2.839408229395216227e-02 1.503871899646613483e-02
7.372287145242069961e+00 6.260135984732028563e-03 1.511104523525542455e-02
7.398998330550918823e+00 9.586145757933131964e-03 1.518372005689075203e-02
7.425709515859766796e+00 8.491458639577511083e-03 1.525674514139864664e-02
7.452420701168614769e+00 -1.851184013089102187e-02 1.533012217690269373e-02
7.479131886477462743e+00 1.689942232392982469e-02 1.540385285966252432e-02
7.505843071786310716e+00 1.748513140140470212e-02 1.547793889411306668e-02
7.532554257095158690e+00 1.935509229526293298e-02 1.555238199290391761e-02
7.559265442404006663e+00 3.148855180563897571e-02 1.562718387693893748e-02
7.585976627712854636e+00 1.455067228932339918e-02 1.570234627541604311e-02
7.612687813021703498e+00 -3.475981071852925035e-03 1.577787092586719481e-02
7.639398998330551471e+00 -7.983442976543573752e-03 1.585375957419850323e-02
7.666110183639399445e+00 -3.437260632859482842e-03 1.593001397473067099e-02
7.692821368948247418e+00 7.771484829690404432e-03 1.600663589023949840e-02
7.719532554257095391e+00 1.384443228541865946e-02 1.608362709199662177e-02
7.746243739565943365e+00 -1.302563285773775288e-02 1.616098935981051185e-02
7.772954924874791338e+00 1.422668331131402356e-02 1.623872448206757288e-02
7.799666110183639312e+00 1.582940189995373642e-02 1.631683425577349147e-02
7.826377295492487285e+00 2.960248735335650749e-02 1.639532048659479366e-02
7.853088480801336146e+00 -3.203701900297760419e-02 1.647418498890059271e-02
7.879799666110184120e+00 1.342482377582422150e-02 1.655342958580447929e-02
7.906510851419032093e+00 8.069896149188668377e-04 1.663305610920674804e-02
7.933222036727880067e+00 1.648495394737166733e-02 1.671306639983667630e-02
7.959933222036728040e+00 1.016593013926346024e-02 1.679346230729511155e-02
7.986644407345576013e+00 3.233513992457336117e-02 1.687424569009721501e-02
8.013355592654423987e+00 2.700446011540537372e-02 1.695541841571543765e-02
8.040066777963271960e+00 1.670254790198242786e-02 1.703698236062267321e-02
8.066777963272119933e+00 3.796346096045397078e-02 1.711893941033565056e-02
8.093489148580967907e+00 2.046073694614419791e-02 1.720129145945852381e-02
8.120200333889815880e+00 3.224172593985765584e-02 1.728404041172664635e-02
8.146911519198663854e+00 1.407577595829650335e-02 1.736718818005061546e-02
8.173622704507513603e+00 9.946492233733970900e-03 1.745073668656046614e-02
8.200333889816361577e+00 1.137355741689207236e-02 1.753468786265010085e-02
8.227045075125209550e+00 5.023226823447835519e-03 1.761904364902196207e-02
8.253756260434057523e+00 4.553347669133941088e-03 1.770380599573188538e-02
8.280467445742905497e+00 3.022018348209521907e-02 1.778897686223417096e-02
8.307178631051753470e+00 3.426562334818220208e-03 1.787455821742688772e-02
8.333889816360601444e+00 -1.105725992403999366e-02 1.796055203969738542e-02
8.360601001669449417e+00 2.352126939719813639e-02 1.804696031696803940e-02
8.387312186978297390e+00 -5.616976374304161537e-03 1.813378504674217906e-02
8.414023372287145364e+00 -7.090562875520546593e-04 1.822102823615030440e-02
8.440734557595993337e+00 2.168464584452347785e-02 1.830869190199643087e-02
8.467445742904841310e+00 -8.449664391509478442e-03 1.839677807080477429e-02
8.494156928213689284e+00 1.953733942350422553e-03 1.848528877886655361e-02
8.520868113522537257e+00 -1.320147969503574631e-02 1.857422607228707834e-02
8.547579298831385231e+00 3.468105422400027255e-02 1.866359200703304397e-02
8.574290484140233204e+00 -1.592185915363319298e-02 1.875338864898007385e-02
8.601001669449081177e+00 -2.990025539397603987e-02 1.884361807396045183e-02
8.627712854757930927e+00 1.001591370148996289e-02 1.893428236781113938e-02
8.654424040066778900e+00 -1.642196058267775260e-02 1.902538362642195585e-02
8.681135225375626874e+00 2.354693799535756762e-02 1.911692395578407436e-02
8.707846410684474847e+00 1.615258213088422920e-02 1.920890547203866344e-02
8.734557595993322821e+00 -1.304163409214236825e-02 1.930133030152583751e-02
8.761268781302170794e+00 4.489026848137164794e-03 1.939420058083380152e-02
8.787979966611018767e+00 2.495891582962189020e-02 1.948751845684822473e-02
8.814691151919866741e+00 2.667138613136130557e-02 1.958128608680190230e-02
8.841402337228714714e+00 -2.015751138272217635e-02 1.967550563832460436e-02
8.868113522537562687e+00 1.929128457177456749e-02 1.977017928949317827e-02
8.894824707846410661e+00 3.199000512652652034e-02 1.986530922888192149e-02
8.921535893155258634e+00 3.475418201513166827e-02 1.996089765561315926e-02
8.948247078464106607e+00 -5.251657228494807650e-02 2.005694677940808232e-02
8.974958263772954581e+00 2.179391925587850429e-02 2.015345882063784150e-02
9.001669449081802554e+00 5.902238411922226119e-03 2.025043601037485735e-02
9.028380634390650528e+00 2.277854178291133930e-02 2.034788059044440392e-02
9.055091819699500277e+00 2.451916027992391556e-03 2.044579481347645611e-02
9.081803005008348251e+00 8.281672817810054391e-03 2.054418094295771061e-02
9.108514190317196224e+00 2.172656102927425503e-03 2.064304125328396411e-02
9.135225375626044197e+00 -2.642208798903609990e-04 2.074237802981266851e-02
9.161936560934892171e+00 2.916907665263273469e-02 2.084219356891574629e-02
9.188647746243740144e+00 7.068706948781065119e-03 2.094249017803272161e-02
9.215358931552588118e+00 4.150666591548098777e-02 2.104327017572399719e-02
9.242070116861436091e+00 -4.196194279733375665e-02 2.114453589172451964e-02
9.268781302170284064e+00 -4.565939027663428601e-03 2.124628966699757676e-02
9.295492487479132038e+00 1.442846362443670795e-02 2.134853385378895907e-02
9.322203672787980011e+00 1.719219335696483761e-02 2.145127081568131214e-02
9.348914858096827984e+00 4.003701603154729421e-02 2.155450292764877346e-02
9.375626043405675958e+00 2.921788936663244005e-02 2.165823257611190072e-02
9.402337228714523931e+00 3.985872728214841232e-02 2.176246215899280828e-02
9.429048414023371905e+00 1.621732972835127767e-02 2.186719408577060889e-02
9.455759599332219878e+00 7.847355342156839622e-03 2.197243077753713650e-02
9.482470784641067851e+00 2.596170084863502064e-02 2.207817466705287723e-02
9.509181969949917601e+00 6.823431780619873890e-03 2.218442819880324379e-02
9.535893155258765574e+00 3.901418764395582495e-02 2.229119382905503724e-02
9.562604340567613548e+00 4.272906161716312490e-02 2.239847402591328696e-02
9.589315525876461521e+00 1.311900265222088607e-03 2.250627126937827446e-02
9.616026711185309495e+00 -2.493022835923932104e-02 2.261458805140285563e-02
9.642737896494157468e+00 -5.402519477341022336e-03 2.272342687595008473e-02
9.669449081803005441e+00 5.920666805851644565e-02 2.283279025905109866e-02
9.696160267111853415e+00 -1.634172826049032010e-02 2.294268072886325102e-02
9.722871452420701388e+00 4.028702551013799149e-02 2.305310082572860700e-02
9.749582637729549361e+00 -1.194955192269281374e-03 2.316405310223262903e-02
9.776293823038397335e+00 2.124936073068187103e-02 2.327554012326318172e-02
9.803005008347245308e+00 1.726044688174988712e-03 2.338756446606986630e-02
9.829716193656093282e+00 -6.472018096282124155e-03 2.350012872032353900e-02
9.856427378964941255e+00 -3.398642339619661890e-02 2.361323548817623533e-02
9.883138564273789228e+00 -1.193291879588241622e-03 2.372688738432128866e-02
9.909849749582637202e+00 4.127857471561899305e-02 2.384108703605377841e-02
9.936560934891486951e+00 -1.785680734377259604e-02 2.395583708333128697e-02
9.963272120200334925e+00 1.944929391319259043e-02 2.407114017883487875e-02
9.989983305509182898e+00 1.795933322157242107e-02 2.418699898803048504e-02
1.001669449081803087e+01 2.945057425069636664e-03 2.430341618923048327e-02
1.004340567612687884e+01 1.160840709451240772e-02 2.442039447365560931e-02
1.007011686143572682e+01 2.179863437648455610e-02 2.453793654549719233e-02
1.009682804674457479e+01 -6.391876453132841474e-03 2.465604512197965004e-02
1.012353923205342277e+01 3.173315737140063042e-02 2.477472293342330642e-02
1.015025041736227074e+01 -4.718792220257221615e-04 2.489397272330752531e-02
1.017696160267111871e+01 1.492994037647533620e-02 2.501379724833409715e-02
1.020367278797996669e+01 1.182958329500403277e-02 2.513419927849099705e-02
1.023038397328881466e+01 1.325744656938422465e-02 2.525518159711641689e-02
1.025709515859766263e+01 1.441858366334671654e-03 2.537674700096307148e-02
1.028380634390651061e+01 3.123961473063013514e-02 2.549889830026290036e-02
1.031051752921535858e+01 1.497521980524916044e-02 2.562163831879201575e-02
1.033722871452420655e+01 4.583031532946958697e-02 2.574496989393594906e-02
1.036393989983305453e+01 3.067965874299666620e-02 2.586889587675528582e-02
1.039065108514190428e+01 2.445712636226672967e-02 2.599341913205156090e-02
1.041736227045075225e+01 4.224918337221773845e-02 2.611854253843345214e-02
1.044407345575960022e+01 1.775392188641470442e-02 2.624426898838337283e-02
1.047078464106844820e+01 3.655251393303027285e-02 2.637060138832431760e-02
1.049749582637729617e+01 1.233899344864464349e-02 2.649754265868704828e-02
1.052420701168614414e+01 1.081494545634327682e-02 2.662509573397759885e-02
1.055091819699499212e+01 1.023313659493848768e-02 2.675326356284512402e-02
1.057762938230384009e+01 4.610409460382568214e-02 2.688204910815007037e-02
1.060434056761268806e+01 2.719398351464340571e-02 2.701145534703263892e-02
1.063105175292153604e+01 9.309874057928171909e-04 2.714148527098164329e-02
1.065776293823038401e+01 6.372769243564549435e-02 2.727214188590363492e-02
1.068447412353923198e+01 1.111633853306377706e-02 2.740342821219240652e-02
1.071118530884807996e+01 3.374463366223946076e-02 2.753534728479883203e-02
1.073789649415692793e+01 3.449253164202272653e-03 2.766790215330097377e-02
1.076460767946577590e+01 1.384351993708814003e-02 2.780109588197463011e-02
1.079131886477462388e+01 3.186175913872405646e-02 2.793493154986415733e-02
1.081803005008347363e+01 8.552063078106238864e-03 2.806941225085362798e-02
1.084474123539232160e+01 6.656908921540287405e-02 2.820454109373838128e-02
1.087145242070116957e+01 7.077541562454549295e-02 2.834032120229686494e-02
1.089816360601001755e+01 1.251874708231134371e-02 2.847675571536287947e-02
1.092487479131886552e+01 8.039771629130024189e-02 2.861384778689809311e-02
1.095158597662771349e+01 6.801728485048467998e-02 2.875160058606499730e-02
1.097829716193656147e+01 1.192928416374620937e-02 2.889001729730014331e-02
1.100500834724540944e+01 1.876421272169687821e-02 2.902910112038775345e-02
1.103171953255425741e+01 -4.779051913690112591e-02 2.916885527053371743e-02
1.105843071786310539e+01 -1.294732304190858788e-02 2.930928297843988714e-02
1.108514190317195336e+01 1.857156370212331709e-02 2.945038749037876685e-02
1.111185308848080133e+01 1.884360039430992353e-02 2.959217206826858862e-02
1.113856427378964931e+01 -2.352946852394579430e-02 2.973463998974865824e-02
1.116527545909849728e+01 5.482096302484910921e-02 2.987779454825521125e-02
1.119198664440734525e+01 3.265216407867316262e-02 3.002163905309744932e-02
1.121869782971619323e+01 1.834274995288164359e-02 3.016617682953410054e-02
1.124540901502504120e+01 7.863000096313693330e-03 3.031141121885030584e-02
1.127212020033389095e+01 -1.229502797816661372e-02 3.045734557843481766e-02
1.129883138564273892e+01 1.471028154953912294e-02 3.060398328185757327e-02
1.132554257095158690e+01 -6.185066552854209809e-03 3.075132771894782679e-02
1.135225375626043487e+01 4.594376631491074725e-02 3.089938229587236435e-02
1.137896494156928284e+01 5.845374517128212877e-02 3.104815043521429521e-02
1.140567612687813082e+01 4.158142359311350900e-02 3.119763557605222462e-02
1.143238731218697879e+01 3.008092178710741749e-02 3.134784117403966591e-02
1.145909849749582676e+01 2.412106776747399706e-03 3.149877070148496272e-02
1.148580968280467474e+01 1.252043117843128738e-02 3.165042764743160320e-02
1.151252086811352271e+01 -5.277142296975893820e-04 3.180281551773880833e-02
1.153923205342237068e+01 4.176389245501978265e-02 3.195593783516259556e-02
1.156594323873121866e+01 5.104550994216240645e-02 3.210979813943724837e-02
1.159265442404006663e+01 2.299766739661061182e-02 3.226439998735710496e-02
1.161936560934891460e+01 4.532938884692606918e-02 3.241974695285878422e-02
1.164607679465776258e+01 3.209674745257281442e-02 3.257584262710385564e-02
1.167278797996661055e+01 -1.721590522994872335e-02 3.273269061856176609e-02
1.169949916527546030e+01 4.843677209270078748e-02 3.289029455309335631e-02
1.172621035058430827e+01 3.976880083394924992e-04 3.304865807403458561e-02
1.175292153589315625e+01 2.784457548497360629e-02 3.320778484228081168e-02
1.177963272120200422e+01 8.764862975093430653e-02 3.336767853637143816e-02
1.180634390651085219e+01 1.560324666033299952e-02 3.352834285257490221e-02
1.183305509181970017e+01 2.281448398094979013e-03 3.368978150497412699e-02
1.185976627712854814e+01 4.380380935197046577e-02 3.385199822555239740e-02
1.188647746243739611e+01 -1.873289588254067883e-02 3.401499676427967300e-02
1.191318864774624409e+01 2.432330885093710038e-03 3.417878088919918539e-02
1.193989983305509206e+01 3.517325965739356852e-02 3.434335438651456990e-02
1.196661101836394003e+01 3.307384655962537778e-03 3.450872106067748996e-02
1.199332220367278801e+01 -1.438679846546668181e-02 3.467488473447544878e-02
1.202003338898163598e+01 -1.881073467875702537e-02 3.484184924912021863e-02
1.204674457429048395e+01 -2.937763287047933519e-03 3.500961846433668645e-02
1.207345575959933193e+01 4.265395330437510291e-02 3.517819625845198389e-02
1.210016694490817990e+01 2.210060403204783253e-02 3.534758652848519339e-02
1.212687813021702787e+01 2.231874732030643058e-02 3.551779319023749132e-02
1.215358931552587762e+01 2.598371928989270593e-02 3.568882017838253401e-02
1.218030050083472560e+01 -8.126996745205991579e-04 3.586067144655753075e-02
1.220701168614357357e+01 4.471399848558264833e-02 3.603335096745461513e-02
1.223372287145242154e+01 1.814941092470349557e-02 3.620686273291262580e-02
1.226043405676126952e+01 -1.822502738431641678e-02 3.638121075400949089e-02
1.228714524207011749e+01 -3.986379032449653692e-02 3.655639906115483451e-02
1.231385642737896546e+01 1.005577077010414745e-02 3.673243170418322850e-02
1.234056761268781344e+01 3.541273636527385305e-02 3.690931275244780513e-02
1.236727879799666141e+01 1.338010779010438689e-02 3.708704629491428595e-02
1.239398998330550938e+01 5.879457513637052768e-02 3.726563644025553818e-02
1.242070116861435736e+01 9.209234081695980012e-02 3.744508731694655423e-02
1.244741235392320533e+01 1.324672928740230383e-02 3.762540307335988932e-02
1.247412353923205330e+01 2.357242740591727198e-02 3.780658787786154301e-02
1.250083472454090128e+01 2.325328970980154036e-02 3.798864591890733361e-02
1.252754590984974925e+01 -1.540996431261959509e-02 3.817158140513973730e-02
1.255425709515859722e+01 -1.890025367553851976e-02 3.835539856548513676e-02
1.258096828046744697e+01 -4.637294675007837264e-02 3.854010164925163184e-02
1.260767946577629495e+01 6.183287950185896442e-02 3.872569492622723181e-02
1.263439065108514292e+01 -2.365892229595946764e-02 3.891218268677857500e-02
1.266110183639399089e+01 4.537058645355332431e-02 3.909956924195012035e-02
1.268781302170283887e+01 3.437221316481324507e-02 3.928785892356380371e-02
1.271452420701168684e+01 -2.118662686257509128e-02 3.947705608431911761e-02
1.274123539232053481e+01 -2.548910664770882850e-02 3.966716509789386391e-02
1.276794657762938279e+01 2.014278397471023357e-02 3.985819035904511476e-02
1.279465776293823076e+01 3.032958645516098742e-02 4.005013628371087431e-02
1.282136894824707873e+01 -9.100408761768069565e-03 4.024300730911221230e-02
1.284808013355592671e+01 7.451388761444095038e-03 4.043680789385573765e-02
1.287479131886477468e+01 7.885058594590543812e-02 4.063154251803670347e-02
1.290150250417362265e+01 4.687689233548554546e-02 4.082721568334266721e-02
1.292821368948247063e+01 -1.153506449424121158e-02 4.102383191315739364e-02
1.295492487479131860e+01 8.838048563339945263e-02 4.122139575266551420e-02
1.298163606010016657e+01 4.206528929772387210e-02 4.141991176895765819e-02
1.300834724540901455e+01 -1.246775801912233458e-02 4.161938455113587537e-02
1.303505843071786430e+01 -6.793681943974999582e-02 4.181981871041985654e-02
1.306176961602671227e+01 1.089855482344834481e-01 4.202121888025346641e-02
1.308848080133556024e+01 2.716936261033203737e-02 4.222358971641187314e-02
1.311519198664440822e+01 -2.790735486095086842e-03 4.242693589710917063e-02
1.314190317195325619e+01 8.140267508260184970e-02 4.263126212310654889e-02
1.316861435726210416e+01 1.234734980363528731e-02 4.283657311782092247e-02
1.319532554257095214e+01 4.773767549566614726e-02 4.304287362743411394e-02
1.322203672787980011e+01 2.696972396373512049e-02 4.325016842100268266e-02
1.324874791318864808e+01 -8.915055496168479421e-03 4.345846229056800347e-02
1.327545909849749606e+01 -7.446291331412493997e-02 4.366776005126714322e-02
1.330217028380634403e+01 3.243955240954224384e-02 4.387806654144420920e-02
1.332888146911519200e+01 -9.608010037261142250e-03 4.408938662276208620e-02
1.335559265442403998e+01 -3.298450819951993795e-02 4.430172518031488815e-02
1.338230383973288795e+01 2.550405755104000541e-02 4.451508712274093726e-02
1.340901502504173592e+01 2.200651581395705880e-02 4.472947738233611775e-02
1.343572621035058390e+01 -2.341339518078331544e-03 4.494490091516797209e-02
1.346243739565943365e+01 3.890705154809964705e-04 4.516136270119032459e-02
1.348914858096828162e+01 5.656339702067161163e-03 4.537886774435822418e-02
1.351585976627712959e+01 1.162326595244330199e-02 4.559742107274379619e-02
1.354257095158597757e+01 8.180223749413832735e-02 4.581702773865244799e-02
1.356928213689482554e+01 -1.585026868486039478e-02 4.603769281873958119e-02
1.359599332220367351e+01 2.584895646844297470e-02 4.625942141412796998e-02
1.362270450751252149e+01 8.571765964180445840e-03 4.648221865052580559e-02
1.364941569282136946e+01 -3.840209748910604348e-03 4.670608967834501135e-02
1.367612687813021743e+01 9.492828521413048184e-03 4.693103967282038352e-02
1.370283806343906541e+01 4.208721849768325141e-02 4.715707383412931497e-02
1.372954924874791338e+01 5.742384332313203721e-02 4.738419738751183108e-02
1.375626043405676135e+01 3.220076424676349136e-02 4.761241558339150692e-02
1.378297161936560933e+01 1.152584314907626785e-02 4.784173369749682853e-02
1.380968280467445730e+01 6.084032543528563458e-02 4.807215703098311615e-02
1.383639398998330527e+01 -8.456805253862637040e-04 4.830369091055505826e-02
1.386310517529215325e+01 -1.037832672599999992e-02 4.853634068858994621e-02
1.388981636060100122e+01 3.411209412495751214e-04 4.877011174326127685e-02
1.391652754590985097e+01 1.183304241890179888e-02 4.900500947866315987e-02
1.394323873121869894e+01 7.273425320509853409e-02 4.924103932493524571e-02
1.396994991652754692e+01 3.754370333921608349e-02 4.947820673838815991e-02
1.399666110183639489e+01 6.343668488422976592e-02 4.971651720162983262e-02
1.402337228714524286e+01 2.749114709187338440e-02 4.995597622369202934e-02
1.405008347245409084e+01 5.328296641016255775e-02 5.019658934015779062e-02
1.407679465776293881e+01 3.770197167825105333e-02 5.043836211328942692e-02
1.410350584307178679e+01 6.000598598386808202e-02 5.068130013215709634e-02
1.413021702838063476e+01 6.241784837451713752e-02 5.092540901276795817e-02
1.415692821368948273e+01 -1.607063904006484148e-02 5.117069439819598581e-02
1.418363939899833071e+01 -9.148599397482380657e-04 5.141716195871255668e-02
1.421035058430717868e+01 5.458364899593396574e-02 5.166481739191734757e-02
1.423706176961602665e+01 -2.459055007602248613e-02 5.191366642287013888e-02
1.426377295492487463e+01 2.570336853732532040e-03 5.216371480422322959e-02
1.429048414023372260e+01 9.467055265225310379e-02 5.241496831635426151e-02
1.431719532554257057e+01 -5.069593571294400691e-02 5.266743276749993874e-02
1.434390651085142032e+01 -6.695840150805328073e-02 5.292111399389038545e-02
1.437061769616026830e+01 -3.705004236021842284e-02 5.317601785988380209e-02
1.439732888146911627e+01 -2.629449323680803016e-02 5.343215025810233582e-02
1.442404006677796424e+01 4.587672534876564845e-02 5.368951710956807594e-02
1.445075125208681222e+01 1.255867996297976019e-01 5.394812436384003457e-02
1.447746243739566019e+01 4.352862997188638311e-02 5.420797799915169635e-02
1.450417362270450816e+01 -4.027487439149093906e-02 5.446908402254914405e-02
1.453088480801335614e+01 6.303935162094501110e-02 5.473144847002993363e-02
1.455759599332220411e+01 6.285577504830582030e-02 5.499507740668275330e-02
1.458430717863105208e+01 -7.878177441907417700e-02 5.525997692682745044e-02
1.461101836393990006e+01 4.922002044560766509e-02 5.552615315415602298e-02
1.463772954924874803e+01 1.599254009325298473e-02 5.579361224187412427e-02
1.466444073455759600e+01 1.225460389769958275e-01 5.606236037284342832e-02
1.469115191986644398e+01 -1.535992464725854934e-03 5.633240375972437680e-02
1.471786310517529195e+01 1.399512334394302504e-02 5.660374864511991816e-02
1.474457429048413992e+01 1.971275559758203441e-02 5.687640130171982972e-02
1.477128547579298790e+01 -6.062158157060343333e-02 5.715036803244563646e-02
1.479799666110183765e+01 -4.175309009999021020e-03 5.742565517059636249e-02
1.482470784641068562e+01 4.223096329912824631e-02 5.770226907999497640e-02
1.485141903171953359e+01 1.520837077642741772e-02 5.798021615513541949e-02
1.487813021702838157e+01 -2.840463566056253969e-02 5.825950282133052910e-02
1.490484140233722954e+01 3.655578390488752050e-03 5.854013553486048932e-02
1.493155258764607751e+01 -5.017936116572783989e-02 5.882212078312206577e-02
1.495826377295492549e+01 -4.707966338121159777e-02 5.910546508477873551e-02
1.498497495826377346e+01 -5.678912886450863950e-02 5.939017498991115002e-02
1.501168614357262143e+01 1.672682463509070697e-02 5.967625708016869451e-02
1.503839732888146941e+01 5.173944431491736551e-02 5.996371796892167177e-02
1.506510851419031738e+01 1.179951563022172828e-01 6.025256430141404107e-02
1.509181969949916535e+01 -2.118807053451747177e-02 6.054280275491712854e-02
1.511853088480801333e+01 -4.265628518048514284e-03 6.083444003888403145e-02
1.514524207011686130e+01 -1.199302534247288082e-03 6.112748289510461230e-02
1.517195325542570927e+01 1.276198576122908671e-02 6.142193809786137410e-02
1.519866444073455725e+01 1.015231031983040849e-01 6.171781245408617528e-02
1.522537562604340700e+01 -3.179270243292114245e-02 6.201511280351743732e-02
1.525208681135225497e+01 8.320825830720546268e-02 6.231384601885826824e-02
1.527879799666110294e+01 -3.605533507852172470e-02 6.261401900593550895e-02
1.530550918196995092e+01 4.195697417266484180e-02 6.291563870385916135e-02
1.533222036727879889e+01 7.879812557366691617e-02 6.321871208518292651e-02
1.535893155258764686e+01 -3.677380171909944151e-02 6.352324615606541602e-02
1.538564273789649484e+01 -4.707670749470534155e-02 6.382924795643195315e-02
1.541235392320534281e+01 5.262653210273045279e-02 6.413672456013745637e-02
1.543906510851419078e+01 5.668052821858408918e-02 6.444568307512998917e-02
1.546577629382303876e+01 3.199178880808510594e-02 6.475613064361493421e-02
1.549248747913188673e+01 -2.411787539658465790e-02 6.506807444222018066e-02
1.551919866444073470e+01 -3.506589940365744534e-02 6.538152168216210258e-02
1.554590984974958268e+01 -9.728110784314375481e-03 6.569647960941209230e-02
1.557262103505843065e+01 -1.202442474928127336e-01 6.601295550486419028e-02
1.559933222036727862e+01 -2.619223704116505069e-02 6.633095668450342264e-02
1.562604340567612660e+01 5.488615595176973838e-02 6.665049049957477711e-02
1.565275459098497457e+01 3.661063632555591751e-02 6.697156433675321985e-02
1.567946577629382432e+01 1.264217090828417267e-01 6.729418561831461421e-02
1.570617696160267229e+01 -3.459850342947200230e-02 6.761836180230698656e-02
1.573288814691152027e+01 9.386702839290332612e-02 6.794410038272312435e-02
1.575959933222036824e+01 9.214111194198900540e-03 6.827140888967390964e-02
1.578631051752921621e+01 7.007411257447707098e-02 6.860029488956216615e-02
1.581302170283806419e+01 4.332714622270342208e-02 6.893076598525767207e-02
1.583973288814691216e+01 -9.029785806331180886e-03 6.926282981627301938e-02
1.586644407345576013e+01 5.694877538209422441e-03 6.959649405894004215e-02
1.589315525876460811e+01 1.072381224169401265e-01 6.993176642658734121e-02
1.591986644407345608e+01 -7.961167859758609688e-03 7.026865466971868313e-02
1.594657762938230405e+01 1.884007884977577721e-02 7.060716657619200975e-02
1.597328881469115203e+01 1.028203948792298789e-01 7.094730997139954420e-02
1.600000000000000000e+01 -1.623430305110663552e-01 7.128909271844878492e-02
