0.000000000000000000e+00 3.009147658519811808e-01 4.031999999999999994e-03
2.671118530884808093e-02 3.027383205988648518e-01 4.051278361594249505e-03
5.342237061769616185e-02 2.935104935357499834e-01 4.070649636994939403e-03
8.013355592654423931e-02 2.983607257164372917e-01 4.090114274008556892e-03
1.068447412353923237e-01 2.932740419734338744e-01 4.109672722599837583e-03
1.335559265442403942e-01 2.936508782510530158e-01 4.129325434902159087e-03
1.602671118530884786e-01 2.919480204077845031e-01 4.149072865227999667e-03
1.869782971619365630e-01 2.954437140230581349e-01 4.168915470079434180e-03
2.136894824707846474e-01 2.918267859272977161e-01 4.188853708158693338e-03
2.404006677796327318e-01 2.915346895246734849e-01 4.208888040378763740e-03
2.671118530884807885e-01 2.875800955217557298e-01 4.229018929874042536e-03
2.938230383973288729e-01 2.886793969310317287e-01 4.249246842011048485e-03
3.205342237061769572e-01 2.869828944894853850e-01 4.269572244399172031e-03
3.472454090150250416e-01 2.814565661153474729e-01 4.289995606901493043e-03
3.739565943238731260e-01 2.840375131776207707e-01 4.310517401645636709e-03
4.006677796327212104e-01 2.833257095537612957e-01 4.331138103034690157e-03
4.273789649415692948e-01 2.800607148313404848e-01 4.351858187758170238e-03
4.540901502504173792e-01 2.761427879175581412e-01 4.372678134803040760e-03
4.808013355592654636e-01 2.836198914716215880e-01 4.393598425464786961e-03
5.075125208681134925e-01 2.763513862442862346e-01 4.414619543358541155e-03
5.342237061769615769e-01 2.746414390387087456e-01 4.435741974430263898e-03
5.609348914858096613e-01 2.743386032536114794e-01 4.456966206967973715e-03
5.876460767946577457e-01 2.736746071883768838e-01 4.478292731613040152e-03
6.143572621035058301e-01 2.765316122956901768e-01 4.499722041371520195e-03
6.410684474123539145e-01 2.708941230188275928e-01 4.521254631625559739e-03
6.677796327212019989e-01 2.715572320888631208e-01 4.542891000144844496e-03
6.944908180300500833e-01 2.679956735023491521e-01 4.564631647098103817e-03
7.212020033388981677e-01 2.641352645954981870e-01 4.586477075064677826e-03
7.479131886477462521e-01 2.615384278877256885e-01 4.608427789046132261e-03
7.746243739565943365e-01 2.677501582008079972e-01 4.630484296477933165e-03
8.013355592654424209e-01 2.598993394330157969e-01 4.652647107241177950e-03
8.280467445742905053e-01 2.614510684446996192e-01 4.674916733674381979e-03
8.547579298831385897e-01 2.639538689848860420e-01 4.697293690585324123e-03
8.814691151919866741e-01 2.698375541035651914e-01 4.719778495262943498e-03
9.081803005008347585e-01 2.503697413439135433e-01 4.742371667489299510e-03
9.348914858096828429e-01 2.516099314269441556e-01 4.765073729551590892e-03
9.616026711185309273e-01 2.635624679476717969e-01 4.787885206254226776e-03
9.883138564273790116e-01 2.479534176753264152e-01 4.810806624930953276e-03
1.015025041736226985e+00 2.463199961624608358e-01 4.833838515457057269e-03
1.041736227045075180e+00 2.512364077503874138e-01 4.856981410261601399e-03
1.068447412353923154e+00 2.489115155010472868e-01 4.880235844339740614e-03
1.095158597662771349e+00 2.453777035875576440e-01 4.903602355265086407e-03
1.121869782971619323e+00 2.373846832913489857e-01 4.927081483202135244e-03
1.148580968280467518e+00 2.407200283314415989e-01 4.950673770918757703e-03
1.175292153589315491e+00 2.498372197977828391e-01 4.974379763798737926e-03
1.202003338898163687e+00 2.373736413770047293e-01 4.998200009854391127e-03
1.228714524207011660e+00 2.428444216665558431e-01 5.022135059739225339e-03
1.255425709515859856e+00 2.277845214676566810e-01 5.046185466760675156e-03
1.282136894824707829e+00 2.313440389029150501e-01 5.070351786892885772e-03
1.308848080133556024e+00 2.363650428760143696e-01 5.094634578789574222e-03
1.335559265442403998e+00 2.288272250557980003e-01 5.119034403796938332e-03
1.362270450751252193e+00 2.523805153295057835e-01 5.143551825966634176e-03
1.388981636060100167e+00 2.242262253857205123e-01 5.168187412068816870e-03
1.415692821368948362e+00 2.245747126661169768e-01 5.192941731605242063e-03
1.442404006677796335e+00 2.248414601889087705e-01 5.217815356822425553e-03
1.469115191986644531e+00 2.322399686318362688e-01 5.242808862724884431e-03
1.495826377295492504e+00 2.121873499485472936e-01 5.267922827088417255e-03
1.522537562604340700e+00 2.160438531488553249e-01 5.293157830473465761e-03
1.549248747913188673e+00 2.166285481031453575e-01 5.318514456238537282e-03
1.575959933222036868e+00 2.121294764948133682e-01 5.343993290553686153e-03
1.602671118530884842e+00 2.163611015779589586e-01 5.369594922414066239e-03
1.629382303839733037e+00 2.076202915751597378e-01 5.395319943653548514e-03
1.656093489148581011e+00 2.059270497957581825e-01 5.421168948958399354e-03
1.682804674457429206e+00 1.982602655219994348e-01 5.447142535881029958e-03
1.709515859766277179e+00 2.105337450921492826e-01 5.473241304853809081e-03
1.736227045075125153e+00 1.981050282802978291e-01 5.499465859202943424e-03
1.762938230383973348e+00 1.982944819028397698e-01 5.525816805162425682e-03
1.789649415692821321e+00 1.973589551109817264e-01 5.552294751888046768e-03
1.816360601001669517e+00 1.957838914797451757e-01 5.578900311471480904e-03
1.843071786310517490e+00 1.939076982200143295e-01 5.605634098954431419e-03
1.869782971619365686e+00 1.968006405779914036e-01 5.632496732342852017e-03
1.896494156928213659e+00 1.917415851375696700e-01 5.659488832621232222e-03
1.923205342237061855e+00 1.875250315917655342e-01 5.686611023766950483e-03
1.949916527545909828e+00 1.916538163277689555e-01 5.713863932764702731e-03
1.976627712854758023e+00 1.774420938217060317e-01 5.741248189620993397e-03
2.003338898163605997e+00 1.821718632980774688e-01 5.768764427378700148e-03
2.030050083472453970e+00 1.741445167204906663e-01 5.796413282131708880e-03
2.056761268781302388e+00 1.800095138907469583e-01 5.824195393039616371e-03
2.083472454090150361e+00 1.779278675724407233e-01 5.852111402342507519e-03
2.110183639398998334e+00 1.686960029911099279e-01 5.880161955375801108e-03
2.136894824707846308e+00 1.778254905638401162e-01 5.908347700585167561e-03
2.163606010016694725e+00 1.651435833973008971e-01 5.936669289541523023e-03
2.190317195325542698e+00 1.779482615719291949e-01 5.965127376956083291e-03
2.217028380634390672e+00 1.731891038440947772e-01 5.993722620695508818e-03
2.243739565943238645e+00 1.671198140933941312e-01 6.022455681797104360e-03
2.270450751252087063e+00 1.665915334740067089e-01 6.051327224484107960e-03
2.297161936560935036e+00 1.679898810448944568e-01 6.080337916181036313e-03
2.323873121869783009e+00 1.710172692405848849e-01 6.109488427529122939e-03
2.350584307178630983e+00 1.540422071743574040e-01 6.138779432401816200e-03
2.377295492487479400e+00 1.567845589720172073e-01 6.168211607920358851e-03
2.404006677796327374e+00 1.543939358155646258e-01 6.197785634469438719e-03
2.430717863105175347e+00 1.516279638143442354e-01 6.227502195712920907e-03
2.457429048414023320e+00 1.511141676338011719e-01 6.257361978609651994e-03
2.484140233722871738e+00 1.522856029240223230e-01 6.287365673429334487e-03
2.510851419031719711e+00 1.372415945525587155e-01 6.317513973768490616e-03
2.537562604340567685e+00 1.553905667942965529e-01 6.347807576566495517e-03
2.564273789649415658e+00 1.432813773823708448e-01 6.378247182121682402e-03
2.590984974958263631e+00 1.424686628909118957e-01 6.408833494107539670e-03
2.617696160267112049e+00 1.522319294873465678e-01 6.439567219588971346e-03
2.644407345575960022e+00 1.477021231291622827e-01 6.470449069038645105e-03
2.671118530884807996e+00 1.383860809649079815e-01 6.501479756353417509e-03
2.697829716193655969e+00 1.392133974598826485e-01 6.532659998870832090e-03
2.724540901502504386e+00 1.480467872415709985e-01 6.563990517385709378e-03
2.751252086811352360e+00 1.277615449959053906e-01 6.595472036166801118e-03
2.777963272120200333e+00 1.298859337201330455e-01 6.627105282973543357e-03
2.804674457429048307e+00 1.271153250956917613e-01 6.658890989072870255e-03
2.831385642737896724e+00 1.255248082453992997e-01 6.690829889256126768e-03
2.858096828046744697e+00 1.215865399354360832e-01 6.722922721856045523e-03
2.884808013355592671e+00 1.225070935849314063e-01 6.755170228763825169e-03
2.911519198664440644e+00 1.276530292800029387e-01 6.787573155446275514e-03
2.938230383973289062e+00 1.204040463986308512e-01 6.820132250963050272e-03
2.964941569282137035e+00 1.192813614734016259e-01 6.852848267983963938e-03
2.991652754590985008e+00 1.263310716608953832e-01 6.885721962806390199e-03
3.018363939899832982e+00 1.121758943290013105e-01 6.918754095372748811e-03
3.045075125208681399e+00 1.196445412848768236e-01 6.951945429288067940e-03
3.071786310517529373e+00 1.141629522762569876e-01 6.985296731837639314e-03
3.098497495826377346e+00 1.086838188094231827e-01 7.018808774004759235e-03
3.125208681135225319e+00 1.152454501240849083e-01 7.052482330488543324e-03
3.151919866444073737e+00 1.234704911971672564e-01 7.086318179721844482e-03
3.178631051752921710e+00 8.692743101570968300e-02 7.120317103889235028e-03
3.205342237061769683e+00 9.513422166591702089e-02 7.154479888945105073e-03
3.232053422370617657e+00 9.448432543569434960e-02 7.188807324631819005e-03
3.258764607679466074e+00 1.000948871645013227e-01 7.223300204497975184e-03
3.285475792988314048e+00 9.418071011299750106e-02 7.257959325916754113e-03
3.312186978297162021e+00 9.351526168036150555e-02 7.292785490104345542e-03
3.338898163606009994e+00 9.083412135529597697e-02 7.327779502138471839e-03
3.365609348914858412e+00 1.003781829440135581e-01 7.362942170977008517e-03
3.392320534223706385e+00 9.748762671037990157e-02 7.398274309476664604e-03
3.419031719532554359e+00 9.564429194339732487e-02 7.433776734411794845e-03
3.445742904841402332e+00 9.090394080381289377e-02 7.469450266493268299e-03
3.472454090150250305e+00 7.177117534319223113e-02 7.505295730387444471e-03
3.499165275459098723e+00 8.976927906633411225e-02 7.541313954735237059e-03
3.525876460767946696e+00 9.028920754500716073e-02 7.577505772171269638e-03
3.552587646076794670e+00 9.205158549289997605e-02 7.613872019343123285e-03
3.579298831385642643e+00 8.214068219700702833e-02 7.650413536930677876e-03
3.606010016694491060e+00 1.087791871932418108e-01 7.687131169665547062e-03
3.632721202003339034e+00 8.816159142386892356e-02 7.724025766350602583e-03
3.659432387312187007e+00 7.230349226151580599e-02 7.761098179879600927e-03
3.686143572621034981e+00 7.320245573574873932e-02 7.798349267256894125e-03
3.712854757929883398e+00 6.628900869892996595e-02 7.835779889617247237e-03
3.739565943238731371e+00 8.224166819316747201e-02 7.873390912245741696e-03
3.766277128547579345e+00 7.314580710875830116e-02 7.911183204597774937e-03
3.792988313856427318e+00 7.032060942584376917e-02 7.949157640319167578e-03
3.819699499165275736e+00 5.799116906015204520e-02 7.987315097266356467e-03
3.846410684474123709e+00 7.512594860031729382e-02 8.025656457526678805e-03
3.873121869782971682e+00 7.161301280703735728e-02 8.064182607438781167e-03
3.899833055091819656e+00 5.672874524315152378e-02 8.102894437613092707e-03
3.926544240400668073e+00 7.510103631471985730e-02 8.141792842952425002e-03
3.953255425709516047e+00 5.890663943061962005e-02 8.180878722672646486e-03
3.979966611018364020e+00 6.836161948037859648e-02 8.220152980323488720e-03
4.006677796327211993e+00 6.153715481870326853e-02 8.259616523809416855e-03
4.033388981636059967e+00 6.218225424039120625e-02 8.299270265410621517e-03
4.060100166944907940e+00 5.900605926005133423e-02 8.339115121804114780e-03
4.086811352253756802e+00 6.100855341527459952e-02 8.379152014084916347e-03
4.113522537562604775e+00 6.376326135461118927e-02 8.419381867787340337e-03
4.140233722871452748e+00 5.836889321770061256e-02 8.459805612906403510e-03
4.166944908180300722e+00 5.296981300276212140e-02 8.500424183919316756e-03
4.193656093489148695e+00 5.305567021064006711e-02 8.541238519807087606e-03
4.220367278797996669e+00 7.286165361061246182e-02 8.582249564076228562e-03
4.247078464106844642e+00 3.752486975832858285e-02 8.623458264780560836e-03
4.273789649415692615e+00 5.190407693962474645e-02 8.664865574543146459e-03
4.300500834724540589e+00 4.884206664958882366e-02 8.706472450578294983e-03
4.327212020033389450e+00 5.169568671650293795e-02 8.748279854713696818e-03
4.353923205342237424e+00 3.590835133421488301e-02 8.790288753412658918e-03
4.380634390651085397e+00 4.291458822203391560e-02 8.832500117796442812e-03
4.407345575959933370e+00 4.735551945687516834e-02 8.874914923666720606e-03
4.434056761268781344e+00 4.430140433207270523e-02 8.917534151528128117e-03
4.460767946577629317e+00 4.233159034490367040e-02 8.960358786610932505e-03
4.487479131886477290e+00 4.312810273581284964e-02 9.003389818893800522e-03
4.514190317195325264e+00 4.327877525042529705e-02 9.046628243126703800e-03
4.540901502504174125e+00 5.856952846232034438e-02 9.090075058853886586e-03
4.567612687813022099e+00 3.881309856137819120e-02 9.133731270436996549e-03
4.594323873121870072e+00 3.597232759420671694e-02 9.177597887078290176e-03
4.621035058430718045e+00 3.580264296524367923e-02 9.221675922843964798e-03
4.647746243739566019e+00 4.902154347603054213e-02 9.265966396687603385e-03
4.674457429048413992e+00 2.669599159655178244e-02 9.310470332473725144e-03
4.701168614357261966e+00 3.017057007347472009e-02 9.355188759001462767e-03
4.727879799666109939e+00 4.368699050509108894e-02 9.400122710028329873e-03
4.754590984974958801e+00 3.010376205848739814e-02 9.445273224294139375e-03
4.781302170283806774e+00 3.821001625577522681e-02 9.490641345544989504e-03
4.808013355592654747e+00 2.829354401283903919e-02 9.536228122557425038e-03
4.834724540901502721e+00 2.920626382499792728e-02 9.582034609162648833e-03
4.861435726210350694e+00 3.917436785462560800e-02 9.628061864270906836e-03
4.888146911519198667e+00 3.358637556078290787e-02 9.674310951895958091e-03
4.914858096828046641e+00 1.864221726235099075e-02 9.720782941179669651e-03
4.941569282136894614e+00 3.405787057908499227e-02 9.767478906416732914e-03
4.968280467445743476e+00 3.418503586615592033e-02 9.814399927079506605e-03
4.994991652754591449e+00 2.795841828487426878e-02 9.861547087842956888e-03
5.021702838063439422e+00 2.283555422279449215e-02 9.908921478609741471e-03
5.048414023372287396e+00 2.349497030064173764e-02 9.956524194535402994e-03
5.075125208681135369e+00 2.247328942120503312e-02 1.000435633605368559e-02
5.101836393989983343e+00 3.237904805225975263e-02 1.005241900890197285e-02
5.128547579298831316e+00 2.299380929521337158e-02 1.010071332414684900e-02
5.155258764607679289e+00 2.920280222373029810e-02 1.014924039820978494e-02
5.181969949916527263e+00 1.283675507410014099e-02 1.019800135289294397e-02
5.208681135225376124e+00 2.904860332465427492e-02 1.024699731540511943e-02
5.235392320534224098e+00 3.437582750422805977e-02 1.029622941838778498e-02
5.262103505843072071e+00 9.222629516265854269e-03 1.034569879994128895e-02
5.288814691151920044e+00 2.691990131775202910e-02 1.039540660365115103e-02
5.315525876460768018e+00 2.420831757430691455e-02 1.044535397861450637e-02
5.342237061769615991e+00 1.722075649826171340e-02 1.049554207946666595e-02
5.368948247078463964e+00 1.027312974685823041e-02 1.054597206640781916e-02
5.395659432387311938e+00 1.317692745586320630e-03 1.059664510522983008e-02
5.422370617696160799e+00 -8.008431708731854337e-03 1.064756236734321765e-02
5.449081803005008773e+00 1.898052967792236354e-02 1.069872502980420519e-02
5.475792988313856746e+00 1.424104111384494678e-02 1.075013427534195383e-02
5.502504173622704720e+00 7.334279946550826407e-03 1.080179129238589483e-02
5.529215358931552693e+00 5.469433269126038402e-03 1.085369727509319891e-02
5.555926544240400666e+00 2.148577884495061346e-02 1.090585342337638784e-02
5.582637729549248640e+00 3.722203611608172411e-03 1.095826094293106401e-02
5.609348914858096613e+00 1.134537715336349575e-02 1.101092104526380129e-02
5.636060100166945475e+00 3.168511598691549358e-02 1.106383494772013310e-02
5.662771285475793448e+00 2.459916667606901197e-02 1.111700387351268783e-02
5.689482470784641421e+00 8.747478173111097877e-03 1.117042905174949613e-02
5.716193656093489395e+00 1.018867488633099297e-02 1.122411171746237786e-02
5.742904841402337368e+00 4.523725351022449964e-03 1.127805311163549568e-02
5.769616026711185341e+00 1.341829044000174796e-02 1.133225448123405601e-02
5.796327212020033315e+00 4.883865193912840900e-03 1.138671707923312459e-02
5.823038397328881288e+00 3.784428551645447475e-04 1.144144216464658935e-02
5.849749582637730150e+00 1.024053571153261087e-02 1.149643100255627257e-02
5.876460767946578123e+00 1.352110512543658674e-03 1.155168486414117311e-02
5.903171953255426097e+00 2.258598324127253365e-02 1.160720502670685439e-02
5.929883138564274070e+00 2.331756312398631723e-02 1.166299277371496065e-02
5.956594323873122043e+00 1.972002751866354375e-05 1.171904939481290681e-02
5.983305509181970017e+00 3.131267256354847150e-02 1.177537618586367053e-02
6.010016694490817990e+00 1.623267791352370204e-02 1.183197444897576486e-02
6.036727879799665963e+00 1.907826895899782105e-02 1.188884549253333041e-02
6.063439065108513937e+00 1.421894696361446220e-02 1.194599063122638201e-02
6.090150250417362798e+00 1.565003941085051087e-02 1.200341118608120455e-02
6.116861435726210772e+00 1.861306605668764345e-03 1.206110848449088238e-02
6.143572621035058745e+00 -1.744327383635431092e-03 1.211908386024600041e-02
6.170283806343906718e+00 -3.447626839139976418e-02 1.217733865356545805e-02
6.196994991652754692e+00 2.009614265184680310e-02 1.223587421112747042e-02
6.223706176961602665e+00 -9.371638804971878928e-03 1.229469188610068410e-02
6.250417362270450639e+00 2.026695484747367826e-02 1.235379303817546459e-02
6.277128547579298612e+00 2.238584655336529027e-03 1.241317903359532952e-02
6.303839732888147473e+00 -8.513032314243083182e-03 1.247285124518852754e-02
6.330550918196995447e+00 -2.548466849751376134e-03 1.253281105239978203e-02
6.357262103505843420e+00 -4.364317241994357215e-03 1.259305984132216838e-02
6.383973288814691394e+00 -4.377901164497105188e-03 1.265359900472917340e-02
6.410684474123539367e+00 1.985213662545194484e-03 1.271442994210686926e-02
6.437395659432387340e+00 8.185070420024361665e-03 1.277555405968628863e-02
6.464106844741235314e+00 3.562149583662708313e-02 1.283697277047591429e-02
6.490818030050083287e+00 -2.061365222417746446e-02 1.289868749429435094e-02
6.517529215358932149e+00 5.757877840053018254e-03 1.296069965780315657e-02
6.544240400667780122e+00 7.101426575803864751e-03 1.302301069453980220e-02
6.570951585976628095e+00 2.416115757856001148e-02 1.308562204495082593e-02
6.597662771285476069e+00 1.123184713183353681e-02 1.314853515642513265e-02
6.624373956594324042e+00 1.348460434424463353e-02 1.321175148332744652e-02
6.651085141903172016e+00 -1.034475725199661758e-02 1.327527248703192983e-02
6.677796327212019989e+00 -8.897721792474482666e-03 1.333909963595597201e-02
6.704507512520867962e+00 1.049725104483491961e-02 1.340323440559414159e-02
6.731218697829716824e+00 2.340564359649610973e-02 1.346767827855227008e-02
6.757929883138564797e+00 1.898902710516900058e-02 1.353243274458175265e-02
6.784641068447412771e+00 7.443618853436244354e-03 1.359749930061397716e-02
6.811352253756260744e+00 -6.572546418410051688e-04 1.366287945079491979e-02
6.838063439065108717e+00 9.214250427870402521e-03 1.372857470651993317e-02
6.864774624373956691e+00 -2.745726857775934900e-03 1.379458658646866981e-02
6.891485809682804664e+00 -2.523369902576780809e-03 1.386091661664019641e-02
6.918196994991652637e+00 -1.891821147635548012e-02 1.392756633038827463e-02
6.944908180300500611e+00 3.674213543924867778e-03 1.399453726845680153e-02
6.971619365609349472e+00 6.556989147668832937e-03 1.406183097901542688e-02
6.998330550918197446e+00 5.955527719540968865e-03 1.412944901769534224e-02
7.025041736227045419e+00 -2.368087304258281386e-03 1.419739294762525049e-02
7.051752921535893393e+00 5.732964084847558782e-03 1.426566433946748792e-02
7.078464106844741366e+00 -1.621197083378422138e-02 1.433426477145434419e-02
7.105175292153589339e+00 -8.973676200792049529e-03 1.440319582942454352e-02
7.131886477462437313e+00 4.218881847237057267e-03 1.447245910685989595e-02
7.158597662771285286e+00 1.953810094312947651e-02 1.454205620492214981e-02
7.185308848080134148e+00 1.753043123329560415e-02 1.461198873248999511e-02
7.212020033388982121e+00 2.054641276471555825e-02 1.468225830619625423e-02
7.238731218697830094e+00 4.306195175904957775e-04 1.475286655046525487e-02
7.265442404006678068e+00 2.353775683605133576e-02 1.482381509755039371e-02
7.292153589315526041e+00 4.038729324951867081e-03 1.489510558757185972e-02
7.318864774624374014e+00 -2.736955211555837202e-03 1.496673966855453786e-02
7.345575959933221988e+00 1.680116695033413016e-02 1.503871899646613483e-02
7.372287145242069961e+00 -2.163354603210859359e-02 1.511104523525542455e-02
7.398998330550918823e+00 4.466012803584542765e-03 1.518372005689075203e-02
7.425709515859766796e+00 -4.494451054413914348e-04 1.525674514139864664e-02
7.452420701168614769e+00 2.122857389813998918e-03 1.533012217690269373e-02
7.479131886477462743e+00 7.273855320453304595e-03 1.540385285966252432e-02
7.505843071786310716e+00 1.058819007937933376e-02 1.547793889411306668e-02
7.532554257095158690e+00 1.674260424128048118e-03 1.555238199290391761e-02
7.559265442404006663e+00 2.071098726590393097e-02 1.562718387693893748e-02
7.585976627712854636e+00 7.280701314374098468e-03 1.570234627541604311e-02
7.612687813021703498e+00 -1.448113019138987448e-02 1.577787092586719481e-02
7.639398998330551471e+00 1.918602056745452589e-02 1.585375957419850323e-02
7.666110183639399445e+00 -3.976442843752486453e-03 1.593001397473067099e-02
7.692821368948247418e+00 -1.628884991233407048e-02 1.600663589023949840e-02
7.719532554257095391e+00 1.775670841313136544e-02 1.608362709199662177e-02
7.746243739565943365e+00 2.884966575909876305e-03 1.616098935981051185e-02
7.772954924874791338e+00 -4.549141692676815681e-03 1.623872448206757288e-02
7.799666110183639312e+00 -1.232503597810730503e-02 1.631683425577349147e-02
7.826377295492487285e+00 -1.638812249454111789e-02 1.639532048659479366e-02
7.853088480801336146e+00 3.471340879511467664e-02 1.647418498890059271e-02
7.879799666110184120e+00 9.727154521908729784e-03 1.655342958580447929e-02
7.906510851419032093e+00 2.808933149579689176e-02 1.663305610920674804e-02
7.933222036727880067e+00 -3.648147714650764803e-04 1.671306639983667630e-02
7.959933222036728040e+00 -1.962439910825663873e-03 1.679346230729511155e-02
7.986644407345576013e+00 7.419111633820301734e-03 1.687424569009721501e-02
8.013355592654423987e+00 2.889167780584887477e-02 1.695541841571543765e-02
8.040066777963271960e+00 -2.745179973353587682e-02 1.703698236062267321e-02
8.066777963272119933e+00 1.606682786421579842e-02 1.711893941033565056e-02
8.093489148580967907e+00 1.251862832015581718e-03 1.720129145945852381e-02
8.120200333889815880e+00 2.192773923606566519e-02 1.728404041172664635e-02
8.146911519198663854e+00 -1.584100097304035754e-02 1.736718818005061546e-02
8.173622704507513603e+00 -1.304292069459998468e-02 1.745073668656046614e-02
8.200333889816361577e+00 -2.173413365554736562e-02 1.753468786265010085e-02
8.227045075125209550e+00 4.112814178694738920e-02 1.761904364902196207e-02
8.253756260434057523e+00 -7.565778030751806049e-04 1.770380599573188538e-02
8.280467445742905497e+00 4.585981032100984456e-03 1.778897686223417096e-02
8.307178631051753470e+00 -1.329188195702996414e-02 1.787455821742688772e-02
8.333889816360601444e+00 2.501540166062952292e-02 1.796055203969738542e-02
8.360601001669449417e+00 -1.519543514331405526e-03 1.804696031696803940e-02
8.387312186978297390e+00 2.435233542471160889e-02 1.813378504674217906e-02
8.414023372287145364e+00 -2.042903769047732521e-02 1.822102823615030440e-02
8.440734557595993337e+00 -8.264290569008262907e-03 1.830869190199643087e-02
8.467445742904841310e+00 1.263229614732188158e-02 1.839677807080477429e-02
8.494156928213689284e+00 2.727279273020522671e-02 1.848528877886655361e-02
8.520868113522537257e+00 7.479329851119612127e-03 1.857422607228707834e-02
8.547579298831385231e+00 -7.845647200914617272e-03 1.866359200703304397e-02
8.574290484140233204e+00 2.279214343570857421e-03 1.875338864898007385e-02
8.601001669449081177e+00 2.819649010587702703e-02 1.884361807396045183e-02
8.627712854757930927e+00 2.268986539478295289e-02 1.893428236781113938e-02
8.654424040066778900e+00 1.371840775993834506e-02 1.902538362642195585e-02
8.681135225375626874e+00 -3.536590359348884896e-03 1.911692395578407436e-02
8.707846410684474847e+00 -6.973100281380711571e-03 1.920890547203866344e-02
8.734557595993322821e+00 3.213746036381642801e-02 1.930133030152583751e-02
8.761268781302170794e+00 -1.896208061627669555e-02 1.939420058083380152e-02
8.787979966611018767e+00 3.451513521880829327e-02 1.948751845684822473e-02
8.814691151919866741e+00 1.739792899724510594e-02 1.958128608680190230e-02
8.841402337228714714e+00 2.287072891425598331e-02 1.967550563832460436e-02
8.868113522537562687e+00 1.396048177751565630e-02 1.977017928949317827e-02
8.894824707846410661e+00 8.865357048327519862e-04 1.986530922888192149e-02
8.921535893155258634e+00 1.769240591972319476e-02 1.996089765561315926e-02
8.948247078464106607e+00 2.070724412188982427e-02 2.005694677940808232e-02
8.974958263772954581e+00 1.918771134811986592e-02 2.015345882063784150e-02
9.001669449081802554e+00 3.151335245575615299e-03 2.025043601037485735e-02
9.028380634390650528e+00 -3.112614506424111332e-02 2.034788059044440392e-02
9.055091819699500277e+00 -7.484960720727336023e-03 2.044579481347645611e-02
9.081803005008348251e+00 -2.131057925864853972e-03 2.054418094295771061e-02
9.108514190317196224e+00 4.274709898719610685e-03 2.064304125328396411e-02
9.135225375626044197e+00 2.853128082201085436e-02 2.074237802981266851e-02
9.161936560934892171e+00 2.116184413131048936e-02 2.084219356891574629e-02
9.188647746243740144e+00 3.467307627021151348e-03 2.094249017803272161e-02
9.215358931552588118e+00 6.849956816823091731e-03 2.104327017572399719e-02
9.242070116861436091e+00 -3.595888557999385449e-02 2.114453589172451964e-02
9.268781302170284064e+00 8.945649964739930265e-03 2.124628966699757676e-02
9.295492487479132038e+00 -1.603729687864997172e-02 2.134853385378895907e-02
9.322203672787980011e+00 2.677663015528094700e-02 2.145127081568131214e-02
9.348914858096827984e+00 -1.604316362692568762e-02 2.155450292764877346e-02
9.375626043405675958e+00 4.321139936779758162e-02 2.165823257611190072e-02
9.402337228714523931e+00 2.505551699936473670e-02 2.176246215899280828e-02
9.429048414023371905e+00 2.762872504782703381e-02 2.186719408577060889e-02
9.455759599332219878e+00 -2.008734093654966635e-02 2.197243077753713650e-02
9.482470784641067851e+00 2.628345242669449799e-02 2.207817466705287723e-02
9.509181969949917601e+00 6.846783763765212916e-04 2.218442819880324379e-02
9.535893155258765574e+00 9.304154941058776287e-03 2.229119382905503724e-02
9.562604340567613548e+00 3.419272890067368009e-02 2.239847402591328696e-02
9.589315525876461521e+00 1.905669454890611750e-02 2.250627126937827446e-02
9.616026711185309495e+00 2.816310227224182172e-02 2.261458805140285563e-02
9.642737896494157468e+00 -5.796537023662848634e-03 2.272342687595008473e-02
9.669449081803005441e+00 3.023182103977297558e-02 2.283279025905109866e-02
9.696160267111853415e+00 1.702058554504151319e-02 2.294268072886325102e-02
9.722871452420701388e+00 1.691421542571394307e-02 2.305310082572860700e-02
9.749582637729549361e+00 8.577907281426407071e-02 2.316405310223262903e-02
9.776293823038397335e+00 1.888926826886085097e-02 2.327554012326318172e-02
9.803005008347245308e+00 -4.614452426039759858e-02 2.338756446606986630e-02
9.829716193656093282e+00 1.488677023748613028e-02 2.350012872032353900e-02
9.856427378964941255e+00 -7.010803178374470923e-04 2.361323548817623533e-02
9.883138564273789228e+00 5.770250661982948004e-02 2.372688738432128866e-02
9.909849749582637202e+00 -1.497136206285897692e-02 2.384108703605377841e-02
9.936560934891486951e+00 -1.604213407635740607e-02 2.395583708333128697e-02
9.963272120200334925e+00 2.609983513169252672e-02 2.407114017883487875e-02
9.989983305509182898e+00 1.149558173949716440e-02 2.418699898803048504e-02
1.001669449081803087e+01 1.310393984177246618e-02 2.430341618923048327e-02
1.004340567612687884e+01 1.169225539041005360e-02 2.442039447365560931e-02
1.007011686143572682e+01 6.051196273181008722e-02 2.453793654549719233e-02
1.009682804674457479e+01 8.663563232364113187e-03 2.465604512197965004e-02
1.012353923205342277e+01 3.596881539323663543e-03 2.477472293342330642e-02
1.015025041736227074e+01 -1.183507638623557470e-02 2.489397272330752531e-02
1.017696160267111871e+01 1.765720668276556798e-02 2.501379724833409715e-02
1.020367278797996669e+01 -1.626385310202029671e-02 2.513419927849099705e-02
1.023038397328881466e+01 4.343880789031091816e-02 2.525518159711641689e-02
1.025709515859766263e+01 -3.109232439846470325e-02 2.537674700096307148e-02
1.028380634390651061e+01 2.055289586405030511e-03 2.549889830026290036e-02
1.031051752921535858e+01 1.196751016091097963e-02 2.562163831879201575e-02
1.033722871452420655e+01 3.757919785764664289e-02 2.574496989393594906e-02
1.036393989983305453e+01 3.995732300751821120e-02 2.586889587675528582e-02
1.039065108514190428e+01 -9.765941074391340515e-03 2.599341913205156090e-02
1.041736227045075225e+01 1.906197638693036406e-02 2.611854253843345214e-02
1.044407345575960022e+01 3.136473690564081651e-02 2.624426898838337283e-02
1.047078464106844820e+01 8.808193810824274661e-04 2.637060138832431760e-02
1.049749582637729617e+01 4.950109478061967550e-02 2.649754265868704828e-02
1.052420701168614414e+01 1.826919290043675648e-02 2.662509573397759885e-02
1.055091819699499212e+01 -1.291079144241914778e-02 2.675326356284512402e-02
1.057762938230384009e+01 4.256452048791168133e-03 2.688204910815007037e-02
1.060434056761268806e+01 5.464800284719403822e-02 2.701145534703263892e-02
1.063105175292153604e+01 7.502003747241203085e-03 2.714148527098164329e-02
1.065776293823038401e+01 3.014104254490560658e-02 2.727214188590363492e-02
1.068447412353923198e+01 6.686829710974223628e-02 2.740342821219240652e-02
1.071118530884807996e+01 1.921557148813582069e-02 2.753534728479883203e-02
1.073789649415692793e+01 9.902219088803877745e-03 2.766790215330097377e-02
1.076460767946577590e+01 3.075194472937224643e-02 2.780109588197463011e-02
1.079131886477462388e+01 1.499386273472761225e-02 2.793493154986415733e-02
1.081803005008347363e+01 3.273294136454791420e-02 2.806941225085362798e-02
1.084474123539232160e+01 -3.375904935315890421e-02 2.820454109373838128e-02
1.087145242070116957e+01 3.080966440138048490e-02 2.834032120229686494e-02
1.089816360601001755e+01 -1.317931968416310301e-02 2.847675571536287947e-02
1.092487479131886552e+01 2.464203989102135145e-02 2.861384778689809311e-02
1.095158597662771349e+01 -2.298151821634329683e-02 2.875160058606499730e-02
1.097829716193656147e+01 1.375112049832187544e-02 2.889001729730014331e-02
1.100500834724540944e+01 5.899126243956828719e-02 2.902910112038775345e-02
1.103171953255425741e+01 3.805783087741810428e-02 2.916885527053371743e-02
1.105843071786310539e+01 2.437650418641027286e-02 2.930928297843988714e-02
1.108514190317195336e+01 1.993834144336446845e-02 2.945038749037876685e-02
1.111185308848080133e+01 4.520902384324711198e-02 2.959217206826858862e-02
1.113856427378964931e+01 -1.195791762053243987e-02 2.973463998974865824e-02
1.116527545909849728e+01 3.868323947646873373e-02 2.987779454825521125e-02
1.119198664440734525e+01 5.881836301219457719e-02 3.002163905309744932e-02
1.121869782971619323e+01 9.879827783694011475e-03 3.016617682953410054e-02
1.124540901502504120e+01 -3.581801979330576091e-02 3.031141121885030584e-02
1.127212020033389095e+01 4.669375312721583265e-02 3.045734557843481766e-02
1.129883138564273892e+01 -8.085386575485582761e-03 3.060398328185757327e-02
1.132554257095158690e+01 1.558475271840019209e-02 3.075132771894782679e-02
1.135225375626043487e+01 6.176286987066574585e-02 3.089938229587236435e-02
1.137896494156928284e+01 -1.669100178843354459e-02 3.104815043521429521e-02
1.140567612687813082e+01 2.693491072464075653e-02 3.119763557605222462e-02
1.143238731218697879e+01 2.933495663046962326e-02 3.134784117403966591e-02
1.145909849749582676e+01 4.281030117022517623e-02 3.149877070148496272e-02
1.148580968280467474e+01 -2.432771756971644286e-02 3.165042764743160320e-02
1.151252086811352271e+01 3.231653610659633580e-02 3.180281551773880833e-02
1.153923205342237068e+01 -1.128549588831290196e-02 3.195593783516259556e-02
1.156594323873121866e+01 -2.857924369142610110e-03 3.210979813943724837e-02
1.159265442404006663e+01 7.934066451487620242e-02 3.226439998735710496e-02
1.161936560934891460e+01 4.030353325581242929e-02 3.241974695285878422e-02
1.164607679465776258e+01 -2.392917142102294129e-02 3.257584262710385564e-02
1.167278797996661055e+01 2.570261203327335944e-02 3.273269061856176609e-02
1.169949916527546030e+01 1.453678791115267654e-02 3.289029455309335631e-02
1.172621035058430827e+01 2.870298771814458472e-02 3.304865807403458561e-02
1.175292153589315625e+01 3.494985946239731467e-02 3.320778484228081168e-02
1.177963272120200422e+01 4.018669412108785699e-02 3.336767853637143816e-02
1.180634390651085219e+01 5.352695735339041416e-02 3.352834285257490221e-02
1.183305509181970017e+01 1.932092824172571693e-02 3.368978150497412699e-02
1.185976627712854814e+01 3.058689848985084170e-02 3.385199822555239740e-02
1.188647746243739611e+01 -2.911554476126395480e-03 3.401499676427967300e-02
1.191318864774624409e+01 -5.125870375028229731e-02 3.417878088919918539e-02
1.193989983305509206e+01 3.449594960887206879e-02 3.434335438651456990e-02
1.196661101836394003e+01 3.730930872608681503e-02 3.450872106067748996e-02
1.199332220367278801e+01 3.688108505142253385e-03 3.467488473447544878e-02
1.202003338898163598e+01 -2.657808836630969063e-02 3.484184924912021863e-02
1.204674457429048395e+01 3.732663893016181095e-02 3.500961846433668645e-02
1.207345575959933193e+01 -4.045831944373648459e-02 3.517819625845198389e-02
1.210016694490817990e+01 -5.507724710888874109e-03 3.534758652848519339e-02
1.212687813021702787e+01 9.983818565901843300e-02 3.551779319023749132e-02
1.215358931552587762e+01 4.989300249895964323e-02 3.568882017838253401e-02
1.218030050083472560e+01 4.220947762003235404e-02 3.586067144655753075e-02
1.220701168614357357e+01 3.471432942922512976e-02 3.603335096745461513e-02
1.223372287145242154e+01 2.679069025933480258e-02 3.620686273291262580e-02
1.226043405676126952e+01 -1.968596590884566511e-02 3.638121075400949089e-02
1.228714524207011749e+01 -1.283938054549362690e-02 3.655639906115483451e-02
1.231385642737896546e+01 4.700108211025169624e-02 3.673243170418322850e-02
1.234056761268781344e+01 5.017216541718963474e-02 3.690931275244780513e-02
1.236727879799666141e+01 7.147245618248194987e-02 3.708704629491428595e-02
1.239398998330550938e+01 -3.362942962798516622e-02 3.726563644025553818e-02
1.242070116861435736e+01 5.085019457673937981e-02 3.744508731694655423e-02
1.244741235392320533e+01 2.990212053276047888e-02 3.762540307335988932e-02
1.247412353923205330e+01 2.600561291791380139e-02 3.780658787786154301e-02
1.250083472454090128e+01 6.131055063190970350e-02 3.798864591890733361e-02
1.252754590984974925e+01 1.471911799519543679e-03 3.817158140513973730e-02
1.255425709515859722e+01 1.177663486643928600e-02 3.835539856548513676e-02
1.258096828046744697e+01 -2.943469764634926503e-02 3.854010164925163184e-02
1.260767946577629495e+01 4.404711377910076192e-02 3.872569492622723181e-02
1.263439065108514292e+01 2.494004841937098177e-02 3.891218268677857500e-02
1.266110183639399089e+01 2.946723571170937334e-02 3.909956924195012035e-02
1.268781302170283887e+01 8.147721991803083541e-02 3.928785892356380371e-02
1.271452420701168684e+01 1.760798697393040069e-03 3.947705608431911761e-02
1.274123539232053481e+01 1.188558464411996474e-01 3.966716509789386391e-02
1.276794657762938279e+01 5.110474440061299473e-02 3.985819035904511476e-02
1.279465776293823076e+01 2.865898369075620816e-02 4.005013628371087431e-02
1.282136894824707873e+01 -2.961782687756191190e-02 4.024300730911221230e-02
1.284808013355592671e+01 5.240414393527065284e-02 4.043680789385573765e-02
1.287479131886477468e+01 4.947715819931598064e-02 4.063154251803670347e-02
1.290150250417362265e+01 5.190088431257741663e-02 4.082721568334266721e-02
1.292821368948247063e+01 2.152986648718098819e-02 4.102383191315739364e-02
1.295492487479131860e+01 -1.784173232329062941e-02 4.122139575266551420e-02
1.298163606010016657e+01 -1.032185149751874836e-02 4.141991176895765819e-02
1.300834724540901455e+01 4.156222655328514759e-02 4.161938455113587537e-02
1.303505843071786430e+01 -2.286045896447748416e-02 4.181981871041985654e-02
1.306176961602671227e+01 5.754840259444292394e-02 4.202121888025346641e-02
1.308848080133556024e+01 1.331811734219119810e-02 4.222358971641187314e-02
1.311519198664440822e+01 7.186443809640270797e-02 4.242693589710917063e-02
1.314190317195325619e+01 3.536536981351481868e-02 4.263126212310654889e-02
1.316861435726210416e+01 3.212538741498553729e-02 4.283657311782092247e-02
1.319532554257095214e+01 4.055316691937827997e-03 4.304287362743411394e-02
1.322203672787980011e+01 1.773778513294382853e-03 4.325016842100268266e-02
1.324874791318864808e+01 -3.384216915838036965e-02 4.345846229056800347e-02
1.327545909849749606e+01 3.214124680700741060e-03 4.366776005126714322e-02
1.330217028380634403e+01 1.599058026000476501e-03 4.387806654144420920e-02
1.332888146911519200e+01 -3.983378974103914810e-03 4.408938662276208620e-02
1.335559265442403998e+01 4.973461211068110066e-02 4.430172518031488815e-02
1.338230383973288795e+01 1.855983317837710950e-02 4.451508712274093726e-02
1.340901502504173592e+01 -6.754363858219265826e-02 4.472947738233611775e-02
1.343572621035058390e+01 2.224679358227860809e-03 4.494490091516797209e-02
1.346243739565943365e+01 4.362428991584825499e-02 4.516136270119032459e-02
1.348914858096828162e+01 8.173106408506555787e-02 4.537886774435822418e-02
1.351585976627712959e+01 9.531032066501353081e-03 4.559742107274379619e-02
1.354257095158597757e+01 -1.183164847402735920e-02 4.581702773865244799e-02
1.356928213689482554e+01 2.054267357796756704e-02 4.603769281873958119e-02
1.359599332220367351e+01 3.387160306340963184e-02 4.625942141412796998e-02
1.362270450751252149e+01 9.884243840653494928e-02 4.648221865052580559e-02
1.364941569282136946e+01 6.338732798267182611e-02 4.670608967834501135e-02
1.367612687813021743e+01 4.801151432143010295e-02 4.693103967282038352e-02
1.370283806343906541e+01 8.429408871765969868e-02 4.715707383412931497e-02
1.372954924874791338e+01 4.945916498388104598e-02 4.738419738751183108e-02
1.375626043405676135e+01 -1.267169302359171662e-02 4.761241558339150692e-02
1.378297161936560933e+01 4.390146747648403236e-02 4.784173369749682853e-02
1.380968280467445730e+01 -2.446908232974065803e-02 4.807215703098311615e-02
1.383639398998330527e+01 5.149589374488235116e-03 4.830369091055505826e-02
1.386310517529215325e+01 5.667244737644989983e-02 4.853634068858994621e-02
1.388981636060100122e+01 2.734805189265738373e-03 4.877011174326127685e-02
1.391652754590985097e+01 6.095785319709147443e-03 4.900500947866315987e-02
1.394323873121869894e+01 -3.237940667743319234e-02 4.924103932493524571e-02
1.396994991652754692e+01 4.023668553650274274e-03 4.947820673838815991e-02
1.399666110183639489e+01 3.681106629034388428e-02 4.971651720162983262e-02
1.402337228714524286e+01 5.706735205361296998e-02 4.995597622369202934e-02
1.405008347245409084e+01 -2.830200863882875034e-02 5.019658934015779062e-02
1.407679465776293881e+01 -4.882198126520041759e-02 5.043836211328942692e-02
1.410350584307178679e+01 -8.902345121446903625e-03 5.068130013215709634e-02
1.413021702838063476e+01 8.599113643351323846e-03 5.092540901276795817e-02
1.415692821368948273e+01 -6.843984508021597885e-03 5.117069439819598581e-02
1.418363939899833071e+01 3.763418448835849361e-02 5.141716195871255668e-02
1.421035058430717868e+01 -3.161718705656331452e-02 5.166481739191734757e-02
1.423706176961602665e+01 2.942218703521613798e-02 5.191366642287013888e-02
1.426377295492487463e+01 2.046862320248796913e-02 5.216371480422322959e-02
1.429048414023372260e+01 4.175437266183099072e-02 5.241496831635426151e-02
1.431719532554257057e+01 2.545315700898269362e-02 5.266743276749993874e-02
1.434390651085142032e+01 6.353765970932279822e-03 5.292111399389038545e-02
1.437061769616026830e+01 2.896240880338711576e-02 5.317601785988380209e-02
1.439732888146911627e+01 1.025915826250911426e-02 5.343215025810233582e-02
1.442404006677796424e+01 -3.655099270867857159e-02 5.368951710956807594e-02
1.445075125208681222e+01 7.403476246189108489e-02 5.394812436384003457e-02
1.447746243739566019e+01 2.212772472705783894e-02 5.420797799915169635e-02
1.450417362270450816e+01 3.731339974419359273e-02 5.446908402254914405e-02
1.453088480801335614e+01 6.548192492616580762e-02 5.473144847002993363e-02
1.455759599332220411e+01 9.667331918067624541e-02 5.499507740668275330e-02
1.458430717863105208e+01 8.237229203970049263e-02 5.525997692682745044e-02
1.461101836393990006e+01 9.628988410984179458e-02 5.552615315415602298e-02
1.463772954924874803e+01 1.376460473235372461e-01 5.579361224187412427e-02
1.466444073455759600e+01 4.771035768383947995e-02 5.606236037284342832e-02
1.469115191986644398e+01 -5.545692558598154520e-02 5.633240375972437680e-02
1.471786310517529195e+01 -7.510669662898462884e-03 5.660374864511991816e-02
1.474457429048413992e+01 1.027392226950317455e-02 5.687640130171982972e-02
1.477128547579298790e+01 3.244296739383530082e-02 5.715036803244563646e-02
1.479799666110183765e+01 1.178607850329232466e-02 5.742565517059636249e-02
1.482470784641068562e+01 6.153869060358817950e-02 5.770226907999497640e-02
1.485141903171953359e+01 -8.819595206208943883e-02 5.798021615513541949e-02
1.487813021702838157e+01 -5.662809114625962092e-02 5.825950282133052910e-02
1.490484140233722954e+01 1.225973288067378347e-01 5.854013553486048932e-02
1.493155258764607751e+01 6.228408304864476927e-03 5.882212078312206577e-02
1.495826377295492549e+01 -3.717160385498222835e-02 5.910546508477873551e-02
1.498497495826377346e+01 -1.237373639574241152e-01 5.939017498991115002e-02
1.501168614357262143e+01 5.635636604193057508e-02 5.967625708016869451e-02
1.503839732888146941e+01 3.492578204013489784e-02 5.996371796892167177e-02
1.506510851419031738e+01 5.883660731949342040e-03 6.025256430141404107e-02
1.509181969949916535e+01 6.424897926939190929e-02 6.054280275491712854e-02
1.511853088480801333e+01 1.561086488760405136e-03 6.083444003888403145e-02
1.514524207011686130e+01 5.046861737642044377e-02 6.112748289510461230e-02
1.517195325542570927e+01 1.425441838337447864e-01 6.142193809786137410e-02
1.519866444073455725e+01 1.524815002231186545e-01 6.171781245408617528e-02
1.522537562604340700e+01 8.511608851678167942e-02 6.201511280351743732e-02
1.525208681135225497e+01 4.129901023639163254e-02 6.231384601885826824e-02
1.527879799666110294e+01 8.660938153560800157e-02 6.261401900593550895e-02
1.530550918196995092e+01 7.751476134986931554e-02 6.291563870385916135e-02
1.533222036727879889e+01 7.356767200486255542e-02 6.321871208518292651e-02
1.535893155258764686e+01 6.410169337206260420e-02 6.352324615606541602e-02
1.538564273789649484e+01 -2.260555841629388607e-03 6.382924795643195315e-02
1.541235392320534281e+01 1.084794572516390165e-01 6.413672456013745637e-02
1.543906510851419078e+01 2.019333723850832638e-02 6.444568307512998917e-02
1.546577629382303876e+01 -4.544327264015493584e-02 6.475613064361493421e-02
1.549248747913188673e+01 6.574755697291397027e-02 6.506807444222018066e-02
1.551919866444073470e+01 2.498766898745042458e-02 6.538152168216210258e-02
1.554590984974958268e+01 9.645555928278516655e-02 6.569647960941209230e-02
1.557262103505843065e+01 6.949774623730242684e-02 6.601295550486419028e-02
1.559933222036727862e+01 4.613312379736499852e-02 6.633095668450342264e-02
1.562604340567612660e+01 1.075789039149768755e-01 6.665049049957477711e-02
1.565275459098497457e+01 1.759648002059334415e-01 6.697156433675321985e-02
1.567946577629382432e+01 1.380494607106494062e-02 6.729418561831461421e-02
1.570617696160267229e+01 6.918108129779330928e-02 6.761836180230698656e-02
1.573288814691152027e+01 -3.599185224370060610e-02 6.794410038272312435e-02
1.575959933222036824e+01 2.910243318193185200e-03 6.827140888967390964e-02
1.578631051752921621e+01 5.573755983576973022e-04 6.860029488956216615e-02
1.581302170283806419e+01 5.117528866634572793e-02 6.893076598525767207e-02
1.583973288814691216e+01 1.612441556786861629e-02 6.926282981627301938e-02
1.586644407345576013e+01 -2.023054839651622361e-02 6.959649405894004215e-02
1.589315525876460811e+01 8.126293076203892907e-02 6.993176642658734121e-02
1.591986644407345608e+01 -1.375658071842669750e-01 7.026865466971868313e-02
1.594657762938230405e+01 -7.957963389521197084e-02 7.060716657619200975e-02
1.597328881469115203e+01 5.822238305807728859e-02 7.094730997139954420e-02
1.600000000000000000e+01 -1.188423920849217448e-02 7.128909271844878492e-02
