0.000000000000000000e+00 3.048542263954502896e-01 4.031999999999999994e-03
2.671118530884808093e-02 2.993605522257773988e-01 4.051278361594249505e-03
5.342237061769616185e-02 2.965635192531242414e-01 4.070649636994939403e-03
8.013355592654423931e-02 2.969141231378126244e-01 4.090114274008556892e-03
1.068447412353923237e-01 3.016739972157558292e-01 4.109672722599837583e-03
1.335559265442403942e-01 2.998460479760162167e-01 4.129325434902159087e-03
1.602671118530884786e-01 2.959568265687588240e-01 4.149072865227999667e-03
1.869782971619365630e-01 2.923612123330658341e-01 4.168915470079434180e-03
2.136894824707846474e-01 2.958995405949918500e-01 4.188853708158693338e-03
2.404006677796327318e-01 2.897338732350657753e-01 4.208888040378763740e-03
2.671118530884807885e-01 2.812697801932129149e-01 4.229018929874042536e-03
2.938230383973288729e-01 2.835101008090966102e-01 4.249246842011048485e-03
3.205342237061769572e-01 2.834119587753313740e-01 4.269572244399172031e-03
3.472454090150250416e-01 2.752017786171657154e-01 4.289995606901493043e-03
3.739565943238731260e-01 2.901261240123661489e-01 4.310517401645636709e-03
4.006677796327212104e-01 2.807270021625044576e-01 4.331138103034690157e-03
4.273789649415692948e-01 2.799771253652614811e-01 4.351858187758170238e-03
4.540901502504173792e-01 2.632798877008386551e-01 4.372678134803040760e-03
4.808013355592654636e-01 2.759906397399782829e-01 4.393598425464786961e-03
5.075125208681134925e-01 2.747576350593144423e-01 4.414619543358541155e-03
5.342237061769615769e-01 2.692156385032832833e-01 4.435741974430263898e-03
5.609348914858096613e-01 2.663453300374984956e-01 4.456966206967973715e-03
5.876460767946577457e-01 2.678116058442271408e-01 4.478292731613040152e-03
6.143572621035058301e-01 2.701940474789648605e-01 4.499722041371520195e-03
6.410684474123539145e-01 2.661889685677004680e-01 4.521254631625559739e-03
6.677796327212019989e-01 2.705479803602255373e-01 4.542891000144844496e-03
6.944908180300500833e-01 2.709421460588210540e-01 4.564631647098103817e-03
7.212020033388981677e-01 2.604867430871129486e-01 4.586477075064677826e-03
7.479131886477462521e-01 2.637107256773371655e-01 4.608427789046132261e-03
7.746243739565943365e-01 2.630303096516606876e-01 4.630484296477933165e-03
8.013355592654424209e-01 2.645139550961509989e-01 4.652647107241177950e-03
8.280467445742905053e-01 2.600079048213102539e-01 4.674916733674381979e-03
8.547579298831385897e-01 2.447223063717070823e-01 4.697293690585324123e-03
8.814691151919866741e-01 2.486758078079449041e-01 4.719778495262943498e-03
9.081803005008347585e-01 2.561645972043736230e-01 4.742371667489299510e-03
9.348914858096828429e-01 2.616590295360395890e-01 4.765073729551590892e-03
9.616026711185309273e-01 2.561011553074912794e-01 4.787885206254226776e-03
9.883138564273790116e-01 2.442796889075618538e-01 4.810806624930953276e-03
1.015025041736226985e+00 2.424630225069899503e-01 4.833838515457057269e-03
1.041736227045075180e+00 2.466731596260004489e-01 4.856981410261601399e-03
1.068447412353923154e+00 2.349466094362030189e-01 4.880235844339740614e-03
1.095158597662771349e+00 2.468590067879647687e-01 4.903602355265086407e-03
1.121869782971619323e+00 2.391723241738846484e-01 4.927081483202135244e-03
1.148580968280467518e+00 2.344178990353451841e-01 4.950673770918757703e-03
1.175292153589315491e+00 2.302126581968518271e-01 4.974379763798737926e-03
1.202003338898163687e+00 2.299850489154131594e-01 4.998200009854391127e-03
1.228714524207011660e+00 2.291873839995762219e-01 5.022135059739225339e-03
1.255425709515859856e+00 2.390964809568464633e-01 5.046185466760675156e-03
1.282136894824707829e+00 2.248462561286746209e-01 5.070351786892885772e-03
1.308848080133556024e+00 2.159300570391298468e-01 5.094634578789574222e-03
1.335559265442403998e+00 2.300765193331313629e-01 5.119034403796938332e-03
1.362270450751252193e+00 2.145506847443250653e-01 5.143551825966634176e-03
1.388981636060100167e+00 2.278150741140971269e-01 5.168187412068816870e-03
1.415692821368948362e+00 2.211124615874714705e-01 5.192941731605242063e-03
1.442404006677796335e+00 2.247793071642611162e-01 5.217815356822425553e-03
1.469115191986644531e+00 2.223747393153090446e-01 5.242808862724884431e-03
1.495826377295492504e+00 2.146475280846237010e-01 5.267922827088417255e-03
1.522537562604340700e+00 2.143087462807742871e-01 5.293157830473465761e-03
1.549248747913188673e+00 2.110102669540174780e-01 5.318514456238537282e-03
1.575959933222036868e+00 2.084896365900217874e-01 5.343993290553686153e-03
1.602671118530884842e+00 2.062503831014215472e-01 5.369594922414066239e-03
1.629382303839733037e+00 2.012916589937509826e-01 5.395319943653548514e-03
1.656093489148581011e+00 1.965839016045942689e-01 5.421168948958399354e-03
1.682804674457429206e+00 2.031929074701058491e-01 5.447142535881029958e-03
1.709515859766277179e+00 1.893136944265234878e-01 5.473241304853809081e-03
1.736227045075125153e+00 1.927594296308524080e-01 5.499465859202943424e-03
1.762938230383973348e+00 1.947728074632383011e-01 5.525816805162425682e-03
1.789649415692821321e+00 1.859625895411050611e-01 5.552294751888046768e-03
1.816360601001669517e+00 1.788069692103968211e-01 5.578900311471480904e-03
1.843071786310517490e+00 1.900476950807221677e-01 5.605634098954431419e-03
1.869782971619365686e+00 1.829348369380165984e-01 5.632496732342852017e-03
1.896494156928213659e+00 1.844725903199783967e-01 5.659488832621232222e-03
1.923205342237061855e+00 1.895863520875565034e-01 5.686611023766950483e-03
1.949916527545909828e+00 1.745764284061731564e-01 5.713863932764702731e-03
1.976627712854758023e+00 1.792162896096821112e-01 5.741248189620993397e-03
2.003338898163605997e+00 1.792618921034007384e-01 5.768764427378700148e-03
2.030050083472453970e+00 1.704770378726027380e-01 5.796413282131708880e-03
2.056761268781302388e+00 1.678005021594543567e-01 5.824195393039616371e-03
2.083472454090150361e+00 1.673014084692141246e-01 5.852111402342507519e-03
2.110183639398998334e+00 1.803307833765850632e-01 5.880161955375801108e-03
2.136894824707846308e+00 1.652787470309615148e-01 5.908347700585167561e-03
2.163606010016694725e+00 1.717277263082862271e-01 5.936669289541523023e-03
2.190317195325542698e+00 1.628651370358277506e-01 5.965127376956083291e-03
2.217028380634390672e+00 1.696415649503945355e-01 5.993722620695508818e-03
2.243739565943238645e+00 1.611062265514369984e-01 6.022455681797104360e-03
2.270450751252087063e+00 1.603197581492733503e-01 6.051327224484107960e-03
2.297161936560935036e+00 1.557143297282541361e-01 6.080337916181036313e-03
2.323873121869783009e+00 1.609195104156769529e-01 6.109488427529122939e-03
2.350584307178630983e+00 1.502960610719743795e-01 6.138779432401816200e-03
2.377295492487479400e+00 1.533043725784466182e-01 6.168211607920358851e-03
2.404006677796327374e+00 1.561886134156820760e-01 6.197785634469438719e-03
2.430717863105175347e+00 1.509485037530337026e-01 6.227502195712920907e-03
2.457429048414023320e+00 1.423995425769635503e-01 6.257361978609651994e-03
2.484140233722871738e+00 1.509435755362185660e-01 6.287365673429334487e-03
2.510851419031719711e+00 1.463380366119646225e-01 6.317513973768490616e-03
2.537562604340567685e+00 1.442860993961147531e-01 6.347807576566495517e-03
2.564273789649415658e+00 1.341750238507218029e-01 6.378247182121682402e-03
2.590984974958263631e+00 1.234208898230069185e-01 6.408833494107539670e-03
2.617696160267112049e+00 1.413699848314275975e-01 6.439567219588971346e-03
2.644407345575960022e+00 1.458555349856932581e-01 6.470449069038645105e-03
2.671118530884807996e+00 1.257967270510468583e-01 6.501479756353417509e-03
2.697829716193655969e+00 1.267157103488704972e-01 6.532659998870832090e-03
2.724540901502504386e+00 1.269002454600593743e-01 6.563990517385709378e-03
2.751252086811352360e+00 1.266569932357048678e-01 6.595472036166801118e-03
2.777963272120200333e+00 1.416976545918071650e-01 6.627105282973543357e-03
2.804674457429048307e+00 1.219524501418161877e-01 6.658890989072870255e-03
2.831385642737896724e+00 1.269653504680598455e-01 6.690829889256126768e-03
2.858096828046744697e+00 1.185788370473951359e-01 6.722922721856045523e-03
2.884808013355592671e+00 1.206288019204911216e-01 6.755170228763825169e-03
2.911519198664440644e+00 1.192747943073646788e-01 6.787573155446275514e-03
2.938230383973289062e+00 1.121846600696950469e-01 6.820132250963050272e-03
2.964941569282137035e+00 1.174234352682220484e-01 6.852848267983963938e-03
2.991652754590985008e+00 1.069436682714921261e-01 6.885721962806390199e-03
3.018363939899832982e+00 1.107567652531892127e-01 6.918754095372748811e-03
3.045075125208681399e+00 1.146510098812889428e-01 6.951945429288067940e-03
3.071786310517529373e+00 1.081197200552292681e-01 6.985296731837639314e-03
3.098497495826377346e+00 9.374459729960771259e-02 7.018808774004759235e-03
3.125208681135225319e+00 1.117850101765330839e-01 7.052482330488543324e-03
3.151919866444073737e+00 1.097473870317386413e-01 7.086318179721844482e-03
3.178631051752921710e+00 9.370107586510076358e-02 7.120317103889235028e-03
3.205342237061769683e+00 9.940033302615426669e-02 7.154479888945105073e-03
3.232053422370617657e+00 1.052511532960735130e-01 7.188807324631819005e-03
3.258764607679466074e+00 9.028397152986229746e-02 7.223300204497975184e-03
3.285475792988314048e+00 8.570563282294391128e-02 7.257959325916754113e-03
3.312186978297162021e+00 8.016375114470800090e-02 7.292785490104345542e-03
3.338898163606009994e+00 9.287462206259784747e-02 7.327779502138471839e-03
3.365609348914858412e+00 9.148128289242528355e-02 7.362942170977008517e-03
3.392320534223706385e+00 8.643352743556717566e-02 7.398274309476664604e-03
3.419031719532554359e+00 9.156621930024422262e-02 7.433776734411794845e-03
3.445742904841402332e+00 8.056529757050850948e-02 7.469450266493268299e-03
3.472454090150250305e+00 9.101076875179611725e-02 7.505295730387444471e-03
3.499165275459098723e+00 7.843465600744842225e-02 7.541313954735237059e-03
3.525876460767946696e+00 8.744714042991333369e-02 7.577505772171269638e-03
3.552587646076794670e+00 9.030747340974074056e-02 7.613872019343123285e-03
3.579298831385642643e+00 7.724147525587907182e-02 7.650413536930677876e-03
3.606010016694491060e+00 7.468953891103785603e-02 7.687131169665547062e-03
3.632721202003339034e+00 7.474508969556827032e-02 7.724025766350602583e-03
3.659432387312187007e+00 7.746602516982262210e-02 7.761098179879600927e-03
3.686143572621034981e+00 6.210829877768835050e-02 7.798349267256894125e-03
3.712854757929883398e+00 7.292300451776131953e-02 7.835779889617247237e-03
3.739565943238731371e+00 5.893104413237306577e-02 7.873390912245741696e-03
3.766277128547579345e+00 6.844728140662144356e-02 7.911183204597774937e-03
3.792988313856427318e+00 7.438255769212889779e-02 7.949157640319167578e-03
3.819699499165275736e+00 7.629853789264715025e-02 7.987315097266356467e-03
3.846410684474123709e+00 5.599830913085476758e-02 8.025656457526678805e-03
3.873121869782971682e+00 7.589343407551064902e-02 8.064182607438781167e-03
3.899833055091819656e+00 5.353475250941345381e-02 8.102894437613092707e-03
3.926544240400668073e+00 6.228280630641740145e-02 8.141792842952425002e-03
3.953255425709516047e+00 4.867625778316600482e-02 8.180878722672646486e-03
3.979966611018364020e+00 5.747173574028494047e-02 8.220152980323488720e-03
4.006677796327211993e+00 5.547243054709630888e-02 8.259616523809416855e-03
4.033388981636059967e+00 4.123031218948741694e-02 8.299270265410621517e-03
4.060100166944907940e+00 6.442022018522927662e-02 8.339115121804114780e-03
4.086811352253756802e+00 5.256814148785604601e-02 8.379152014084916347e-03
4.113522537562604775e+00 5.426097560754357396e-02 8.419381867787340337e-03
4.140233722871452748e+00 6.840851626325758494e-02 8.459805612906403510e-03
4.166944908180300722e+00 5.351413714977824865e-02 8.500424183919316756e-03
4.193656093489148695e+00 4.394047887935380314e-02 8.541238519807087606e-03
4.220367278797996669e+00 4.619440110564840274e-02 8.582249564076228562e-03
4.247078464106844642e+00 8.170018899463329931e-02 8.623458264780560836e-03
4.273789649415692615e+00 3.946455171016381019e-02 8.664865574543146459e-03
4.300500834724540589e+00 4.643951533170725954e-02 8.706472450578294983e-03
4.327212020033389450e+00 4.100769751168820143e-02 8.748279854713696818e-03
4.353923205342237424e+00 4.652404047317854757e-02 8.790288753412658918e-03
4.380634390651085397e+00 4.365683115820682969e-02 8.832500117796442812e-03
4.407345575959933370e+00 5.020623786934454852e-02 8.874914923666720606e-03
4.434056761268781344e+00 2.941643533795757631e-02 8.917534151528128117e-03
4.460767946577629317e+00 4.150934883053732788e-02 8.960358786610932505e-03
4.487479131886477290e+00 4.598474557208422075e-02 9.003389818893800522e-03
4.514190317195325264e+00 4.320344651191477398e-02 9.046628243126703800e-03
4.540901502504174125e+00 4.330211143839871046e-02 9.090075058853886586e-03
4.567612687813022099e+00 4.677466674234900812e-02 9.133731270436996549e-03
4.594323873121870072e+00 3.055179411745188173e-02 9.177597887078290176e-03
4.621035058430718045e+00 2.915190395145629901e-02 9.221675922843964798e-03
4.647746243739566019e+00 5.052518740984689866e-02 9.265966396687603385e-03
4.674457429048413992e+00 2.598924119034195374e-02 9.310470332473725144e-03
4.701168614357261966e+00 3.999508784819046092e-02 9.355188759001462767e-03
4.727879799666109939e+00 3.390881816108949620e-02 9.400122710028329873e-03
4.754590984974958801e+00 4.043307781154787534e-02 9.445273224294139375e-03
4.781302170283806774e+00 4.823075634436497366e-02 9.490641345544989504e-03
4.808013355592654747e+00 3.074240766642215641e-02 9.536228122557425038e-03
4.834724540901502721e+00 1.545003681519035131e-02 9.582034609162648833e-03
4.861435726210350694e+00 2.156693750417893254e-02 9.628061864270906836e-03
4.888146911519198667e+00 1.762873015568576854e-02 9.674310951895958091e-03
4.914858096828046641e+00 2.895881995691643174e-02 9.720782941179669651e-03
4.941569282136894614e+00 2.634278409415208994e-02 9.767478906416732914e-03
4.968280467445743476e+00 4.257187807557911985e-02 9.814399927079506605e-03
4.994991652754591449e+00 4.139133105744344232e-02 9.861547087842956888e-03
5.021702838063439422e+00 -6.029334315427768015e-03 9.908921478609741471e-03
5.048414023372287396e+00 2.687199179869972226e-02 9.956524194535402994e-03
5.075125208681135369e+00 2.522841707159981239e-03 1.000435633605368559e-02
5.101836393989983343e+00 -5.265008086273621768e-04 1.005241900890197285e-02
5.128547579298831316e+00 4.016152861805035584e-02 1.010071332414684900e-02
5.155258764607679289e+00 2.314952084657829687e-02 1.014924039820978494e-02
5.181969949916527263e+00 3.988209007102465342e-02 1.019800135289294397e-02
5.208681135225376124e+00 7.781136642188407615e-03 1.024699731540511943e-02
5.235392320534224098e+00 2.248959631202781390e-02 1.029622941838778498e-02
5.262103505843072071e+00 2.754811475166679680e-02 1.034569879994128895e-02
5.288814691151920044e+00 1.676780874269630239e-02 1.039540660365115103e-02
5.315525876460768018e+00 2.494962639517024974e-02 1.044535397861450637e-02
5.342237061769615991e+00 3.355284994973862026e-03 1.049554207946666595e-02
5.368948247078463964e+00 3.263875909687052879e-02 1.054597206640781916e-02
5.395659432387311938e+00 1.284359884014543533e-02 1.059664510522983008e-02
5.422370617696160799e+00 1.656472645974900459e-02 1.064756236734321765e-02
5.449081803005008773e+00 1.802525768014614366e-02 1.069872502980420519e-02
5.475792988313856746e+00 3.587782737455325402e-03 1.075013427534195383e-02
5.502504173622704720e+00 -6.303520931992250692e-03 1.080179129238589483e-02
5.529215358931552693e+00 9.329818801350191204e-03 1.085369727509319891e-02
5.555926544240400666e+00 1.050319805163248479e-02 1.090585342337638784e-02
5.582637729549248640e+00 2.238841496688152854e-02 1.095826094293106401e-02
5.609348914858096613e+00 2.055875340929756365e-02 1.101092104526380129e-02
5.636060100166945475e+00 1.864056916853655196e-02 1.106383494772013310e-02
5.662771285475793448e+00 2.406032725062646691e-02 1.111700387351268783e-02
5.689482470784641421e+00 9.356113252919618511e-03 1.117042905174949613e-02
5.716193656093489395e+00 1.808888134580215190e-02 1.122411171746237786e-02
5.742904841402337368e+00 4.493948181347622896e-03 1.127805311163549568e-02
5.769616026711185341e+00 2.651508118293399718e-02 1.133225448123405601e-02
5.796327212020033315e+00 4.350541848939407791e-03 1.138671707923312459e-02
5.823038397328881288e+00 2.849724576809366250e-02 1.144144216464658935e-02
5.849749582637730150e+00 3.934369394315979235e-03 1.149643100255627257e-02
5.876460767946578123e+00 4.686012171830549605e-03 1.155168486414117311e-02
5.903171953255426097e+00 5.529371075837730132e-03 1.160720502670685439e-02
5.929883138564274070e+00 -1.557484679139667025e-02 1.166299277371496065e-02
5.956594323873122043e+00 1.598040569751802559e-02 1.171904939481290681e-02
5.983305509181970017e+00 -1.626272793896247140e-02 1.177537618586367053e-02
6.010016694490817990e+00 2.914614107710868096e-02 1.183197444897576486e-02
6.036727879799665963e+00 1.851884867599705095e-02 1.188884549253333041e-02
6.063439065108513937e+00 -1.186689034586053612e-02 1.194599063122638201e-02
6.090150250417362798e+00 1.314316943238340134e-03 1.200341118608120455e-02
6.116861435726210772e+00 -1.753609698193971979e-03 1.206110848449088238e-02
6.143572621035058745e+00 -2.998061068315921278e-03 1.211908386024600041e-02
6.170283806343906718e+00 9.049124798388730531e-03 1.217733865356545805e-02
6.196994991652754692e+00 4.600296622471624838e-03 1.223587421112747042e-02
6.223706176961602665e+00 -2.401200367898280452e-03 1.229469188610068410e-02
6.250417362270450639e+00 8.928228695089917774e-03 1.235379303817546459e-02
6.277128547579298612e+00 -2.748151537340776801e-03 1.241317903359532952e-02
6.303839732888147473e+00 -1.299376591152897123e-03 1.247285124518852754e-02
6.330550918196995447e+00 -2.262356083420066950e-03 1.253281105239978203e-02
6.357262103505843420e+00 1.663130299889892943e-02 1.259305984132216838e-02
6.383973288814691394e+00 1.422262854643532685e-02 1.265359900472917340e-02
6.410684474123539367e+00 -1.753821169542127412e-02 1.271442994210686926e-02
6.437395659432387340e+00 3.701289990584001946e-03 1.277555405968628863e-02
6.464106844741235314e+00 2.076693669392138623e-03 1.283697277047591429e-02
6.490818030050083287e+00 6.720608963992151172e-03 1.289868749429435094e-02
6.517529215358932149e+00 -1.118881276852496873e-02 1.296069965780315657e-02
6.544240400667780122e+00 3.684085065731475955e-03 1.302301069453980220e-02
6.570951585976628095e+00 -1.909972627223663864e-03 1.308562204495082593e-02
6.597662771285476069e+00 -1.468692384895305472e-03 1.314853515642513265e-02
6.624373956594324042e+00 -8.522578110802744855e-04 1.321175148332744652e-02
6.651085141903172016e+00 -4.400034087756508373e-03 1.327527248703192983e-02
6.677796327212019989e+00 1.570694889801306504e-02 1.333909963595597201e-02
6.704507512520867962e+00 -8.302546635001469000e-03 1.340323440559414159e-02
6.731218697829716824e+00 -1.834573342872464902e-02 1.346767827855227008e-02
6.757929883138564797e+00 5.799381711832826344e-03 1.353243274458175265e-02
6.784641068447412771e+00 1.051264132420598636e-02 1.359749930061397716e-02
6.811352253756260744e+00 -6.007131970008836898e-03 1.366287945079491979e-02
6.838063439065108717e+00 -4.443441582073625641e-03 1.372857470651993317e-02
6.864774624373956691e+00 2.632880746719319306e-02 1.379458658646866981e-02
6.891485809682804664e+00 3.389579075040095174e-02 1.386091661664019641e-02
6.918196994991652637e+00 1.575579430676018848e-03 1.392756633038827463e-02
6.944908180300500611e+00 2.039087645739299463e-03 1.399453726845680153e-02
6.971619365609349472e+00 6.373828240097186709e-03 1.406183097901542688e-02
6.998330550918197446e+00 -1.815088586824323280e-02 1.412944901769534224e-02
7.025041736227045419e+00 3.536824530099660913e-02 1.419739294762525049e-02
7.051752921535893393e+00 2.157246112510927821e-02 1.426566433946748792e-02
7.078464106844741366e+00 -7.761877846288671445e-03 1.433426477145434419e-02
7.105175292153589339e+00 1.245653761907373688e-02 1.440319582942454352e-02
7.131886477462437313e+00 1.614639176550227220e-02 1.447245910685989595e-02
7.158597662771285286e+00 -1.517450074741318392e-02 1.454205620492214981e-02
7.185308848080134148e+00 -9.344072552404492082e-03 1.461198873248999511e-02
7.212020033388982121e+00 -4.454862738184914642e-03 1.468225830619625423e-02
7.238731218697830094e+00 -8.833205440352162943e-03 1.475286655046525487e-02
7.265442404006678068e+00 7.155437919533113450e-03 1.482381509755039371e-02
7.292153589315526041e+00 1.136497032028952955e-02 1.489510558757185972e-02
7.318864774624374014e+00 -1.225657417720707291e-02 1.496673966855453786e-02
7.345575959933221988e+00 2.377074355510768594e-02 1.503871899646613483e-02
7.372287145242069961e+00 1.851990916398700560e-02 1.511104523525542455e-02
7.398998330550918823e+00 -3.606251176082727813e-03 1.518372005689075203e-02
7.425709515859766796e+00 4.323540665549069698e-03 1.525674514139864664e-02
7.452420701168614769e+00 2.455613189439857617e-03 1.533012217690269373e-02
7.479131886477462743e+00 2.401529315241199281e-02 1.540385285966252432e-02
7.505843071786310716e+00 1.264774765107026105e-02 1.547793889411306668e-02
7.532554257095158690e+00 2.335015851314911975e-02 1.555238199290391761e-02
7.559265442404006663e+00 -8.790415051883606126e-03 1.562718387693893748e-02
7.585976627712854636e+00 2.788284480113042973e-02 1.570234627541604311e-02
7.612687813021703498e+00 -1.776642148057112555e-02 1.577787092586719481e-02
7.639398998330551471e+00 -3.659235769424182619e-03 1.585375957419850323e-02
7.666110183639399445e+00 6.076056469842622092e-03 1.593001397473067099e-02
7.692821368948247418e+00 -3.079869485137901389e-02 1.600663589023949840e-02
7.719532554257095391e+00 1.097406979231967290e-02 1.608362709199662177e-02
7.746243739565943365e+00 1.399524691767415306e-02 1.616098935981051185e-02
7.772954924874791338e+00 -8.773947506484296166e-03 1.623872448206757288e-02
7.799666110183639312e+00 -7.110534777084533825e-03 1.631683425577349147e-02
7.826377295492487285e+00 3.713472769657508166e-02 1.639532048659479366e-02
7.853088480801336146e+00 3.278181983657169063e-02 1.647418498890059271e-02
7.879799666110184120e+00 1.212267878365503454e-02 1.655342958580447929e-02
7.906510851419032093e+00 -5.681571610593729935e-04 1.663305610920674804e-02
7.933222036727880067e+00 3.792707623307612318e-03 1.671306639983667630e-02
7.959933222036728040e+00 -1.791667027059926087e-02 1.679346230729511155e-02
7.986644407345576013e+00 -1.244951468754863788e-02 1.687424569009721501e-02
8.013355592654423987e+00 1.515044212871030985e-02 1.695541841571543765e-02
8.040066777963271960e+00 -2.848006965879299607e-02 1.703698236062267321e-02
8.066777963272119933e+00 -6.252490346532308362e-03 1.711893941033565056e-02
8.093489148580967907e+00 1.250399928069215877e-02 1.720129145945852381e-02
8.120200333889815880e+00 -8.083240117321048926e-03 1.728404041172664635e-02
8.146911519198663854e+00 -1.800675731454701514e-02 1.736718818005061546e-02
8.173622704507513603e+00 -4.005943273717678388e-03 1.745073668656046614e-02
8.200333889816361577e+00 -3.187204200727610653e-04 1.753468786265010085e-02
8.227045075125209550e+00 8.662063868122441349e-03 1.761904364902196207e-02
8.253756260434057523e+00 1.179524690824198044e-02 1.770380599573188538e-02
8.280467445742905497e+00 -1.287210239504926745e-02 1.778897686223417096e-02
8.307178631051753470e+00 1.105623675492547683e-02 1.787455821742688772e-02
8.333889816360601444e+00 1.893466498451565512e-03 1.796055203969738542e-02
8.360601001669449417e+00 7.597313831125451083e-03 1.804696031696803940e-02
8.387312186978297390e+00 -2.572731804617320317e-02 1.813378504674217906e-02
8.414023372287145364e+00 1.945440944713581338e-03 1.822102823615030440e-02
8.440734557595993337e+00 -1.913093099078517351e-03 1.830869190199643087e-02
8.467445742904841310e+00 2.860396356690658032e-02 1.839677807080477429e-02
8.494156928213689284e+00 3.228927406273839756e-02 1.848528877886655361e-02
8.520868113522537257e+00 -1.373194686710970530e-04 1.857422607228707834e-02
8.547579298831385231e+00 7.982473772739593146e-03 1.866359200703304397e-02
8.574290484140233204e+00 -2.422313465359893225e-02 1.875338864898007385e-02
8.601001669449081177e+00 1.066000089487758110e-02 1.884361807396045183e-02
8.627712854757930927e+00 6.748906495796498650e-02 1.893428236781113938e-02
8.654424040066778900e+00 1.204437404783416550e-02 1.902538362642195585e-02
8.681135225375626874e+00 1.588061400050308838e-02 1.911692395578407436e-02
8.707846410684474847e+00 6.239073493012084644e-03 1.920890547203866344e-02
8.734557595993322821e+00 -3.394692108073997516e-02 1.930133030152583751e-02
8.761268781302170794e+00 -1.258063360388559856e-02 1.939420058083380152e-02
8.787979966611018767e+00 -1.897284922495778847e-02 1.948751845684822473e-02
8.814691151919866741e+00 2.879008731845824134e-03 1.958128608680190230e-02
8.841402337228714714e+00 3.750736693824457957e-02 1.967550563832460436e-02
8.868113522537562687e+00 2.809737350533133074e-02 1.977017928949317827e-02
8.894824707846410661e+00 2.725020245302147565e-02 1.986530922888192149e-02
8.921535893155258634e+00 1.968479653307694116e-02 1.996089765561315926e-02
8.948247078464106607e+00 1.302514507743511921e-02 2.005694677940808232e-02
8.974958263772954581e+00 1.236014199916961147e-02 2.015345882063784150e-02
9.001669449081802554e+00 -2.648171025406706458e-02 2.025043601037485735e-02
9.028380634390650528e+00 3.278946668834935990e-02 2.034788059044440392e-02
9.055091819699500277e+00 6.203336290694169523e-03 2.044579481347645611e-02
9.081803005008348251e+00 1.053688744803882131e-02 2.054418094295771061e-02
9.108514190317196224e+00 -9.807455559467022702e-03 2.064304125328396411e-02
9.135225375626044197e+00 1.842846341101567545e-02 2.074237802981266851e-02
9.161936560934892171e+00 3.006544148584804066e-02 2.084219356891574629e-02
9.188647746243740144e+00 -3.518649307643064231e-03 2.094249017803272161e-02
9.215358931552588118e+00 2.814006086540433646e-03 2.104327017572399719e-02
9.242070116861436091e+00 1.490728652534882570e-02 2.114453589172451964e-02
9.268781302170284064e+00 1.033012219463375417e-02 2.124628966699757676e-02
9.295492487479132038e+00 4.730592649980228104e-03 2.134853385378895907e-02
9.322203672787980011e+00 4.294072961849790260e-02 2.145127081568131214e-02
9.348914858096827984e+00 -1.508618495960960607e-02 2.155450292764877346e-02
9.375626043405675958e+00 1.995954835422067766e-03 2.165823257611190072e-02
9.402337228714523931e+00 3.198095222329118414e-03 2.176246215899280828e-02
9.429048414023371905e+00 2.826733369166124429e-02 2.186719408577060889e-02
9.455759599332219878e+00 1.508126280217189294e-02 2.197243077753713650e-02
9.482470784641067851e+00 -1.380367635908720178e-02 2.207817466705287723e-02
9.509181969949917601e+00 4.201851868909442164e-03 2.218442819880324379e-02
9.535893155258765574e+00 4.599249933781762723e-02 2.229119382905503724e-02
9.562604340567613548e+00 1.411817716811369222e-02 2.239847402591328696e-02
9.589315525876461521e+00 6.573333801919534203e-02 2.250627126937827446e-02
9.616026711185309495e+00 9.195505467702230762e-03 2.261458805140285563e-02
9.642737896494157468e+00 3.747544581541327469e-02 2.272342687595008473e-02
9.669449081803005441e+00 2.361893415504923502e-02 2.283279025905109866e-02
9.696160267111853415e+00 5.008448639079225717e-02 2.294268072886325102e-02
9.722871452420701388e+00 2.642689802366538637e-02 2.305310082572860700e-02
9.749582637729549361e+00 7.630399169528443749e-03 2.316405310223262903e-02
9.776293823038397335e+00 2.904572697525845820e-02 2.327554012326318172e-02
9.803005008347245308e+00 3.810748546502415457e-03 2.338756446606986630e-02
9.829716193656093282e+00 -1.551954692115898454e-02 2.350012872032353900e-02
9.856427378964941255e+00 2.289315155975964189e-02 2.361323548817623533e-02
9.883138564273789228e+00 2.013765916366557981e-02 2.372688738432128866e-02
9.909849749582637202e+00 -1.241554442195860405e-03 2.384108703605377841e-02
9.936560934891486951e+00 1.772798089379059791e-02 2.395583708333128697e-02
9.963272120200334925e+00 -9.423826331879360529e-03 2.407114017883487875e-02
9.989983305509182898e+00 1.427185934756072805e-02 2.418699898803048504e-02
1.001669449081803087e+01 -5.674956411824210248e-03 2.430341618923048327e-02
1.004340567612687884e+01 4.083624302106415513e-03 2.442039447365560931e-02
1.007011686143572682e+01 2.896963693505824958e-02 2.453793654549719233e-02
1.009682804674457479e+01 6.876654279863292363e-02 2.465604512197965004e-02
1.012353923205342277e+01 -3.374867008321994627e-02 2.477472293342330642e-02
1.015025041736227074e+01 -4.115811561834322591e-03 2.489397272330752531e-02
1.017696160267111871e+01 5.907208011568387471e-03 2.501379724833409715e-02
1.020367278797996669e+01 1.175688716992618829e-02 2.513419927849099705e-02
1.023038397328881466e+01 7.116652185243417181e-03 2.525518159711641689e-02
1.025709515859766263e+01 2.474323018071721003e-02 2.537674700096307148e-02
1.028380634390651061e+01 1.567284606135542144e-02 2.549889830026290036e-02
1.031051752921535858e+01 2.632872795766702176e-02 2.562163831879201575e-02
1.033722871452420655e+01 5.461887132738823397e-02 2.574496989393594906e-02
1.036393989983305453e+01 5.194131945201880401e-02 2.586889587675528582e-02
1.039065108514190428e+01 1.254313656830883389e-02 2.599341913205156090e-02
1.041736227045075225e+01 -2.832774631281889666e-02 2.611854253843345214e-02
1.044407345575960022e+01 3.451153637659627738e-02 2.624426898838337283e-02
1.047078464106844820e+01 2.514481584908729792e-03 2.637060138832431760e-02
1.049749582637729617e+01 -1.382465362842130036e-02 2.649754265868704828e-02
1.052420701168614414e+01 1.648677456623028753e-02 2.662509573397759885e-02
1.055091819699499212e+01 -5.443179624271438088e-02 2.675326356284512402e-02
1.057762938230384009e+01 1.969922947788039710e-02 2.688204910815007037e-02
1.060434056761268806e+01 1.382368920836167699e-02 2.701145534703263892e-02
1.063105175292153604e+01 4.023256153549004122e-02 2.714148527098164329e-02
1.065776293823038401e+01 3.684076158165484199e-02 2.727214188590363492e-02
1.068447412353923198e+01 7.589109674580898912e-02 2.740342821219240652e-02
1.071118530884807996e+01 -9.258614964186461654e-03 2.753534728479883203e-02
1.073789649415692793e+01 6.021685786743714158e-02 2.766790215330097377e-02
1.076460767946577590e+01 2.913073024580081771e-02 2.780109588197463011e-02
1.079131886477462388e+01 6.291401389939584379e-03 2.793493154986415733e-02
1.081803005008347363e+01 1.987219256882079635e-02 2.806941225085362798e-02
1.084474123539232160e+01 4.332643645372374896e-02 2.820454109373838128e-02
1.087145242070116957e+01 1.399291434902326381e-03 2.834032120229686494e-02
1.089816360601001755e+01 6.402785701953514486e-02 2.847675571536287947e-02
1.092487479131886552e+01 -4.631154594586069789e-02 2.861384778689809311e-02
1.095158597662771349e+01 3.772490938870354249e-02 2.875160058606499730e-02
1.097829716193656147e+01 -3.032282610106962900e-02 2.889001729730014331e-02
1.100500834724540944e+01 -2.625557549439843860e-02 2.902910112038775345e-02
1.103171953255425741e+01 3.700013411853140394e-03 2.916885527053371743e-02
1.105843071786310539e+01 1.065573707627613491e-02 2.930928297843988714e-02
1.108514190317195336e+01 -5.214473851129396847e-03 2.945038749037876685e-02
1.111185308848080133e+01 1.851787093806079101e-02 2.959217206826858862e-02
1.113856427378964931e+01 7.749671972831308209e-02 2.973463998974865824e-02
1.116527545909849728e+01 2.845452584543323865e-02 2.987779454825521125e-02
1.119198664440734525e+01 -5.566390750650934693e-03 3.002163905309744932e-02
1.121869782971619323e+01 -1.175260022688710132e-02 3.016617682953410054e-02
1.124540901502504120e+01 2.011040345637593596e-03 3.031141121885030584e-02
1.127212020033389095e+01 -1.218097833376717912e-02 3.045734557843481766e-02
1.129883138564273892e+01 5.751974263544605559e-02 3.060398328185757327e-02
1.132554257095158690e+01 -1.430715875931527770e-04 3.075132771894782679e-02
1.135225375626043487e+01 5.428861198136206156e-02 3.089938229587236435e-02
1.137896494156928284e+01 2.477455795462760874e-02 3.104815043521429521e-02
1.140567612687813082e+01 -2.880642674418549404e-02 3.119763557605222462e-02
1.143238731218697879e+01 2.418208233115864275e-02 3.134784117403966591e-02
1.145909849749582676e+01 -3.119176966014713601e-02 3.149877070148496272e-02
1.148580968280467474e+01 -3.496405563951568429e-02 3.165042764743160320e-02
1.151252086811352271e+01 8.217847561710785870e-03 3.180281551773880833e-02
1.153923205342237068e+01 -3.325716026293969868e-03 3.195593783516259556e-02
1.156594323873121866e+01 -3.380165076478303804e-03 3.210979813943724837e-02
1.159265442404006663e+01 8.733904491853990495e-03 3.226439998735710496e-02
1.161936560934891460e+01 3.966186502665915853e-03 3.241974695285878422e-02
1.164607679465776258e+01 1.213023557023513999e-02 3.257584262710385564e-02
1.167278797996661055e+01 3.714832331674684796e-02 3.273269061856176609e-02
1.169949916527546030e+01 4.156446727296375307e-03 3.289029455309335631e-02
1.172621035058430827e+01 3.309733712547451023e-02 3.304865807403458561e-02
1.175292153589315625e+01 1.853068510001493890e-02 3.320778484228081168e-02
1.177963272120200422e+01 -3.981512185644399404e-02 3.336767853637143816e-02
1.180634390651085219e+01 3.402728718693684429e-02 3.352834285257490221e-02
1.183305509181970017e+01 2.963123824022547564e-02 3.368978150497412699e-02
1.185976627712854814e+01 1.769230198540482774e-02 3.385199822555239740e-02
1.188647746243739611e+01 5.423439713649397947e-02 3.401499676427967300e-02
1.191318864774624409e+01 -3.898554295603044728e-02 3.417878088919918539e-02
1.193989983305509206e+01 6.473607604061287768e-02 3.434335438651456990e-02
1.196661101836394003e+01 -3.428595241788275072e-02 3.450872106067748996e-02
1.199332220367278801e+01 -3.002196417937684145e-02 3.467488473447544878e-02
1.202003338898163598e+01 -3.538483756189258339e-02 3.484184924912021863e-02
1.204674457429048395e+01 6.312643481106899879e-02 3.500961846433668645e-02
1.207345575959933193e+01 4.033781926458833433e-03 3.517819625845198389e-02
1.210016694490817990e+01 -4.091307361803286913e-02 3.534758652848519339e-02
1.212687813021702787e+01 -1.885772149732506744e-02 3.551779319023749132e-02
1.215358931552587762e+01 7.946955153377284475e-02 3.568882017838253401e-02
1.218030050083472560e+01 -3.935807796784120127e-02 3.586067144655753075e-02
1.220701168614357357e+01 2.594371073622687637e-02 3.603335096745461513e-02
1.223372287145242154e+01 -2.614084202712263494e-02 3.620686273291262580e-02
1.226043405676126952e+01 2.258934928634904332e-02 3.638121075400949089e-02
1.228714524207011749e+01 3.621172306184268497e-02 3.655639906115483451e-02
1.231385642737896546e+01 1.647283271151859033e-02 3.673243170418322850e-02
1.234056761268781344e+01 -1.418407640107538156e-02 3.690931275244780513e-02
1.236727879799666141e+01 -5.216641239044651768e-02 3.708704629491428595e-02
1.239398998330550938e+01 1.133351347240335871e-01 3.726563644025553818e-02
1.242070116861435736e+01 5.785171585780418679e-02 3.744508731694655423e-02
1.244741235392320533e+01 4.183578427690817086e-02 3.762540307335988932e-02
1.247412353923205330e+01 1.816256943977556312e-02 3.780658787786154301e-02
1.250083472454090128e+01 1.770858159383029151e-02 3.798864591890733361e-02
1.252754590984974925e+01 2.693866922424383026e-02 3.817158140513973730e-02
1.255425709515859722e+01 1.823142341931747665e-02 3.835539856548513676e-02
1.258096828046744697e+01 -3.497243128086267860e-02 3.854010164925163184e-02
1.260767946577629495e+01 1.272566244094723575e-02 3.872569492622723181e-02
1.263439065108514292e+01 2.115949960151868037e-02 3.891218268677857500e-02
1.266110183639399089e+01 4.457398942044504125e-02 3.909956924195012035e-02
1.268781302170283887e+01 -3.161421694244289510e-02 3.928785892356380371e-02
1.271452420701168684e+01 4.029731683163053843e-03 3.947705608431911761e-02
1.274123539232053481e+01 3.707559795647095285e-02 3.966716509789386391e-02
1.276794657762938279e+01 8.747287346932072771e-03 3.985819035904511476e-02
1.279465776293823076e+01 3.065140003009299632e-02 4.005013628371087431e-02
1.282136894824707873e+01 4.437345504477967217e-02 4.024300730911221230e-02
1.284808013355592671e+01 5.297213424837330514e-02 4.043680789385573765e-02
1.287479131886477468e+01 -7.412370160313454942e-03 4.063154251803670347e-02
1.290150250417362265e+01 -1.559300652780618371e-02 4.082721568334266721e-02
1.292821368948247063e+01 7.741301281719871474e-02 4.102383191315739364e-02
1.295492487479131860e+01 -3.934777251256869890e-02 4.122139575266551420e-02
1.298163606010016657e+01 -3.034417313071760547e-04 4.141991176895765819e-02
1.300834724540901455e+01 -2.273906640278896760e-02 4.161938455113587537e-02
1.303505843071786430e+01 -4.357032399825229441e-02 4.181981871041985654e-02
1.306176961602671227e+01 4.293966000753405773e-03 4.202121888025346641e-02
1.308848080133556024e+01 1.235397308592007040e-02 4.222358971641187314e-02
1.311519198664440822e+01 -5.931912818670186105e-02 4.242693589710917063e-02
1.314190317195325619e+01 6.179458452536563950e-02 4.263126212310654889e-02
1.316861435726210416e+01 5.147021601535002253e-03 4.283657311782092247e-02
1.319532554257095214e+01 5.683127998465135888e-02 4.304287362743411394e-02
1.322203672787980011e+01 -3.588654531733916769e-02 4.325016842100268266e-02
1.324874791318864808e+01 4.729024228477954339e-02 4.345846229056800347e-02
1.327545909849749606e+01 -5.755723333674459680e-02 4.366776005126714322e-02
1.330217028380634403e+01 -2.997824860984772341e-02 4.387806654144420920e-02
1.332888146911519200e+01 2.760080318487712070e-02 4.408938662276208620e-02
1.335559265442403998e+01 -1.765117430502359530e-03 4.430172518031488815e-02
1.338230383973288795e+01 1.613880254204633907e-02 4.451508712274093726e-02
1.340901502504173592e+01 -3.845944634321685207e-02 4.472947738233611775e-02
1.343572621035058390e+01 6.622643634787407640e-02 4.494490091516797209e-02
1.346243739565943365e+01 1.263622132135146930e-02 4.516136270119032459e-02
1.348914858096828162e+01 6.855685046994663967e-02 4.537886774435822418e-02
1.351585976627712959e+01 7.511266072080187428e-02 4.559742107274379619e-02
1.354257095158597757e+01 -8.589209581836802776e-02 4.581702773865244799e-02
1.356928213689482554e+01 -6.874134052312894094e-02 4.603769281873958119e-02
1.359599332220367351e+01 -4.142935738613434671e-03 4.625942141412796998e-02
1.362270450751252149e+01 1.033548554936266073e-01 4.648221865052580559e-02
1.364941569282136946e+01 3.037023926237322063e-02 4.670608967834501135e-02
1.367612687813021743e+01 1.214191699699777582e-01 4.693103967282038352e-02
1.370283806343906541e+01 -5.243449732649059503e-02 4.715707383412931497e-02
1.372954924874791338e+01 2.981066762297465353e-02 4.738419738751183108e-02
1.375626043405676135e+01 7.015501857215750148e-02 4.761241558339150692e-02
1.378297161936560933e+01 -1.204381395375117396e-02 4.784173369749682853e-02
1.380968280467445730e+01 4.349837353230247630e-03 4.807215703098311615e-02
1.383639398998330527e+01 5.571869535926726041e-02 4.830369091055505826e-02
1.386310517529215325e+01 5.973871407559135094e-02 4.853634068858994621e-02
1.388981636060100122e+01 6.048297861936228342e-02 4.877011174326127685e-02
1.391652754590985097e+01 3.597928353937313722e-02 4.900500947866315987e-02
1.394323873121869894e+01 4.835882767951064920e-02 4.924103932493524571e-02
1.396994991652754692e+01 5.025680900138988771e-02 4.947820673838815991e-02
1.399666110183639489e+01 -3.676223527201550462e-02 4.971651720162983262e-02
1.402337228714524286e+01 3.847299366707584295e-02 4.995597622369202934e-02
1.405008347245409084e+01 -3.502045219223166861e-02 5.019658934015779062e-02
1.407679465776293881e+01 -2.327252237229057719e-02 5.043836211328942692e-02
1.410350584307178679e+01 8.478203254608314421e-02 5.068130013215709634e-02
1.413021702838063476e+01 -6.322326058625192882e-03 5.092540901276795817e-02
1.415692821368948273e+01 5.687028651464608175e-03 5.117069439819598581e-02
1.418363939899833071e+01 -2.214672932750608170e-02 5.141716195871255668e-02
1.421035058430717868e+01 5.799833325891938507e-02 5.166481739191734757e-02
1.423706176961602665e+01 7.026572717160564641e-02 5.191366642287013888e-02
1.426377295492487463e+01 -2.906695342199299564e-02 5.216371480422322959e-02
1.429048414023372260e+01 5.462884244771002568e-02 5.241496831635426151e-02
1.431719532554257057e+01 5.579201386582440664e-02 5.266743276749993874e-02
1.434390651085142032e+01 -4.715387628298414735e-02 5.292111399389038545e-02
1.437061769616026830e+01 -6.141204819290535522e-03 5.317601785988380209e-02
1.439732888146911627e+01 1.008672727117860823e-01 5.343215025810233582e-02
1.442404006677796424e+01 -1.002179095117892160e-01 5.368951710956807594e-02
1.445075125208681222e+01 3.753780698316327991e-02 5.394812436384003457e-02
1.447746243739566019e+01 -1.379873562502055388e-02 5.420797799915169635e-02
1.450417362270450816e+01 -6.479518217939446434e-02 5.446908402254914405e-02
1.453088480801335614e+01 5.081188530995870561e-02 5.473144847002993363e-02
1.455759599332220411e+01 5.674515829466916794e-02 5.499507740668275330e-02
1.458430717863105208e+01 -4.852364297169819291e-02 5.525997692682745044e-02
1.461101836393990006e+01 -4.220997630201964168e-02 5.552615315415602298e-02
1.463772954924874803e+01 -3.638604083205961015e-02 5.579361224187412427e-02
1.466444073455759600e+01 2.184208782135937943e-02 5.606236037284342832e-02
1.469115191986644398e+01 -5.814229831418057937e-02 5.633240375972437680e-02
1.471786310517529195e+01 8.703169332161712901e-02 5.660374864511991816e-02
1.474457429048413992e+01 -4.167094205756842473e-02 5.687640130171982972e-02
1.477128547579298790e+01 -6.279545640444247900e-02 5.715036803244563646e-02
1.479799666110183765e+01 1.208227567542443648e-01 5.742565517059636249e-02
1.482470784641068562e+01 -4.102507136401745830e-03 5.770226907999497640e-02
1.485141903171953359e+01 -2.345282105242186416e-02 5.798021615513541949e-02
1.487813021702838157e+01 6.680558774644052011e-02 5.825950282133052910e-02
1.490484140233722954e+01 2.226121449766951463e-02 5.854013553486048932e-02
1.493155258764607751e+01 4.105945938071955265e-02 5.882212078312206577e-02
1.495826377295492549e+01 2.764952226602460789e-02 5.910546508477873551e-02
1.498497495826377346e+01 -8.681172213791187031e-03 5.939017498991115002e-02
1.501168614357262143e+01 1.137004665338208903e-01 5.967625708016869451e-02
1.503839732888146941e+01 -2.003295284362851397e-02 5.996371796892167177e-02
1.506510851419031738e+01 -1.040498735126839380e-02 6.025256430141404107e-02
1.509181969949916535e+01 5.043258806624452417e-02 6.054280275491712854e-02
1.511853088480801333e+01 -4.078944722013581187e-02 6.083444003888403145e-02
1.514524207011686130e+01 8.215446968765789670e-02 6.112748289510461230e-02
1.517195325542570927e+01 -4.228291117667325877e-04 6.142193809786137410e-02
1.519866444073455725e+01 -4.104616795457415382e-03 6.171781245408617528e-02
1.522537562604340700e+01 2.094606271810062897e-03 6.201511280351743732e-02
1.525208681135225497e+01 -2.072649994850266075e-02 6.231384601885826824e-02
1.527879799666110294e+01 5.445100947655227321e-03 6.261401900593550895e-02
1.530550918196995092e+01 7.903940725718541782e-02 6.291563870385916135e-02
1.533222036727879889e+01 -7.275320159873371884e-02 6.321871208518292651e-02
1.535893155258764686e+01 1.276320109830891281e-01 6.352324615606541602e-02
1.538564273789649484e+01 -8.659362237819276734e-03 6.382924795643195315e-02
1.541235392320534281e+01 8.054913049646748868e-02 6.413672456013745637e-02
1.543906510851419078e+01 3.036865465507598144e-02 6.444568307512998917e-02
1.546577629382303876e+01 7.591644923884198481e-02 6.475613064361493421e-02
1.549248747913188673e+01 -1.491155041805821042e-02 6.506807444222018066e-02
1.551919866444073470e+01 2.263941810557480727e-03 6.538152168216210258e-02
1.554590984974958268e+01 -6.240983572002000573e-02 6.569647960941209230e-02
1.557262103505843065e+01 5.175686488207615482e-02 6.601295550486419028e-02
1.559933222036727862e+01 7.048788614322384904e-02 6.633095668450342264e-02
1.562604340567612660e+01 -2.694985228960761203e-02 6.665049049957477711e-02
1.565275459098497457e+01 1.056224425937987016e-01 6.697156433675321985e-02
1.567946577629382432e+01 1.108404813579483977e-02 6.729418561831461421e-02
1.570617696160267229e+01 3.172057617630488768e-02 6.761836180230698656e-02
1.573288814691152027e+01 -4.405359161999930495e-02 6.794410038272312435e-02
1.575959933222036824e+01 1.549789588774192275e-02 6.827140888967390964e-02
1.578631051752921621e+01 -2.414202050797337185e-02 6.860029488956216615e-02
1.581302170283806419e+01 1.433467561313599668e-02 6.893076598525767207e-02
1.583973288814691216e+01 2.176932720612085106e-03 6.926282981627301938e-02
1.586644407345576013e+01 -1.069196914482374756e-02 6.959649405894004215e-02
1.589315525876460811e+01 3.078114769844422088e-02 6.993176642658734121e-02
1.591986644407345608e+01 -5.193851660117096425e-02 7.026865466971868313e-02
1.594657762938230405e+01 -4.617218992708921332e-04 7.060716657619200975e-02
1.597328881469115203e+01 -1.750744828605708958e-01 7.094730997139954420e-02
1.600000000000000000e+01 -5.945407429977497826e-02 7.128909271844878492e-02
