0.000000000000000000e+00 2.950347357219538225e-01 4.031999999999999994e-03
2.671118530884808093e-02 3.053567362169015698e-01 4.051278361594249505e-03
5.342237061769616185e-02 2.925878947103361383e-01 4.070649636994939403e-03
8.013355592654423931e-02 2.844076726621604378e-01 4.090114274008556892e-03
1.068447412353923237e-01 2.972214767685144587e-01 4.109672722599837583e-03
1.335559265442403942e-01 2.891067963555249976e-01 4.129325434902159087e-03
1.602671118530884786e-01 2.935671872335530730e-01 4.149072865227999667e-03
1.869782971619365630e-01 2.911896235633208430e-01 4.168915470079434180e-03
2.136894824707846474e-01 2.887135040200471403e-01 4.188853708158693338e-03
2.404006677796327318e-01 2.960511160946844855e-01 4.208888040378763740e-03
2.671118530884807885e-01 2.831433785629637323e-01 4.229018929874042536e-03
2.938230383973288729e-01 2.837327460875727625e-01 4.249246842011048485e-03
3.205342237061769572e-01 2.814373198022574463e-01 4.269572244399172031e-03
3.472454090150250416e-01 2.866343360150976904e-01 4.289995606901493043e-03
3.739565943238731260e-01 2.717485611571701654e-01 4.310517401645636709e-03
4.006677796327212104e-01 2.851409152004442671e-01 4.331138103034690157e-03
4.273789649415692948e-01 2.735208133679296605e-01 4.351858187758170238e-03
4.540901502504173792e-01 2.776861663733491969e-01 4.372678134803040760e-03
4.808013355592654636e-01 2.738449885683339469e-01 4.393598425464786961e-03
5.075125208681134925e-01 2.724031836133382067e-01 4.414619543358541155e-03
5.342237061769615769e-01 2.835600282886936441e-01 4.435741974430263898e-03
5.609348914858096613e-01 2.721801417330748096e-01 4.456966206967973715e-03
5.876460767946577457e-01 2.745391604262536478e-01 4.478292731613040152e-03
6.143572621035058301e-01 2.690885050212610818e-01 4.499722041371520195e-03
6.410684474123539145e-01 2.671161664782762402e-01 4.521254631625559739e-03
6.677796327212019989e-01 2.632351523099946133e-01 4.542891000144844496e-03
6.944908180300500833e-01 2.605572834576572738e-01 4.564631647098103817e-03
7.212020033388981677e-01 2.676228374693703227e-01 4.586477075064677826e-03
7.479131886477462521e-01 2.476791861730504030e-01 4.608427789046132261e-03
7.746243739565943365e-01 2.522703836390815524e-01 4.630484296477933165e-03
8.013355592654424209e-01 2.586921329093759825e-01 4.652647107241177950e-03
8.280467445742905053e-01 2.590250161804253937e-01 4.674916733674381979e-03
8.547579298831385897e-01 2.586323566170717347e-01 4.697293690585324123e-03
8.814691151919866741e-01 2.595148878809290793e-01 4.719778495262943498e-03
9.081803005008347585e-01 2.564337947008645813e-01 4.742371667489299510e-03
9.348914858096828429e-01 2.499052954520710190e-01 4.765073729551590892e-03
9.616026711185309273e-01 2.594559986133206375e-01 4.787885206254226776e-03
9.883138564273790116e-01 2.522948493856344565e-01 4.810806624930953276e-03
1.015025041736226985e+00 2.485429876982395703e-01 4.833838515457057269e-03
1.041736227045075180e+00 2.380371168415816030e-01 4.856981410261601399e-03
1.068447412353923154e+00 2.370136806467983970e-01 4.880235844339740614e-03
1.095158597662771349e+00 2.410820060546891297e-01 4.903602355265086407e-03
1.121869782971619323e+00 2.362518894146476423e-01 4.927081483202135244e-03
1.148580968280467518e+00 2.376876480660369828e-01 4.950673770918757703e-03
1.175292153589315491e+00 2.320937377917039468e-01 4.974379763798737926e-03
1.202003338898163687e+00 2.345071401846664239e-01 4.998200009854391127e-03
1.228714524207011660e+00 2.275648648142295782e-01 5.022135059739225339e-03
1.255425709515859856e+00 2.271839882650898423e-01 5.046185466760675156e-03
1.282136894824707829e+00 2.343676168649991565e-01 5.070351786892885772e-03
1.308848080133556024e+00 2.223714983670103118e-01 5.094634578789574222e-03
1.335559265442403998e+00 2.193123055904754870e-01 5.119034403796938332e-03
1.362270450751252193e+00 2.211078934536597485e-01 5.143551825966634176e-03
1.388981636060100167e+00 2.191042664788396543e-01 5.168187412068816870e-03
1.415692821368948362e+00 2.122043518133836792e-01 5.192941731605242063e-03
1.442404006677796335e+00 2.055094440383997134e-01 5.217815356822425553e-03
1.469115191986644531e+00 2.111426046607993712e-01 5.242808862724884431e-03
1.495826377295492504e+00 2.050595216713380353e-01 5.267922827088417255e-03
1.522537562604340700e+00 2.036139227578792343e-01 5.293157830473465761e-03
1.549248747913188673e+00 2.116246833247053816e-01 5.318514456238537282e-03
1.575959933222036868e+00 2.026464871594999551e-01 5.343993290553686153e-03
1.602671118530884842e+00 1.966002343993530355e-01 5.369594922414066239e-03
1.629382303839733037e+00 1.992377366277786610e-01 5.395319943653548514e-03
1.656093489148581011e+00 2.013953159439710594e-01 5.421168948958399354e-03
1.682804674457429206e+00 1.972812603974753443e-01 5.447142535881029958e-03
1.709515859766277179e+00 1.890858025274667620e-01 5.473241304853809081e-03
1.736227045075125153e+00 1.872891879627197609e-01 5.499465859202943424e-03
1.762938230383973348e+00 1.875121458451335654e-01 5.525816805162425682e-03
1.789649415692821321e+00 1.897798997521263076e-01 5.552294751888046768e-03
1.816360601001669517e+00 1.819301742350420137e-01 5.578900311471480904e-03
1.843071786310517490e+00 1.741966448103520471e-01 5.605634098954431419e-03
1.869782971619365686e+00 1.790749257109487957e-01 5.632496732342852017e-03
1.896494156928213659e+00 1.796678624863386753e-01 5.659488832621232222e-03
1.923205342237061855e+00 1.881354813871185250e-01 5.686611023766950483e-03
1.949916527545909828e+00 1.779197248302107071e-01 5.713863932764702731e-03
1.976627712854758023e+00 1.796181257259110431e-01 5.741248189620993397e-03
2.003338898163605997e+00 1.748340652881092416e-01 5.768764427378700148e-03
2.030050083472453970e+00 1.827531679760658057e-01 5.796413282131708880e-03
2.056761268781302388e+00 1.709964955380596230e-01 5.824195393039616371e-03
2.083472454090150361e+00 1.578419985359983124e-01 5.852111402342507519e-03
2.110183639398998334e+00 1.660741178549817731e-01 5.880161955375801108e-03
2.136894824707846308e+00 1.684240977240392401e-01 5.908347700585167561e-03
2.163606010016694725e+00 1.658525250891167702e-01 5.936669289541523023e-03
2.190317195325542698e+00 1.526938475040696686e-01 5.965127376956083291e-03
2.217028380634390672e+00 1.611874254639659165e-01 5.993722620695508818e-03
2.243739565943238645e+00 1.567670807446674142e-01 6.022455681797104360e-03
2.270450751252087063e+00 1.668314779651693114e-01 6.051327224484107960e-03
2.297161936560935036e+00 1.537117524491853349e-01 6.080337916181036313e-03
2.323873121869783009e+00 1.449584035367350032e-01 6.109488427529122939e-03
2.350584307178630983e+00 1.416620886617026565e-01 6.138779432401816200e-03
2.377295492487479400e+00 1.453872255689429849e-01 6.168211607920358851e-03
2.404006677796327374e+00 1.451926611386943067e-01 6.197785634469438719e-03
2.430717863105175347e+00 1.344135982370829041e-01 6.227502195712920907e-03
2.457429048414023320e+00 1.389177753961190476e-01 6.257361978609651994e-03
2.484140233722871738e+00 1.424480185759724460e-01 6.287365673429334487e-03
2.510851419031719711e+00 1.384522484904497919e-01 6.317513973768490616e-03
2.537562604340567685e+00 1.426690215043106835e-01 6.347807576566495517e-03
2.564273789649415658e+00 1.426238470048344087e-01 6.378247182121682402e-03
2.590984974958263631e+00 1.423382949656756546e-01 6.408833494107539670e-03
2.617696160267112049e+00 1.376474566040521985e-01 6.439567219588971346e-03
2.644407345575960022e+00 1.230880650728731207e-01 6.470449069038645105e-03
2.671118530884807996e+00 1.254057659378813028e-01 6.501479756353417509e-03
2.697829716193655969e+00 1.292256424463611997e-01 6.532659998870832090e-03
2.724540901502504386e+00 1.216127332748466044e-01 6.563990517385709378e-03
2.751252086811352360e+00 1.112790792906634407e-01 6.595472036166801118e-03
2.777963272120200333e+00 1.184115329828423768e-01 6.627105282973543357e-03
2.804674457429048307e+00 1.258515738154050434e-01 6.658890989072870255e-03
2.831385642737896724e+00 1.195144126609132690e-01 6.690829889256126768e-03
2.858096828046744697e+00 1.131888185008091824e-01 6.722922721856045523e-03
2.884808013355592671e+00 1.230111658586056644e-01 6.755170228763825169e-03
2.911519198664440644e+00 1.200934635082772789e-01 6.787573155446275514e-03
2.938230383973289062e+00 1.082710487204032040e-01 6.820132250963050272e-03
2.964941569282137035e+00 1.080720653528542824e-01 6.852848267983963938e-03
2.991652754590985008e+00 1.018189644819795792e-01 6.885721962806390199e-03
3.018363939899832982e+00 1.138729579171906953e-01 6.918754095372748811e-03
3.045075125208681399e+00 1.029963116659621813e-01 6.951945429288067940e-03
3.071786310517529373e+00 9.972661281728473215e-02 6.985296731837639314e-03
3.098497495826377346e+00 1.034578902415530799e-01 7.018808774004759235e-03
3.125208681135225319e+00 9.860425311740574073e-02 7.052482330488543324e-03
3.151919866444073737e+00 9.897237655468368867e-02 7.086318179721844482e-03
3.178631051752921710e+00 9.013002729912908406e-02 7.120317103889235028e-03
3.205342237061769683e+00 1.038377434176147029e-01 7.154479888945105073e-03
3.232053422370617657e+00 8.326192239407154139e-02 7.188807324631819005e-03
3.258764607679466074e+00 9.476001919878987434e-02 7.223300204497975184e-03
3.285475792988314048e+00 7.730232571231977767e-02 7.257959325916754113e-03
3.312186978297162021e+00 1.033211178357140714e-01 7.292785490104345542e-03
3.338898163606009994e+00 8.198990010368384374e-02 7.327779502138471839e-03
3.365609348914858412e+00 8.819178646947520295e-02 7.362942170977008517e-03
3.392320534223706385e+00 8.688100326150685615e-02 7.398274309476664604e-03
3.419031719532554359e+00 8.015442598461498813e-02 7.433776734411794845e-03
3.445742904841402332e+00 8.379253984615850359e-02 7.469450266493268299e-03
3.472454090150250305e+00 8.196058000335741667e-02 7.505295730387444471e-03
3.499165275459098723e+00 8.063385063403924469e-02 7.541313954735237059e-03
3.525876460767946696e+00 7.980623928056260197e-02 7.577505772171269638e-03
3.552587646076794670e+00 6.753617406863668404e-02 7.613872019343123285e-03
3.579298831385642643e+00 6.204120425709219733e-02 7.650413536930677876e-03
3.606010016694491060e+00 7.113165232219977041e-02 7.687131169665547062e-03
3.632721202003339034e+00 7.146844635908133903e-02 7.724025766350602583e-03
3.659432387312187007e+00 6.911373807562797011e-02 7.761098179879600927e-03
3.686143572621034981e+00 5.885610626519121452e-02 7.798349267256894125e-03
3.712854757929883398e+00 6.203823927079520767e-02 7.835779889617247237e-03
3.739565943238731371e+00 8.380203655371021298e-02 7.873390912245741696e-03
3.766277128547579345e+00 4.110986345264796421e-02 7.911183204597774937e-03
3.792988313856427318e+00 5.038078577830935878e-02 7.949157640319167578e-03
3.819699499165275736e+00 5.704162542617215170e-02 7.987315097266356467e-03
3.846410684474123709e+00 5.530428277033785922e-02 8.025656457526678805e-03
3.873121869782971682e+00 6.260454078399582678e-02 8.064182607438781167e-03
3.899833055091819656e+00 5.947351215266393626e-02 8.102894437613092707e-03
3.926544240400668073e+00 5.671395805326613637e-02 8.141792842952425002e-03
3.953255425709516047e+00 5.988636286898026129e-02 8.180878722672646486e-03
3.979966611018364020e+00 5.502008787796188599e-02 8.220152980323488720e-03
4.006677796327211993e+00 7.252489583383632532e-02 8.259616523809416855e-03
4.033388981636059967e+00 5.546586232825300583e-02 8.299270265410621517e-03
4.060100166944907940e+00 5.276028216324498560e-02 8.339115121804114780e-03
4.086811352253756802e+00 6.641534070210078355e-02 8.379152014084916347e-03
4.113522537562604775e+00 5.425498833629837508e-02 8.419381867787340337e-03
4.140233722871452748e+00 6.346293550284173857e-02 8.459805612906403510e-03
4.166944908180300722e+00 4.794151372530633393e-02 8.500424183919316756e-03
4.193656093489148695e+00 4.651012570099596899e-02 8.541238519807087606e-03
4.220367278797996669e+00 4.829806791230083912e-02 8.582249564076228562e-03
4.247078464106844642e+00 3.536456242055882604e-02 8.623458264780560836e-03
4.273789649415692615e+00 5.425143050066376371e-02 8.664865574543146459e-03
4.300500834724540589e+00 5.003745634263444264e-02 8.706472450578294983e-03
4.327212020033389450e+00 3.511571692026464742e-02 8.748279854713696818e-03
4.353923205342237424e+00 3.263967389773569927e-02 8.790288753412658918e-03
4.380634390651085397e+00 4.332821453674889911e-02 8.832500117796442812e-03
4.407345575959933370e+00 5.828446773177450163e-02 8.874914923666720606e-03
4.434056761268781344e+00 7.532786606681086961e-02 8.917534151528128117e-03
4.460767946577629317e+00 5.169309405065081880e-02 8.960358786610932505e-03
4.487479131886477290e+00 4.553792175714752033e-02 9.003389818893800522e-03
4.514190317195325264e+00 2.655489796358941057e-02 9.046628243126703800e-03
4.540901502504174125e+00 3.400816898740886135e-02 9.090075058853886586e-03
4.567612687813022099e+00 2.866401909771787784e-02 9.133731270436996549e-03
4.594323873121870072e+00 3.759349939321858514e-02 9.177597887078290176e-03
4.621035058430718045e+00 3.232820527310680675e-02 9.221675922843964798e-03
4.647746243739566019e+00 3.067769071362986058e-02 9.265966396687603385e-03
4.674457429048413992e+00 2.107666582745631664e-02 9.310470332473725144e-03
4.701168614357261966e+00 2.003316023730029177e-02 9.355188759001462767e-03
4.727879799666109939e+00 6.694601112449304753e-03 9.400122710028329873e-03
4.754590984974958801e+00 1.779600540109821036e-02 9.445273224294139375e-03
4.781302170283806774e+00 2.504735942487413061e-02 9.490641345544989504e-03
4.808013355592654747e+00 2.668580584157794963e-02 9.536228122557425038e-03
4.834724540901502721e+00 2.323250328892795258e-02 9.582034609162648833e-03
4.861435726210350694e+00 2.924160865580752514e-02 9.628061864270906836e-03
4.888146911519198667e+00 4.157984573709892079e-02 9.674310951895958091e-03
4.914858096828046641e+00 3.886237092862617620e-02 9.720782941179669651e-03
4.941569282136894614e+00 1.963469436506107627e-02 9.767478906416732914e-03
4.968280467445743476e+00 3.994591373775166487e-02 9.814399927079506605e-03
4.994991652754591449e+00 5.623235302415742487e-03 9.861547087842956888e-03
5.021702838063439422e+00 1.945498880893622301e-02 9.908921478609741471e-03
5.048414023372287396e+00 1.851956489684301183e-02 9.956524194535402994e-03
5.075125208681135369e+00 2.302191449148372968e-02 1.000435633605368559e-02
5.101836393989983343e+00 2.363971257428173350e-02 1.005241900890197285e-02
5.128547579298831316e+00 2.635832918577737938e-02 1.010071332414684900e-02
5.155258764607679289e+00 4.381262651450835988e-02 1.014924039820978494e-02
5.181969949916527263e+00 1.129183957083506988e-02 1.019800135289294397e-02
5.208681135225376124e+00 3.017474039797586605e-02 1.024699731540511943e-02
5.235392320534224098e+00 1.007025635133923340e-02 1.029622941838778498e-02
5.262103505843072071e+00 5.480938635547348559e-03 1.034569879994128895e-02
5.288814691151920044e+00 3.261406374060771621e-03 1.039540660365115103e-02
5.315525876460768018e+00 2.456875003552758119e-02 1.044535397861450637e-02
5.342237061769615991e+00 1.038992978266321116e-02 1.049554207946666595e-02
5.368948247078463964e+00 1.753093552035323022e-02 1.054597206640781916e-02
5.395659432387311938e+00 2.227903373542023183e-02 1.059664510522983008e-02
5.422370617696160799e+00 4.651123979360646463e-03 1.064756236734321765e-02
5.449081803005008773e+00 1.147884878679628941e-02 1.069872502980420519e-02
5.475792988313856746e+00 2.106906144425868543e-02 1.075013427534195383e-02
5.502504173622704720e+00 8.756319162697675032e-03 1.080179129238589483e-02
5.529215358931552693e+00 2.713145246047318770e-02 1.085369727509319891e-02
5.555926544240400666e+00 2.189515645184144169e-02 1.090585342337638784e-02
5.582637729549248640e+00 -2.207769717858576453e-03 1.095826094293106401e-02
5.609348914858096613e+00 1.033343197912449038e-02 1.101092104526380129e-02
5.636060100166945475e+00 1.152957530342487054e-02 1.106383494772013310e-02
5.662771285475793448e+00 2.507147793618651199e-02 1.111700387351268783e-02
5.689482470784641421e+00 3.767686568219505427e-03 1.117042905174949613e-02
5.716193656093489395e+00 8.410099502941709854e-03 1.122411171746237786e-02
5.742904841402337368e+00 1.188203688767708321e-03 1.127805311163549568e-02
5.769616026711185341e+00 1.914444659123422376e-02 1.133225448123405601e-02
5.796327212020033315e+00 7.711311653752775212e-03 1.138671707923312459e-02
5.823038397328881288e+00 6.866385254282334795e-03 1.144144216464658935e-02
5.849749582637730150e+00 1.201713734719305968e-02 1.149643100255627257e-02
5.876460767946578123e+00 1.265434454924935573e-02 1.155168486414117311e-02
5.903171953255426097e+00 8.932407463994346264e-03 1.160720502670685439e-02
5.929883138564274070e+00 -5.288615799288373318e-03 1.166299277371496065e-02
5.956594323873122043e+00 2.032415556459081854e-02 1.171904939481290681e-02
5.983305509181970017e+00 1.756422611763034866e-02 1.177537618586367053e-02
6.010016694490817990e+00 4.454210628235684075e-03 1.183197444897576486e-02
6.036727879799665963e+00 9.002975690748298704e-03 1.188884549253333041e-02
6.063439065108513937e+00 6.183798158889686897e-03 1.194599063122638201e-02
6.090150250417362798e+00 -6.170945457089296697e-03 1.200341118608120455e-02
6.116861435726210772e+00 6.275741423196507830e-03 1.206110848449088238e-02
6.143572621035058745e+00 2.974272975960888087e-03 1.211908386024600041e-02
6.170283806343906718e+00 -1.591428511790952266e-04 1.217733865356545805e-02
6.196994991652754692e+00 1.656530200061609101e-02 1.223587421112747042e-02
6.223706176961602665e+00 2.339693610486661898e-02 1.229469188610068410e-02
6.250417362270450639e+00 2.274054036210652278e-03 1.235379303817546459e-02
6.277128547579298612e+00 1.231882329466338528e-02 1.241317903359532952e-02
6.303839732888147473e+00 -6.066477298994732426e-03 1.247285124518852754e-02
6.330550918196995447e+00 2.473811845909870688e-02 1.253281105239978203e-02
6.357262103505843420e+00 -8.848928568793218083e-03 1.259305984132216838e-02
6.383973288814691394e+00 -4.243706849156304167e-03 1.265359900472917340e-02
6.410684474123539367e+00 4.518898158515673169e-06 1.271442994210686926e-02
6.437395659432387340e+00 4.852151406327251219e-03 1.277555405968628863e-02
6.464106844741235314e+00 1.220559881327719538e-02 1.283697277047591429e-02
6.490818030050083287e+00 -1.085378030258341182e-02 1.289868749429435094e-02
6.517529215358932149e+00 -2.149638984011177992e-02 1.296069965780315657e-02
6.544240400667780122e+00 1.297756077893607793e-02 1.302301069453980220e-02
6.570951585976628095e+00 1.965881382148175482e-02 1.308562204495082593e-02
6.597662771285476069e+00 5.838319672252582394e-03 1.314853515642513265e-02
6.624373956594324042e+00 4.696993373857026935e-03 1.321175148332744652e-02
6.651085141903172016e+00 1.200852900919820859e-02 1.327527248703192983e-02
6.677796327212019989e+00 -2.412813992923520251e-02 1.333909963595597201e-02
6.704507512520867962e+00 1.260275017730599564e-02 1.340323440559414159e-02
6.731218697829716824e+00 1.079815027910075234e-02 1.346767827855227008e-02
6.757929883138564797e+00 -5.496166205161408941e-03 1.353243274458175265e-02
6.784641068447412771e+00 1.059555615243137558e-02 1.359749930061397716e-02
6.811352253756260744e+00 -1.388200578916627681e-02 1.366287945079491979e-02
6.838063439065108717e+00 -8.198245784758181887e-03 1.372857470651993317e-02
6.864774624373956691e+00 8.640587263910280702e-03 1.379458658646866981e-02
6.891485809682804664e+00 2.331236761864481644e-02 1.386091661664019641e-02
6.918196994991652637e+00 -3.867121810470614506e-03 1.392756633038827463e-02
6.944908180300500611e+00 4.383759462572575823e-03 1.399453726845680153e-02
6.971619365609349472e+00 1.718524138551043995e-02 1.406183097901542688e-02
6.998330550918197446e+00 1.010391341074484174e-02 1.412944901769534224e-02
7.025041736227045419e+00 1.742992372658227346e-02 1.419739294762525049e-02
7.051752921535893393e+00 7.166577211894247304e-03 1.426566433946748792e-02
7.078464106844741366e+00 1.752009426686368040e-02 1.433426477145434419e-02
7.105175292153589339e+00 -9.264719308983445853e-03 1.440319582942454352e-02
7.131886477462437313e+00 9.334186686571186581e-03 1.447245910685989595e-02
7.158597662771285286e+00 1.363686596511673801e-02 1.454205620492214981e-02
7.185308848080134148e+00 3.157314036478411912e-02 1.461198873248999511e-02
7.212020033388982121e+00 1.101703723130006973e-02 1.468225830619625423e-02
7.238731218697830094e+00 2.199557244263593628e-02 1.475286655046525487e-02
7.265442404006678068e+00 1.115584111979140564e-02 1.482381509755039371e-02
7.292153589315526041e+00 1.074332706406647825e-02 1.489510558757185972e-02
7.318864774624374014e+00 4.103317863950199131e-03 1.496673966855453786e-02
7.345575959933221988e+00 -4.852157137492847140e-03 1.503871899646613483e-02
7.372287145242069961e+00 -1.388860385814610562e-02 1.511104523525542455e-02
7.398998330550918823e+00 5.717291695245175012e-03 1.518372005689075203e-02
7.425709515859766796e+00 2.816475110802773782e-03 1.525674514139864664e-02
7.452420701168614769e+00 8.115818733032105839e-03 1.533012217690269373e-02
7.479131886477462743e+00 7.445621881764266994e-03 1.540385285966252432e-02
7.505843071786310716e+00 4.292786481022509842e-03 1.547793889411306668e-02
7.532554257095158690e+00 -4.370021785757084373e-03 1.555238199290391761e-02
7.559265442404006663e+00 1.607236202496755556e-02 1.562718387693893748e-02
7.585976627712854636e+00 -7.619183357381723899e-03 1.570234627541604311e-02
7.612687813021703498e+00 1.829938273620241185e-03 1.577787092586719481e-02
7.639398998330551471e+00 1.456075746657826270e-02 1.585375957419850323e-02
7.666110183639399445e+00 1.901059230312455300e-02 1.593001397473067099e-02
7.692821368948247418e+00 9.289614449258116677e-03 1.600663589023949840e-02
7.719532554257095391e+00 5.865331947841910532e-03 1.608362709199662177e-02
7.746243739565943365e+00 1.815492987538409875e-02 1.616098935981051185e-02
7.772954924874791338e+00 1.108777183570395890e-03 1.623872448206757288e-02
7.799666110183639312e+00 6.124411047255536034e-03 1.631683425577349147e-02
7.826377295492487285e+00 -3.817076711250051886e-03 1.639532048659479366e-02
7.853088480801336146e+00 2.542336006311468610e-02 1.647418498890059271e-02
7.879799666110184120e+00 3.151498825446179264e-02 1.655342958580447929e-02
7.906510851419032093e+00 -6.740167698791090130e-03 1.663305610920674804e-02
7.933222036727880067e+00 4.702873858428686243e-02 1.671306639983667630e-02
7.959933222036728040e+00 1.700550440687516318e-02 1.679346230729511155e-02
7.986644407345576013e+00 2.068475407054857357e-02 1.687424569009721501e-02
8.013355592654423987e+00 -3.442362611691039860e-03 1.695541841571543765e-02
8.040066777963271960e+00 7.158835822870015728e-03 1.703698236062267321e-02
8.066777963272119933e+00 1.438364857779710765e-02 1.711893941033565056e-02
8.093489148580967907e+00 6.338884603510177088e-03 1.720129145945852381e-02
8.120200333889815880e+00 4.960838201211865278e-03 1.728404041172664635e-02
8.146911519198663854e+00 7.215962668050776400e-03 1.736718818005061546e-02
8.173622704507513603e+00 -4.213209705560899514e-03 1.745073668656046614e-02
8.200333889816361577e+00 -8.852481145618536912e-03 1.753468786265010085e-02
8.227045075125209550e+00 -3.649822639833421103e-03 1.761904364902196207e-02
8.253756260434057523e+00 4.532151296043178575e-03 1.770380599573188538e-02
8.280467445742905497e+00 2.293514702345307577e-02 1.778897686223417096e-02
8.307178631051753470e+00 -2.096827288197140524e-03 1.787455821742688772e-02
8.333889816360601444e+00 1.899860049065337647e-02 1.796055203969738542e-02
8.360601001669449417e+00 2.848975608839729098e-02 1.804696031696803940e-02
8.387312186978297390e+00 1.671387398851003486e-02 1.813378504674217906e-02
8.414023372287145364e+00 1.946736310816005872e-02 1.822102823615030440e-02
8.440734557595993337e+00 -2.367142066690493610e-02 1.830869190199643087e-02
8.467445742904841310e+00 1.615632767678809242e-02 1.839677807080477429e-02
8.494156928213689284e+00 -1.501956514139459603e-02 1.848528877886655361e-02
8.520868113522537257e+00 -1.350356596027741524e-02 1.857422607228707834e-02
8.547579298831385231e+00 4.895020924292620146e-02 1.866359200703304397e-02
8.574290484140233204e+00 2.081467058641903178e-02 1.875338864898007385e-02
8.601001669449081177e+00 -1.453817803045084900e-03 1.884361807396045183e-02
8.627712854757930927e+00 4.772544468973028906e-04 1.893428236781113938e-02
8.654424040066778900e+00 -8.590303252960593966e-03 1.902538362642195585e-02
8.681135225375626874e+00 9.507296373912225984e-03 1.911692395578407436e-02
8.707846410684474847e+00 2.323272949100245455e-02 1.920890547203866344e-02
8.734557595993322821e+00 -1.136315714210429928e-02 1.930133030152583751e-02
8.761268781302170794e+00 5.136326360777990901e-03 1.939420058083380152e-02
8.787979966611018767e+00 9.146300938373225914e-03 1.948751845684822473e-02
8.814691151919866741e+00 -1.016808335734639690e-02 1.958128608680190230e-02
8.841402337228714714e+00 -7.538466581092013660e-03 1.967550563832460436e-02
8.868113522537562687e+00 -3.140053683680517002e-03 1.977017928949317827e-02
8.894824707846410661e+00 4.182259066179316864e-02 1.986530922888192149e-02
8.921535893155258634e+00 1.485484367059098851e-02 1.996089765561315926e-02
8.948247078464106607e+00 1.949478343203178698e-02 2.005694677940808232e-02
8.974958263772954581e+00 -2.223935758570389984e-02 2.015345882063784150e-02
9.001669449081802554e+00 -3.144655019325960643e-03 2.025043601037485735e-02
9.028380634390650528e+00 3.978974233416243678e-02 2.034788059044440392e-02
9.055091819699500277e+00 3.031134666801486854e-03 2.044579481347645611e-02
9.081803005008348251e+00 1.792700372023086838e-02 2.054418094295771061e-02
9.108514190317196224e+00 6.260162294577237274e-02 2.064304125328396411e-02
9.135225375626044197e+00 -1.705448504628313128e-02 2.074237802981266851e-02
9.161936560934892171e+00 -4.957201983234774470e-03 2.084219356891574629e-02
9.188647746243740144e+00 3.836974136092506649e-02 2.094249017803272161e-02
9.215358931552588118e+00 5.804678117445307567e-03 2.104327017572399719e-02
9.242070116861436091e+00 2.590031576173443262e-02 2.114453589172451964e-02
9.268781302170284064e+00 4.225413019813283044e-02 2.124628966699757676e-02
9.295492487479132038e+00 2.302706885279842339e-02 2.134853385378895907e-02
9.322203672787980011e+00 7.078190640219392954e-03 2.145127081568131214e-02
9.348914858096827984e+00 -3.305515089106396062e-03 2.155450292764877346e-02
9.375626043405675958e+00 2.256708579426857514e-02 2.165823257611190072e-02
9.402337228714523931e+00 1.845393630177471697e-02 2.176246215899280828e-02
9.429048414023371905e+00 4.991081542713361741e-03 2.186719408577060889e-02
9.455759599332219878e+00 -7.189087414461949391e-03 2.197243077753713650e-02
9.482470784641067851e+00 2.401799217337544437e-02 2.207817466705287723e-02
9.509181969949917601e+00 -2.724108224984377741e-02 2.218442819880324379e-02
9.535893155258765574e+00 3.400077139557079742e-02 2.229119382905503724e-02
9.562604340567613548e+00 -3.163437067013043225e-02 2.239847402591328696e-02
9.589315525876461521e+00 -1.232604779947453835e-03 2.250627126937827446e-02
9.616026711185309495e+00 3.926294247183843150e-03 2.261458805140285563e-02
9.642737896494157468e+00 -3.503270935151774068e-02 2.272342687595008473e-02
9.669449081803005441e+00 2.068517308631641002e-02 2.283279025905109866e-02
9.696160267111853415e+00 -3.584851815868171643e-02 2.294268072886325102e-02
9.722871452420701388e+00 6.617402035987238890e-03 2.305310082572860700e-02
9.749582637729549361e+00 1.114991273343369019e-02 2.316405310223262903e-02
9.776293823038397335e+00 2.512092883490310222e-02 2.327554012326318172e-02
9.803005008347245308e+00 -6.670505942371181274e-03 2.338756446606986630e-02
9.829716193656093282e+00 5.208668899577000022e-02 2.350012872032353900e-02
9.856427378964941255e+00 -3.997658894242429525e-03 2.361323548817623533e-02
9.883138564273789228e+00 1.213610454284971309e-02 2.372688738432128866e-02
9.909849749582637202e+00 2.032010581461448154e-02 2.384108703605377841e-02
9.936560934891486951e+00 2.119521155825698083e-02 2.395583708333128697e-02
9.963272120200334925e+00 -4.204972060872591219e-03 2.407114017883487875e-02
9.989983305509182898e+00 -1.053927809083401654e-02 2.418699898803048504e-02
1.001669449081803087e+01 1.866918005496171623e-02 2.430341618923048327e-02
1.004340567612687884e+01 3.319864981572274998e-02 2.442039447365560931e-02
1.007011686143572682e+01 2.622443227451126679e-02 2.453793654549719233e-02
1.009682804674457479e+01 3.663106489384581471e-02 2.465604512197965004e-02
1.012353923205342277e+01 1.051577383862893622e-02 2.477472293342330642e-02
1.015025041736227074e+01 1.385839852921195298e-02 2.489397272330752531e-02
1.017696160267111871e+01 9.040804216156656317e-03 2.501379724833409715e-02
1.020367278797996669e+01 9.121057565115227306e-03 2.513419927849099705e-02
1.023038397328881466e+01 4.685242169255021683e-02 2.525518159711641689e-02
1.025709515859766263e+01 7.031473304915797362e-02 2.537674700096307148e-02
1.028380634390651061e+01 7.154152937962106849e-03 2.549889830026290036e-02
1.031051752921535858e+01 3.664280331649722583e-02 2.562163831879201575e-02
1.033722871452420655e+01 4.065449310785338929e-03 2.574496989393594906e-02
1.036393989983305453e+01 2.928326101298995079e-02 2.586889587675528582e-02
1.039065108514190428e+01 -1.936748297973717170e-03 2.599341913205156090e-02
1.041736227045075225e+01 3.455708942294509478e-02 2.611854253843345214e-02
1.044407345575960022e+01 -3.038411186661696059e-03 2.624426898838337283e-02
1.047078464106844820e+01 1.814484191849098996e-02 2.637060138832431760e-02
1.049749582637729617e+01 -9.596874187243059628e-04 2.649754265868704828e-02
1.052420701168614414e+01 2.827387545658041623e-02 2.662509573397759885e-02
1.055091819699499212e+01 4.624350011901757346e-02 2.675326356284512402e-02
1.057762938230384009e+01 3.809639640405353828e-03 2.688204910815007037e-02
1.060434056761268806e+01 4.108234424109459548e-02 2.701145534703263892e-02
1.063105175292153604e+01 1.701823627113712573e-02 2.714148527098164329e-02
1.065776293823038401e+01 4.626726952691868899e-02 2.727214188590363492e-02
1.068447412353923198e+01 4.691078442063101317e-02 2.740342821219240652e-02
1.071118530884807996e+01 -1.084475011776542958e-04 2.753534728479883203e-02
1.073789649415692793e+01 3.340825281849830325e-02 2.766790215330097377e-02
1.076460767946577590e+01 1.141835650319039837e-02 2.780109588197463011e-02
1.079131886477462388e+01 1.006207821218288619e-02 2.793493154986415733e-02
1.081803005008347363e+01 2.586343412140814854e-02 2.806941225085362798e-02
1.084474123539232160e+01 2.145714181486964994e-02 2.820454109373838128e-02
1.087145242070116957e+01 4.818830046249785587e-02 2.834032120229686494e-02
1.089816360601001755e+01 2.156899984788002156e-02 2.847675571536287947e-02
1.092487479131886552e+01 -3.596364567804404000e-02 2.861384778689809311e-02
1.095158597662771349e+01 9.157018858254616089e-03 2.875160058606499730e-02
1.097829716193656147e+01 1.906402322334776328e-02 2.889001729730014331e-02
1.100500834724540944e+01 4.094597160469148900e-02 2.902910112038775345e-02
1.103171953255425741e+01 -3.523544829977095366e-02 2.916885527053371743e-02
1.105843071786310539e+01 2.725120208506275066e-02 2.930928297843988714e-02
1.108514190317195336e+01 2.839113908728425895e-02 2.945038749037876685e-02
1.111185308848080133e+01 6.441190038338090451e-02 2.959217206826858862e-02
1.113856427378964931e+01 -1.251835354061273109e-03 2.973463998974865824e-02
1.116527545909849728e+01 8.107828052522693743e-03 2.987779454825521125e-02
1.119198664440734525e+01 -2.181715266225094790e-02 3.002163905309744932e-02
1.121869782971619323e+01 3.322528431486206774e-02 3.016617682953410054e-02
1.124540901502504120e+01 1.304603523374377877e-02 3.031141121885030584e-02
1.127212020033389095e+01 2.344057564095616136e-02 3.045734557843481766e-02
1.129883138564273892e+01 -3.136243040317891057e-02 3.060398328185757327e-02
1.132554257095158690e+01 8.127911249753847628e-03 3.075132771894782679e-02
1.135225375626043487e+01 2.179237642250591439e-02 3.089938229587236435e-02
1.137896494156928284e+01 1.030928735677443323e-02 3.104815043521429521e-02
1.140567612687813082e+01 -4.211157528623865609e-02 3.119763557605222462e-02
1.143238731218697879e+01 4.400336174132622735e-02 3.134784117403966591e-02
1.145909849749582676e+01 -7.775642845737729125e-02 3.149877070148496272e-02
1.148580968280467474e+01 1.289892927030647507e-03 3.165042764743160320e-02
1.151252086811352271e+01 -1.013584516416622672e-03 3.180281551773880833e-02
1.153923205342237068e+01 -1.301402515033814669e-02 3.195593783516259556e-02
1.156594323873121866e+01 2.759603958994003015e-02 3.210979813943724837e-02
1.159265442404006663e+01 -1.114382895599266496e-02 3.226439998735710496e-02
1.161936560934891460e+01 3.119867979304541405e-02 3.241974695285878422e-02
1.164607679465776258e+01 2.740747242669457073e-02 3.257584262710385564e-02
1.167278797996661055e+01 -1.823873643854259652e-02 3.273269061856176609e-02
1.169949916527546030e+01 -7.414565957096759183e-03 3.289029455309335631e-02
1.172621035058430827e+01 2.853979089912019734e-02 3.304865807403458561e-02
1.175292153589315625e+01 4.506442012103069328e-02 3.320778484228081168e-02
1.177963272120200422e+01 1.953282965063231347e-02 3.336767853637143816e-02
1.180634390651085219e+01 -5.690955836141894583e-03 3.352834285257490221e-02
1.183305509181970017e+01 3.009110914054885511e-02 3.368978150497412699e-02
1.185976627712854814e+01 4.609955111132692934e-02 3.385199822555239740e-02
1.188647746243739611e+01 -7.186780188073286363e-03 3.401499676427967300e-02
1.191318864774624409e+01 -3.679512561383363467e-02 3.417878088919918539e-02
1.193989983305509206e+01 -1.476635252262165077e-02 3.434335438651456990e-02
1.196661101836394003e+01 4.653060336675150788e-02 3.450872106067748996e-02
1.199332220367278801e+01 5.152048763931420944e-03 3.467488473447544878e-02
1.202003338898163598e+01 -3.041691983142126229e-02 3.484184924912021863e-02
1.204674457429048395e+01 -3.276093949190424931e-03 3.500961846433668645e-02
1.207345575959933193e+01 2.383704882687283713e-02 3.517819625845198389e-02
1.210016694490817990e+01 1.985969717692058489e-02 3.534758652848519339e-02
1.212687813021702787e+01 1.644763065311376227e-02 3.551779319023749132e-02
1.215358931552587762e+01 2.569182794844832030e-02 3.568882017838253401e-02
1.218030050083472560e+01 5.458498150790880993e-02 3.586067144655753075e-02
1.220701168614357357e+01 -1.473884879874600741e-02 3.603335096745461513e-02
1.223372287145242154e+01 -1.309823288988881326e-02 3.620686273291262580e-02
1.226043405676126952e+01 1.150494362894698974e-01 3.638121075400949089e-02
1.228714524207011749e+01 -3.467658833190910561e-02 3.655639906115483451e-02
1.231385642737896546e+01 5.474606786887249721e-02 3.673243170418322850e-02
1.234056761268781344e+01 3.703765496943700608e-02 3.690931275244780513e-02
1.236727879799666141e+01 7.029344492945688305e-02 3.708704629491428595e-02
1.239398998330550938e+01 7.277345442905709672e-03 3.726563644025553818e-02
1.242070116861435736e+01 5.770080772734224178e-02 3.744508731694655423e-02
1.244741235392320533e+01 5.540009620983049610e-02 3.762540307335988932e-02
1.247412353923205330e+01 3.214500607430686996e-02 3.780658787786154301e-02
1.250083472454090128e+01 1.228206423434327448e-02 3.798864591890733361e-02
1.252754590984974925e+01 -1.364743920689940118e-02 3.817158140513973730e-02
1.255425709515859722e+01 8.080591211013297970e-02 3.835539856548513676e-02
1.258096828046744697e+01 5.982049534613597536e-02 3.854010164925163184e-02
1.260767946577629495e+01 8.212542238132505834e-02 3.872569492622723181e-02
1.263439065108514292e+01 1.278588186321470005e-02 3.891218268677857500e-02
1.266110183639399089e+01 -9.358943030824212750e-03 3.909956924195012035e-02
1.268781302170283887e+01 4.238308649309232776e-03 3.928785892356380371e-02
1.271452420701168684e+01 3.362179005760645989e-02 3.947705608431911761e-02
1.274123539232053481e+01 1.520307326030151569e-02 3.966716509789386391e-02
1.276794657762938279e+01 9.818003400396003999e-02 3.985819035904511476e-02
1.279465776293823076e+01 3.467850168541100619e-02 4.005013628371087431e-02
1.282136894824707873e+01 -4.684927054979950295e-02 4.024300730911221230e-02
1.284808013355592671e+01 -1.989013306078412160e-02 4.043680789385573765e-02
1.287479131886477468e+01 1.772386035167526977e-02 4.063154251803670347e-02
1.290150250417362265e+01 5.956936642675408206e-02 4.082721568334266721e-02
1.292821368948247063e+01 2.292577065743907350e-02 4.102383191315739364e-02
1.295492487479131860e+01 3.752438018233100747e-02 4.122139575266551420e-02
1.298163606010016657e+01 -3.096288782904147580e-02 4.141991176895765819e-02
1.300834724540901455e+01 -5.230179597384509299e-02 4.161938455113587537e-02
1.303505843071786430e+01 8.243019850570529328e-02 4.181981871041985654e-02
1.306176961602671227e+01 -1.143400982676555655e-01 4.202121888025346641e-02
1.308848080133556024e+01 4.930158431264232421e-02 4.222358971641187314e-02
1.311519198664440822e+01 3.921341855598534792e-02 4.242693589710917063e-02
1.314190317195325619e+01 3.530609439264997818e-02 4.263126212310654889e-02
1.316861435726210416e+01 4.480732780203899868e-02 4.283657311782092247e-02
1.319532554257095214e+01 3.131361283248217109e-02 4.304287362743411394e-02
1.322203672787980011e+01 5.344241706467841441e-02 4.325016842100268266e-02
1.324874791318864808e+01 -2.311105391291918068e-02 4.345846229056800347e-02
1.327545909849749606e+01 5.692201943970363887e-02 4.366776005126714322e-02
1.330217028380634403e+01 -2.503051423054580490e-02 4.387806654144420920e-02
1.332888146911519200e+01 1.602602374059436743e-02 4.408938662276208620e-02
1.335559265442403998e+01 6.424458728519662210e-02 4.430172518031488815e-02
1.338230383973288795e+01 4.960804245428908354e-02 4.451508712274093726e-02
1.340901502504173592e+01 4.318038685205574656e-02 4.472947738233611775e-02
1.343572621035058390e+01 2.671250963510361093e-02 4.494490091516797209e-02
1.346243739565943365e+01 -1.714712725205472243e-03 4.516136270119032459e-02
1.348914858096828162e+01 2.217103496094274470e-02 4.537886774435822418e-02
1.351585976627712959e+01 3.380807453671762219e-02 4.559742107274379619e-02
1.354257095158597757e+01 4.671055038973332546e-02 4.581702773865244799e-02
1.356928213689482554e+01 4.690288853257031099e-02 4.603769281873958119e-02
1.359599332220367351e+01 1.138955401226426078e-01 4.625942141412796998e-02
1.362270450751252149e+01 -7.941321554389110804e-02 4.648221865052580559e-02
1.364941569282136946e+01 -1.768408041043287304e-02 4.670608967834501135e-02
1.367612687813021743e+01 -9.595220868688937588e-02 4.693103967282038352e-02
1.370283806343906541e+01 5.580554891211997326e-02 4.715707383412931497e-02
1.372954924874791338e+01 4.734810523617441827e-03 4.738419738751183108e-02
1.375626043405676135e+01 1.478425668857090425e-02 4.761241558339150692e-02
1.378297161936560933e+01 5.324211902336079688e-02 4.784173369749682853e-02
1.380968280467445730e+01 -8.151665789836386178e-03 4.807215703098311615e-02
1.383639398998330527e+01 5.230071695805169063e-02 4.830369091055505826e-02
1.386310517529215325e+01 -6.150087914568324460e-02 4.853634068858994621e-02
1.388981636060100122e+01 2.856187938390530520e-02 4.877011174326127685e-02
1.391652754590985097e+01 5.703831482758528471e-02 4.900500947866315987e-02
1.394323873121869894e+01 -2.663320707156957221e-02 4.924103932493524571e-02
1.396994991652754692e+01 -5.747443111813508448e-02 4.947820673838815991e-02
1.399666110183639489e+01 -3.575517398318128065e-02 4.971651720162983262e-02
1.402337228714524286e+01 5.020759561488050832e-02 4.995597622369202934e-02
1.405008347245409084e+01 3.201705966931424341e-02 5.019658934015779062e-02
1.407679465776293881e+01 5.011399021013992344e-02 5.043836211328942692e-02
1.410350584307178679e+01 -8.868323545138273936e-03 5.068130013215709634e-02
1.413021702838063476e+01 2.755486715287379026e-02 5.092540901276795817e-02
1.415692821368948273e+01 -5.008400071473850801e-02 5.117069439819598581e-02
1.418363939899833071e+01 7.334072141621212661e-03 5.141716195871255668e-02
1.421035058430717868e+01 4.522060394515955983e-02 5.166481739191734757e-02
1.423706176961602665e+01 -9.847597047320177932e-02 5.191366642287013888e-02
1.426377295492487463e+01 8.380817754686246956e-02 5.216371480422322959e-02
1.429048414023372260e+01 3.021448853920367245e-02 5.241496831635426151e-02
1.431719532554257057e+01 3.684796356393625627e-02 5.266743276749993874e-02
1.434390651085142032e+01 5.433185415195238011e-02 5.292111399389038545e-02
1.437061769616026830e+01 -2.013815589628137337e-02 5.317601785988380209e-02
1.439732888146911627e+01 3.793802011613890690e-02 5.343215025810233582e-02
1.442404006677796424e+01 1.275756828084731453e-02 5.368951710956807594e-02
1.445075125208681222e+01 -1.808614263069854497e-02 5.394812436384003457e-02
1.447746243739566019e+01 3.645871465037778258e-02 5.420797799915169635e-02
1.450417362270450816e+01 2.417283437190783507e-02 5.446908402254914405e-02
1.453088480801335614e+01 -4.012608953204241380e-02 5.473144847002993363e-02
1.455759599332220411e+01 2.828888151376473398e-02 5.499507740668275330e-02
1.458430717863105208e+01 6.302649853342504049e-02 5.525997692682745044e-02
1.461101836393990006e+01 6.591135677330489662e-02 5.552615315415602298e-02
1.463772954924874803e+01 3.031898200918676373e-02 5.579361224187412427e-02
1.466444073455759600e+01 1.236061830673176321e-01 5.606236037284342832e-02
1.469115191986644398e+01 3.803158765427139959e-02 5.633240375972437680e-02
1.471786310517529195e+01 3.588960562262159815e-02 5.660374864511991816e-02
1.474457429048413992e+01 3.742007764224734856e-02 5.687640130171982972e-02
1.477128547579298790e+01 1.626002982327924007e-01 5.715036803244563646e-02
1.479799666110183765e+01 -2.650458046118249478e-02 5.742565517059636249e-02
1.482470784641068562e+01 -5.038684792091127629e-02 5.770226907999497640e-02
1.485141903171953359e+01 -4.590969236652767127e-02 5.798021615513541949e-02
1.487813021702838157e+01 -1.074238039641876724e-01 5.825950282133052910e-02
1.490484140233722954e+01 6.767524030725948284e-03 5.854013553486048932e-02
1.493155258764607751e+01 1.894815851815372792e-02 5.882212078312206577e-02
1.495826377295492549e+01 -8.302090028170999725e-02 5.910546508477873551e-02
1.498497495826377346e+01 1.026657557631003026e-01 5.939017498991115002e-02
1.501168614357262143e+01 1.217179664675593770e-01 5.967625708016869451e-02
1.503839732888146941e+01 2.444877930145746350e-02 5.996371796892167177e-02
1.506510851419031738e+01 -4.843501974216903039e-02 6.025256430141404107e-02
1.509181969949916535e+01 -3.412303811102693901e-03 6.054280275491712854e-02
1.511853088480801333e+01 -3.497671154138137090e-02 6.083444003888403145e-02
1.514524207011686130e+01 -8.439246487905681382e-02 6.112748289510461230e-02
1.517195325542570927e+01 2.982794647306105315e-02 6.142193809786137410e-02
1.519866444073455725e+01 5.227690481944966688e-02 6.171781245408617528e-02
1.522537562604340700e+01 7.195456530826524477e-02 6.201511280351743732e-02
1.525208681135225497e+01 -2.780851343627868677e-02 6.231384601885826824e-02
1.527879799666110294e+01 -6.429706389822971088e-03 6.261401900593550895e-02
1.530550918196995092e+01 -1.634229314050102827e-02 6.291563870385916135e-02
1.533222036727879889e+01 7.365693220520848523e-03 6.321871208518292651e-02
1.535893155258764686e+01 4.638094242464589623e-02 6.352324615606541602e-02
1.538564273789649484e+01 -1.711592330622022790e-02 6.382924795643195315e-02
1.541235392320534281e+01 -2.230614770853962120e-02 6.413672456013745637e-02
1.543906510851419078e+01 6.442416356872125716e-02 6.444568307512998917e-02
1.546577629382303876e+01 -4.690885738548945805e-02 6.475613064361493421e-02
1.549248747913188673e+01 3.986581874703516021e-02 6.506807444222018066e-02
1.551919866444073470e+01 1.195626579266761969e-01 6.538152168216210258e-02
1.554590984974958268e+01 6.197037039884240733e-02 6.569647960941209230e-02
1.557262103505843065e+01 -3.346175113936029899e-02 6.601295550486419028e-02
1.559933222036727862e+01 -7.923231246791993809e-02 6.633095668450342264e-02
1.562604340567612660e+01 6.130741161138746065e-02 6.665049049957477711e-02
1.565275459098497457e+01 6.504436198918243928e-02 6.697156433675321985e-02
1.567946577629382432e+01 3.816550547235630919e-02 6.729418561831461421e-02
1.570617696160267229e+01 6.344706456095153269e-02 6.761836180230698656e-02
1.573288814691152027e+01 -4.718219725314486135e-02 6.794410038272312435e-02
1.575959933222036824e+01 4.318489945208872638e-02 6.827140888967390964e-02
1.578631051752921621e+01 6.413305405321778618e-02 6.860029488956216615e-02
1.581302170283806419e+01 -3.266677916091002831e-02 6.893076598525767207e-02
1.583973288814691216e+01 3.029610353170830543e-03 6.926282981627301938e-02
1.586644407345576013e+01 -2.129581624033307849e-03 6.959649405894004215e-02
1.589315525876460811e+01 1.529337525882772109e-02 6.993176642658734121e-02
1.591986644407345608e+01 -1.962417237587975594e-01 7.026865466971868313e-02
1.594657762938230405e+01 2.661939202599984677e-02 7.060716657619200975e-02
1.597328881469115203e+01 -6.691163529928251252e-02 7.094730997139954420e-02
1.600000000000000000e+01 8.412309521585245586e-02 7.128909271844878492e-02
