0.000000000000000000e+00 3.001855091873533721e-01 4.031999999999999994e-03
2.671118530884808093e-02 2.942292415700174524e-01 4.051278361594249505e-03
5.342237061769616185e-02 3.006712024602024025e-01 4.070649636994939403e-03
8.013355592654423931e-02 2.918451683681077546e-01 4.090114274008556892e-03
1.068447412353923237e-01 3.005762692002168501e-01 4.109672722599837583e-03
1.335559265442403942e-01 2.943705311528842516e-01 4.129325434902159087e-03
1.602671118530884786e-01 2.864402201360324307e-01 4.149072865227999667e-03
1.869782971619365630e-01 2.943306007348432396e-01 4.168915470079434180e-03
2.136894824707846474e-01 2.918704946993211369e-01 4.188853708158693338e-03
2.404006677796327318e-01 2.901062403108790599e-01 4.208888040378763740e-03
2.671118530884807885e-01 2.884169159608876987e-01 4.229018929874042536e-03
2.938230383973288729e-01 2.972741471105693201e-01 4.249246842011048485e-03
3.205342237061769572e-01 2.865715439014930310e-01 4.269572244399172031e-03
3.472454090150250416e-01 2.851937499801860953e-01 4.289995606901493043e-03
3.739565943238731260e-01 2.819485396378411113e-01 4.310517401645636709e-03
4.006677796327212104e-01 2.821226001589187682e-01 4.331138103034690157e-03
4.273789649415692948e-01 2.841472246824712777e-01 4.351858187758170238e-03
4.540901502504173792e-01 2.788162499484275192e-01 4.372678134803040760e-03
4.808013355592654636e-01 2.694358232700785338e-01 4.393598425464786961e-03
5.075125208681134925e-01 2.710499825238945060e-01 4.414619543358541155e-03
5.342237061769615769e-01 2.674672213945063493e-01 4.435741974430263898e-03
5.609348914858096613e-01 2.748742999406446619e-01 4.456966206967973715e-03
5.876460767946577457e-01 2.689658242492238838e-01 4.478292731613040152e-03
6.143572621035058301e-01 2.632378666865389238e-01 4.499722041371520195e-03
6.410684474123539145e-01 2.649688269661445994e-01 4.521254631625559739e-03
6.677796327212019989e-01 2.692447062984356654e-01 4.542891000144844496e-03
6.944908180300500833e-01 2.573389663933026705e-01 4.564631647098103817e-03
7.212020033388981677e-01 2.589473127391840324e-01 4.586477075064677826e-03
7.479131886477462521e-01 2.558250515440332329e-01 4.608427789046132261e-03
7.746243739565943365e-01 2.483585777386932147e-01 4.630484296477933165e-03
8.013355592654424209e-01 2.577064961655374242e-01 4.652647107241177950e-03
8.280467445742905053e-01 2.479222550963794403e-01 4.674916733674381979e-03
8.547579298831385897e-01 2.496698516296670944e-01 4.697293690585324123e-03
8.814691151919866741e-01 2.524830786637894953e-01 4.719778495262943498e-03
9.081803005008347585e-01 2.428361718978930273e-01 4.742371667489299510e-03
9.348914858096828429e-01 2.504066833966729355e-01 4.765073729551590892e-03
9.616026711185309273e-01 2.420688713689847504e-01 4.787885206254226776e-03
9.883138564273790116e-01 2.373851901931867403e-01 4.810806624930953276e-03
1.015025041736226985e+00 2.342263768669303192e-01 4.833838515457057269e-03
1.041736227045075180e+00 2.342694019768228886e-01 4.856981410261601399e-03
1.068447412353923154e+00 2.368204024897829496e-01 4.880235844339740614e-03
1.095158597662771349e+00 2.329134064724826536e-01 4.903602355265086407e-03
1.121869782971619323e+00 2.309719219394339440e-01 4.927081483202135244e-03
1.148580968280467518e+00 2.281073295690811409e-01 4.950673770918757703e-03
1.175292153589315491e+00 2.272798820139212417e-01 4.974379763798737926e-03
1.202003338898163687e+00 2.255871408363823993e-01 4.998200009854391127e-03
1.228714524207011660e+00 2.304505594382172395e-01 5.022135059739225339e-03
1.255425709515859856e+00 2.254028852758919177e-01 5.046185466760675156e-03
1.282136894824707829e+00 2.228822675598509107e-01 5.070351786892885772e-03
1.308848080133556024e+00 2.198989996593802010e-01 5.094634578789574222e-03
1.335559265442403998e+00 2.133461207097679668e-01 5.119034403796938332e-03
1.362270450751252193e+00 2.113152791299159339e-01 5.143551825966634176e-03
1.388981636060100167e+00 2.119324346540653881e-01 5.168187412068816870e-03
1.415692821368948362e+00 2.102215167344778091e-01 5.192941731605242063e-03
1.442404006677796335e+00 2.192451517262889726e-01 5.217815356822425553e-03
1.469115191986644531e+00 2.139058219743129319e-01 5.242808862724884431e-03
1.495826377295492504e+00 2.001166257926347003e-01 5.267922827088417255e-03
1.522537562604340700e+00 2.086498911062946993e-01 5.293157830473465761e-03
1.549248747913188673e+00 2.024955949778721176e-01 5.318514456238537282e-03
1.575959933222036868e+00 1.990100720975021831e-01 5.343993290553686153e-03
1.602671118530884842e+00 2.036492413755602859e-01 5.369594922414066239e-03
1.629382303839733037e+00 1.977943178648448042e-01 5.395319943653548514e-03
1.656093489148581011e+00 1.839565297676134803e-01 5.421168948958399354e-03
1.682804674457429206e+00 1.825909727974140695e-01 5.447142535881029958e-03
1.709515859766277179e+00 1.894351942610594808e-01 5.473241304853809081e-03
1.736227045075125153e+00 1.884481824303079756e-01 5.499465859202943424e-03
1.762938230383973348e+00 1.900286698848674405e-01 5.525816805162425682e-03
1.789649415692821321e+00 1.872605426487256031e-01 5.552294751888046768e-03
1.816360601001669517e+00 1.768905036410622911e-01 5.578900311471480904e-03
1.843071786310517490e+00 1.762742668440146210e-01 5.605634098954431419e-03
1.869782971619365686e+00 1.820024694312721569e-01 5.632496732342852017e-03
1.896494156928213659e+00 1.727138312943818643e-01 5.659488832621232222e-03
1.923205342237061855e+00 1.698720395689905793e-01 5.686611023766950483e-03
1.949916527545909828e+00 1.750871624808460203e-01 5.713863932764702731e-03
1.976627712854758023e+00 1.792601481753823278e-01 5.741248189620993397e-03
2.003338898163605997e+00 1.567976447003950335e-01 5.768764427378700148e-03
2.030050083472453970e+00 1.604148232366996440e-01 5.796413282131708880e-03
2.056761268781302388e+00 1.732011542189107745e-01 5.824195393039616371e-03
2.083472454090150361e+00 1.538232094524842331e-01 5.852111402342507519e-03
2.110183639398998334e+00 1.618495772102373498e-01 5.880161955375801108e-03
2.136894824707846308e+00 1.725985811802694669e-01 5.908347700585167561e-03
2.163606010016694725e+00 1.591967243440353952e-01 5.936669289541523023e-03
2.190317195325542698e+00 1.437304372362500360e-01 5.965127376956083291e-03
2.217028380634390672e+00 1.506063133285474587e-01 5.993722620695508818e-03
2.243739565943238645e+00 1.653078692425565543e-01 6.022455681797104360e-03
2.270450751252087063e+00 1.455725166371068247e-01 6.051327224484107960e-03
2.297161936560935036e+00 1.464684470681291983e-01 6.080337916181036313e-03
2.323873121869783009e+00 1.523034900893815713e-01 6.109488427529122939e-03
2.350584307178630983e+00 1.368406178512961147e-01 6.138779432401816200e-03
2.377295492487479400e+00 1.435122611727747965e-01 6.168211607920358851e-03
2.404006677796327374e+00 1.501042640401261119e-01 6.197785634469438719e-03
2.430717863105175347e+00 1.391778088643005062e-01 6.227502195712920907e-03
2.457429048414023320e+00 1.383750307086391851e-01 6.257361978609651994e-03
2.484140233722871738e+00 1.346006362706409498e-01 6.287365673429334487e-03
2.510851419031719711e+00 1.204803616145782019e-01 6.317513973768490616e-03
2.537562604340567685e+00 1.280078330458837566e-01 6.347807576566495517e-03
2.564273789649415658e+00 1.303601913142171664e-01 6.378247182121682402e-03
2.590984974958263631e+00 1.252968675977136070e-01 6.408833494107539670e-03
2.617696160267112049e+00 1.147381978955605564e-01 6.439567219588971346e-03
2.644407345575960022e+00 1.269021562029558903e-01 6.470449069038645105e-03
2.671118530884807996e+00 1.286182942475279645e-01 6.501479756353417509e-03
2.697829716193655969e+00 1.201215349824346218e-01 6.532659998870832090e-03
2.724540901502504386e+00 1.365221810023151128e-01 6.563990517385709378e-03
2.751252086811352360e+00 1.224146795775961638e-01 6.595472036166801118e-03
2.777963272120200333e+00 1.281101048927979213e-01 6.627105282973543357e-03
2.804674457429048307e+00 1.162881591322437180e-01 6.658890989072870255e-03
2.831385642737896724e+00 1.020615802278122680e-01 6.690829889256126768e-03
2.858096828046744697e+00 1.113445896965024884e-01 6.722922721856045523e-03
2.884808013355592671e+00 1.151747430647952625e-01 6.755170228763825169e-03
2.911519198664440644e+00 1.142498754821059948e-01 6.787573155446275514e-03
2.938230383973289062e+00 1.102609264486298785e-01 6.820132250963050272e-03
2.964941569282137035e+00 1.116406412216890964e-01 6.852848267983963938e-03
2.991652754590985008e+00 1.088633108083445072e-01 6.885721962806390199e-03
3.018363939899832982e+00 1.074800643611469042e-01 6.918754095372748811e-03
3.045075125208681399e+00 1.052345864141027570e-01 6.951945429288067940e-03
3.071786310517529373e+00 9.488476515502133890e-02 6.985296731837639314e-03
3.098497495826377346e+00 9.103002349440381114e-02 7.018808774004759235e-03
3.125208681135225319e+00 8.650867472586083740e-02 7.052482330488543324e-03
3.151919866444073737e+00 9.905171387348199463e-02 7.086318179721844482e-03
3.178631051752921710e+00 9.566819485834041070e-02 7.120317103889235028e-03
3.205342237061769683e+00 8.984104929193954814e-02 7.154479888945105073e-03
3.232053422370617657e+00 8.249158517512937550e-02 7.188807324631819005e-03
3.258764607679466074e+00 9.287544254367947894e-02 7.223300204497975184e-03
3.285475792988314048e+00 9.781485095778683081e-02 7.257959325916754113e-03
3.312186978297162021e+00 1.029745992541604843e-01 7.292785490104345542e-03
3.338898163606009994e+00 9.201546152005575518e-02 7.327779502138471839e-03
3.365609348914858412e+00 9.214000558341778335e-02 7.362942170977008517e-03
3.392320534223706385e+00 8.980713203366594288e-02 7.398274309476664604e-03
3.419031719532554359e+00 7.819413146363643485e-02 7.433776734411794845e-03
3.445742904841402332e+00 6.939392393059781727e-02 7.469450266493268299e-03
3.472454090150250305e+00 8.750896138714650552e-02 7.505295730387444471e-03
3.499165275459098723e+00 5.314136480057359002e-02 7.541313954735237059e-03
3.525876460767946696e+00 6.293532503548579515e-02 7.577505772171269638e-03
3.552587646076794670e+00 7.205318163851688607e-02 7.613872019343123285e-03
3.579298831385642643e+00 6.368677313740707391e-02 7.650413536930677876e-03
3.606010016694491060e+00 9.181403684668032472e-02 7.687131169665547062e-03
3.632721202003339034e+00 7.926444642234961591e-02 7.724025766350602583e-03
3.659432387312187007e+00 5.658473456259721646e-02 7.761098179879600927e-03
3.686143572621034981e+00 6.390708809340017726e-02 7.798349267256894125e-03
3.712854757929883398e+00 7.268075685119528007e-02 7.835779889617247237e-03
3.739565943238731371e+00 6.030152083227538484e-02 7.873390912245741696e-03
3.766277128547579345e+00 7.413155904974366717e-02 7.911183204597774937e-03
3.792988313856427318e+00 6.328214685673864970e-02 7.949157640319167578e-03
3.819699499165275736e+00 5.724448066981646654e-02 7.987315097266356467e-03
3.846410684474123709e+00 5.479764479255761628e-02 8.025656457526678805e-03
3.873121869782971682e+00 5.742445914353041386e-02 8.064182607438781167e-03
3.899833055091819656e+00 5.379850687185114277e-02 8.102894437613092707e-03
3.926544240400668073e+00 5.821999226598460059e-02 8.141792842952425002e-03
3.953255425709516047e+00 4.630231798369097151e-02 8.180878722672646486e-03
3.979966611018364020e+00 5.274079946088650050e-02 8.220152980323488720e-03
4.006677796327211993e+00 5.380790860777251439e-02 8.259616523809416855e-03
4.033388981636059967e+00 4.144016264355743911e-02 8.299270265410621517e-03
4.060100166944907940e+00 4.897657455490610906e-02 8.339115121804114780e-03
4.086811352253756802e+00 3.925359316226072204e-02 8.379152014084916347e-03
4.113522537562604775e+00 4.884758675148426904e-02 8.419381867787340337e-03
4.140233722871452748e+00 3.313385015486333685e-02 8.459805612906403510e-03
4.166944908180300722e+00 4.616391240872198820e-02 8.500424183919316756e-03
4.193656093489148695e+00 3.325391825950520241e-02 8.541238519807087606e-03
4.220367278797996669e+00 4.423004001739602037e-02 8.582249564076228562e-03
4.247078464106844642e+00 3.655893101935008688e-02 8.623458264780560836e-03
4.273789649415692615e+00 4.231720593584410717e-02 8.664865574543146459e-03
4.300500834724540589e+00 3.993512574276147920e-02 8.706472450578294983e-03
4.327212020033389450e+00 6.368892572420509213e-02 8.748279854713696818e-03
4.353923205342237424e+00 4.075719602795278840e-02 8.790288753412658918e-03
4.380634390651085397e+00 3.410649438581585952e-02 8.832500117796442812e-03
4.407345575959933370e+00 3.393057177378419609e-02 8.874914923666720606e-03
4.434056761268781344e+00 3.787487604707593519e-02 8.917534151528128117e-03
4.460767946577629317e+00 2.931330638456114412e-02 8.960358786610932505e-03
4.487479131886477290e+00 4.844693075929904641e-02 9.003389818893800522e-03
4.514190317195325264e+00 4.123064189480281361e-02 9.046628243126703800e-03
4.540901502504174125e+00 4.557071780895848023e-02 9.090075058853886586e-03
4.567612687813022099e+00 3.145472095409709845e-02 9.133731270436996549e-03
4.594323873121870072e+00 1.743696183510399372e-02 9.177597887078290176e-03
4.621035058430718045e+00 1.647993926008183702e-02 9.221675922843964798e-03
4.647746243739566019e+00 2.660567216665313608e-02 9.265966396687603385e-03
4.674457429048413992e+00 2.586718821162537624e-02 9.310470332473725144e-03
4.701168614357261966e+00 2.274157972042012421e-02 9.355188759001462767e-03
4.727879799666109939e+00 4.184816642949946985e-02 9.400122710028329873e-03
4.754590984974958801e+00 1.366180787040009205e-02 9.445273224294139375e-03
4.781302170283806774e+00 2.914147036751181530e-02 9.490641345544989504e-03
4.808013355592654747e+00 2.700184401172549611e-02 9.536228122557425038e-03
4.834724540901502721e+00 3.058544360841780954e-02 9.582034609162648833e-03
4.861435726210350694e+00 2.698570881902164972e-02 9.628061864270906836e-03
4.888146911519198667e+00 1.833590181433097585e-02 9.674310951895958091e-03
4.914858096828046641e+00 2.501100305523034500e-02 9.720782941179669651e-03
4.941569282136894614e+00 4.012978416797448322e-02 9.767478906416732914e-03
4.968280467445743476e+00 2.492200877183264537e-02 9.814399927079506605e-03
4.994991652754591449e+00 2.065237222969024816e-02 9.861547087842956888e-03
5.021702838063439422e+00 2.732871063939730505e-02 9.908921478609741471e-03
5.048414023372287396e+00 1.863319014393506265e-02 9.956524194535402994e-03
5.075125208681135369e+00 2.499036576268142545e-02 1.000435633605368559e-02
5.101836393989983343e+00 1.697401676103845944e-02 1.005241900890197285e-02
5.128547579298831316e+00 7.198085465408685449e-03 1.010071332414684900e-02
5.155258764607679289e+00 1.736980675711187125e-02 1.014924039820978494e-02
5.181969949916527263e+00 2.004237840998791126e-02 1.019800135289294397e-02
5.208681135225376124e+00 1.304577614525829522e-02 1.024699731540511943e-02
5.235392320534224098e+00 -6.635222821997244225e-03 1.029622941838778498e-02
5.262103505843072071e+00 1.872395455813899434e-03 1.034569879994128895e-02
5.288814691151920044e+00 1.143489678861182857e-02 1.039540660365115103e-02
5.315525876460768018e+00 2.589539618952604871e-02 1.044535397861450637e-02
5.342237061769615991e+00 1.177799786528902111e-02 1.049554207946666595e-02
5.368948247078463964e+00 8.625750336447343680e-03 1.054597206640781916e-02
5.395659432387311938e+00 4.120052665388939175e-03 1.059664510522983008e-02
5.422370617696160799e+00 4.976171956891574377e-03 1.064756236734321765e-02
5.449081803005008773e+00 7.446923862301480478e-03 1.069872502980420519e-02
5.475792988313856746e+00 8.517870730673664237e-03 1.075013427534195383e-02
5.502504173622704720e+00 1.665349244849143040e-02 1.080179129238589483e-02
5.529215358931552693e+00 2.235959218981567465e-02 1.085369727509319891e-02
5.555926544240400666e+00 1.587166422637455859e-02 1.090585342337638784e-02
5.582637729549248640e+00 1.905787739760005789e-02 1.095826094293106401e-02
5.609348914858096613e+00 6.302131971928983355e-03 1.101092104526380129e-02
5.636060100166945475e+00 3.759019812671352684e-02 1.106383494772013310e-02
5.662771285475793448e+00 1.404006369233825983e-02 1.111700387351268783e-02
5.689482470784641421e+00 1.823351344115160116e-02 1.117042905174949613e-02
5.716193656093489395e+00 -5.947743357356720731e-03 1.122411171746237786e-02
5.742904841402337368e+00 1.182423386794079559e-02 1.127805311163549568e-02
5.769616026711185341e+00 2.948987643328293551e-02 1.133225448123405601e-02
5.796327212020033315e+00 2.642083615389915346e-02 1.138671707923312459e-02
5.823038397328881288e+00 1.614521145953005249e-02 1.144144216464658935e-02
5.849749582637730150e+00 1.284384123539199923e-02 1.149643100255627257e-02
5.876460767946578123e+00 2.357736065330366150e-03 1.155168486414117311e-02
5.903171953255426097e+00 -3.399727012416970187e-03 1.160720502670685439e-02
5.929883138564274070e+00 8.559708183962299460e-03 1.166299277371496065e-02
5.956594323873122043e+00 8.484772965241221820e-03 1.171904939481290681e-02
5.983305509181970017e+00 -1.122492095942894362e-02 1.177537618586367053e-02
6.010016694490817990e+00 -1.931704298509109158e-03 1.183197444897576486e-02
6.036727879799665963e+00 -1.667394437122882850e-02 1.188884549253333041e-02
6.063439065108513937e+00 7.385751383103755612e-03 1.194599063122638201e-02
6.090150250417362798e+00 7.399292903939747729e-04 1.200341118608120455e-02
6.116861435726210772e+00 -1.288899152145591212e-02 1.206110848449088238e-02
6.143572621035058745e+00 5.617887274056675151e-03 1.211908386024600041e-02
6.170283806343906718e+00 6.943267643780733946e-03 1.217733865356545805e-02
6.196994991652754692e+00 1.452298731035970777e-02 1.223587421112747042e-02
6.223706176961602665e+00 8.943366427387761802e-03 1.229469188610068410e-02
6.250417362270450639e+00 -1.412959998534066980e-02 1.235379303817546459e-02
6.277128547579298612e+00 1.471920132940280138e-03 1.241317903359532952e-02
6.303839732888147473e+00 -5.650819827451461150e-03 1.247285124518852754e-02
6.330550918196995447e+00 9.695623442070346043e-03 1.253281105239978203e-02
6.357262103505843420e+00 1.840458166946178781e-02 1.259305984132216838e-02
6.383973288814691394e+00 -9.782343938024011532e-03 1.265359900472917340e-02
6.410684474123539367e+00 1.156904377113334922e-02 1.271442994210686926e-02
6.437395659432387340e+00 2.086255671131389752e-02 1.277555405968628863e-02
6.464106844741235314e+00 1.390925419484948661e-02 1.283697277047591429e-02
6.490818030050083287e+00 6.317072644756438309e-03 1.289868749429435094e-02
6.517529215358932149e+00 1.802710590175362476e-02 1.296069965780315657e-02
6.544240400667780122e+00 -6.326537516072421041e-04 1.302301069453980220e-02
6.570951585976628095e+00 -2.065243702541928739e-03 1.308562204495082593e-02
6.597662771285476069e+00 2.315833918663660895e-02 1.314853515642513265e-02
6.624373956594324042e+00 8.409780810813361276e-04 1.321175148332744652e-02
6.651085141903172016e+00 9.099789469126529778e-03 1.327527248703192983e-02
6.677796327212019989e+00 -1.174479500337528848e-02 1.333909963595597201e-02
6.704507512520867962e+00 1.005734683147169357e-03 1.340323440559414159e-02
6.731218697829716824e+00 2.997200139120290499e-02 1.346767827855227008e-02
6.757929883138564797e+00 1.399511546850752512e-02 1.353243274458175265e-02
6.784641068447412771e+00 -1.878927242574254374e-03 1.359749930061397716e-02
6.811352253756260744e+00 -2.900788688513056962e-02 1.366287945079491979e-02
6.838063439065108717e+00 4.333465109795917904e-03 1.372857470651993317e-02
6.864774624373956691e+00 -9.632178911557882917e-03 1.379458658646866981e-02
6.891485809682804664e+00 5.933397423329293471e-03 1.386091661664019641e-02
6.918196994991652637e+00 1.121655879175916838e-02 1.392756633038827463e-02
6.944908180300500611e+00 -1.345375584759288430e-02 1.399453726845680153e-02
6.971619365609349472e+00 8.590512001031900061e-03 1.406183097901542688e-02
6.998330550918197446e+00 2.095982848587790368e-02 1.412944901769534224e-02
7.025041736227045419e+00 3.862079374281591863e-03 1.419739294762525049e-02
7.051752921535893393e+00 1.699322708780620292e-02 1.426566433946748792e-02
7.078464106844741366e+00 1.212190000405513612e-02 1.433426477145434419e-02
7.105175292153589339e+00 7.493834604803400502e-03 1.440319582942454352e-02
7.131886477462437313e+00 2.671638566607674806e-02 1.447245910685989595e-02
7.158597662771285286e+00 9.896104489344088873e-03 1.454205620492214981e-02
7.185308848080134148e+00 1.600843296600435589e-02 1.461198873248999511e-02
7.212020033388982121e+00 1.615174995952463333e-02 1.468225830619625423e-02
7.238731218697830094e+00 -3.288094411214097148e-03 1.475286655046525487e-02
7.265442404006678068e+00 7.050456103665966520e-03 1.482381509755039371e-02
7.292153589315526041e+00 -4.750022766971983765e-03 1.489510558757185972e-02
7.318864774624374014e+00 -1.312588859260801176e-02 1.496673966855453786e-02
7.345575959933221988e+00 4.916487780695954699e-03 1.503871899646613483e-02
7.372287145242069961e+00 -1.423749033376782002e-03 1.511104523525542455e-02
7.398998330550918823e+00 -1.397151330171843807e-02 1.518372005689075203e-02
7.425709515859766796e+00 1.440613110997363867e-02 1.525674514139864664e-02
7.452420701168614769e+00 2.023735400218603167e-02 1.533012217690269373e-02
7.479131886477462743e+00 1.120424260446729187e-02 1.540385285966252432e-02
7.505843071786310716e+00 -9.681034551807438104e-03 1.547793889411306668e-02
7.532554257095158690e+00 3.136894869098778849e-02 1.555238199290391761e-02
7.559265442404006663e+00 1.135680358819665670e-02 1.562718387693893748e-02
7.585976627712854636e+00 9.489420940483526273e-03 1.570234627541604311e-02
7.612687813021703498e+00 3.150619786756395785e-02 1.577787092586719481e-02
7.639398998330551471e+00 2.150558362835671561e-02 1.585375957419850323e-02
7.666110183639399445e+00 -7.447480317510055819e-03 1.593001397473067099e-02
7.692821368948247418e+00 1.535432761017330172e-02 1.600663589023949840e-02
7.719532554257095391e+00 2.740808107120319952e-03 1.608362709199662177e-02
7.746243739565943365e+00 -3.320696016277597043e-04 1.616098935981051185e-02
7.772954924874791338e+00 3.056180868108945500e-02 1.623872448206757288e-02
7.799666110183639312e+00 1.957590234285113556e-02 1.631683425577349147e-02
7.826377295492487285e+00 -9.964259164477656805e-03 1.639532048659479366e-02
7.853088480801336146e+00 6.556021986320714756e-03 1.647418498890059271e-02
7.879799666110184120e+00 -6.475128878064170118e-03 1.655342958580447929e-02
7.906510851419032093e+00 -9.357569667080067877e-03 1.663305610920674804e-02
7.933222036727880067e+00 1.506375040289137379e-02 1.671306639983667630e-02
7.959933222036728040e+00 -2.345649129553275397e-02 1.679346230729511155e-02
7.986644407345576013e+00 3.101037858534006972e-02 1.687424569009721501e-02
8.013355592654423987e+00 1.263026523996005693e-02 1.695541841571543765e-02
8.040066777963271960e+00 -1.636775538842689601e-02 1.703698236062267321e-02
8.066777963272119933e+00 -1.074179133936728481e-02 1.711893941033565056e-02
8.093489148580967907e+00 -5.993998870582739960e-03 1.720129145945852381e-02
8.120200333889815880e+00 -5.942113802054561390e-03 1.728404041172664635e-02
8.146911519198663854e+00 -5.385849852078640129e-04 1.736718818005061546e-02
8.173622704507513603e+00 2.362697465161947563e-02 1.745073668656046614e-02
8.200333889816361577e+00 1.433602754090870270e-02 1.753468786265010085e-02
8.227045075125209550e+00 -2.530991976196951196e-03 1.761904364902196207e-02
8.253756260434057523e+00 -4.866370836484768675e-04 1.770380599573188538e-02
8.280467445742905497e+00 -1.021057900306513062e-02 1.778897686223417096e-02
8.307178631051753470e+00 1.391264489041639171e-02 1.787455821742688772e-02
8.333889816360601444e+00 -1.920070417281458108e-02 1.796055203969738542e-02
8.360601001669449417e+00 -2.068169185436811996e-02 1.804696031696803940e-02
8.387312186978297390e+00 -2.652578922913782777e-03 1.813378504674217906e-02
8.414023372287145364e+00 3.897569019214378039e-02 1.822102823615030440e-02
8.440734557595993337e+00 1.455028940925589230e-02 1.830869190199643087e-02
8.467445742904841310e+00 -1.227411687586096693e-02 1.839677807080477429e-02
8.494156928213689284e+00 -6.730658189652684656e-04 1.848528877886655361e-02
8.520868113522537257e+00 2.560600104454121423e-02 1.857422607228707834e-02
8.547579298831385231e+00 9.924845780910161036e-03 1.866359200703304397e-02
8.574290484140233204e+00 -8.861037620148280378e-04 1.875338864898007385e-02
8.601001669449081177e+00 -1.334170251095880694e-02 1.884361807396045183e-02
8.627712854757930927e+00 2.219215010508825137e-02 1.893428236781113938e-02
8.654424040066778900e+00 1.704750510695402302e-02 1.902538362642195585e-02
8.681135225375626874e+00 2.627833521161122496e-02 1.911692395578407436e-02
8.707846410684474847e+00 9.180708016308006258e-03 1.920890547203866344e-02
8.734557595993322821e+00 1.373027130162036979e-02 1.930133030152583751e-02
8.761268781302170794e+00 1.836310958525734505e-02 1.939420058083380152e-02
8.787979966611018767e+00 1.244674706307348847e-03 1.948751845684822473e-02
8.814691151919866741e+00 7.392677795892256890e-03 1.958128608680190230e-02
8.841402337228714714e+00 1.507243439011503490e-03 1.967550563832460436e-02
8.868113522537562687e+00 2.137503110027116557e-02 1.977017928949317827e-02
8.894824707846410661e+00 2.939074617959060859e-02 1.986530922888192149e-02
8.921535893155258634e+00 1.968910650039836646e-02 1.996089765561315926e-02
8.948247078464106607e+00 1.356894813828516191e-02 2.005694677940808232e-02
8.974958263772954581e+00 -6.092588782838873063e-03 2.015345882063784150e-02
9.001669449081802554e+00 1.838187104034656738e-02 2.025043601037485735e-02
9.028380634390650528e+00 1.488133496932573033e-02 2.034788059044440392e-02
9.055091819699500277e+00 1.966899555134777461e-02 2.044579481347645611e-02
9.081803005008348251e+00 -3.660278271340959566e-02 2.054418094295771061e-02
9.108514190317196224e+00 2.037109235090257126e-02 2.064304125328396411e-02
9.135225375626044197e+00 2.061814764289487262e-02 2.074237802981266851e-02
9.161936560934892171e+00 2.456949298158848938e-02 2.084219356891574629e-02
9.188647746243740144e+00 1.884667697283460078e-02 2.094249017803272161e-02
9.215358931552588118e+00 -1.753569620493757031e-02 2.104327017572399719e-02
9.242070116861436091e+00 1.705704629701799979e-02 2.114453589172451964e-02
9.268781302170284064e+00 3.422787173000053570e-03 2.124628966699757676e-02
9.295492487479132038e+00 -2.542612377968681697e-02 2.134853385378895907e-02
9.322203672787980011e+00 -3.462186817150963991e-04 2.145127081568131214e-02
9.348914858096827984e+00 -2.694690196987541142e-02 2.155450292764877346e-02
9.375626043405675958e+00 -3.610474284287379029e-03 2.165823257611190072e-02
9.402337228714523931e+00 1.631571185533145507e-02 2.176246215899280828e-02
9.429048414023371905e+00 -1.333527714251770031e-02 2.186719408577060889e-02
9.455759599332219878e+00 -2.839474706173170104e-02 2.197243077753713650e-02
9.482470784641067851e+00 1.943391194544073081e-02 2.207817466705287723e-02
9.509181969949917601e+00 -2.491591713820534917e-02 2.218442819880324379e-02
9.535893155258765574e+00 7.551112073314009826e-03 2.229119382905503724e-02
9.562604340567613548e+00 2.329302871883330225e-02 2.239847402591328696e-02
9.589315525876461521e+00 3.279992249006404015e-02 2.250627126937827446e-02
9.616026711185309495e+00 5.656312896562920578e-02 2.261458805140285563e-02
9.642737896494157468e+00 -1.751427777408498532e-02 2.272342687595008473e-02
9.669449081803005441e+00 1.697207630844521642e-02 2.283279025905109866e-02
9.696160267111853415e+00 1.539151162481538354e-02 2.294268072886325102e-02
9.722871452420701388e+00 2.306510352466390606e-02 2.305310082572860700e-02
9.749582637729549361e+00 1.271246035772859335e-02 2.316405310223262903e-02
9.776293823038397335e+00 2.834180043123325776e-02 2.327554012326318172e-02
9.803005008347245308e+00 1.379929837546554905e-02 2.338756446606986630e-02
9.829716193656093282e+00 -6.041668770467613359e-03 2.350012872032353900e-02
9.856427378964941255e+00 -1.081265639322072369e-03 2.361323548817623533e-02
9.883138564273789228e+00 1.556715719651006677e-02 2.372688738432128866e-02
9.909849749582637202e+00 2.272610519423337583e-02 2.384108703605377841e-02
9.936560934891486951e+00 -1.084802690085249696e-02 2.395583708333128697e-02
9.963272120200334925e+00 6.654081432486725310e-03 2.407114017883487875e-02
9.989983305509182898e+00 8.868921098988812035e-02 2.418699898803048504e-02
1.001669449081803087e+01 -2.902567654653563645e-02 2.430341618923048327e-02
1.004340567612687884e+01 -1.745949313583092244e-02 2.442039447365560931e-02
1.007011686143572682e+01 1.657475653142211416e-02 2.453793654549719233e-02
1.009682804674457479e+01 1.795036942561830870e-02 2.465604512197965004e-02
1.012353923205342277e+01 3.530035560955065849e-02 2.477472293342330642e-02
1.015025041736227074e+01 7.816352649634250582e-02 2.489397272330752531e-02
1.017696160267111871e+01 3.177537701057320946e-02 2.501379724833409715e-02
1.020367278797996669e+01 1.676340277382889002e-02 2.513419927849099705e-02
1.023038397328881466e+01 2.777307490631902853e-02 2.525518159711641689e-02
1.025709515859766263e+01 2.962399762027244018e-02 2.537674700096307148e-02
1.028380634390651061e+01 4.595597695241596808e-04 2.549889830026290036e-02
1.031051752921535858e+01 1.382968491231541600e-02 2.562163831879201575e-02
1.033722871452420655e+01 -1.936366086808624654e-02 2.574496989393594906e-02
1.036393989983305453e+01 1.856464979410522853e-02 2.586889587675528582e-02
1.039065108514190428e+01 1.478074225363230562e-02 2.599341913205156090e-02
1.041736227045075225e+01 2.616121267635402453e-03 2.611854253843345214e-02
1.044407345575960022e+01 -3.859808555339853259e-02 2.624426898838337283e-02
1.047078464106844820e+01 2.325729202297098508e-02 2.637060138832431760e-02
1.049749582637729617e+01 -4.802962414264216190e-02 2.649754265868704828e-02
1.052420701168614414e+01 2.646783607735717775e-02 2.662509573397759885e-02
1.055091819699499212e+01 3.404684759196344168e-02 2.675326356284512402e-02
1.057762938230384009e+01 3.341660566486538003e-03 2.688204910815007037e-02
1.060434056761268806e+01 3.016100264800272712e-03 2.701145534703263892e-02
1.063105175292153604e+01 4.263253761513496193e-04 2.714148527098164329e-02
1.065776293823038401e+01 -6.123188693706235058e-02 2.727214188590363492e-02
1.068447412353923198e+01 5.008666942853609583e-02 2.740342821219240652e-02
1.071118530884807996e+01 2.797869935419035337e-02 2.753534728479883203e-02
1.073789649415692793e+01 -3.579722303066738137e-02 2.766790215330097377e-02
1.076460767946577590e+01 2.503659269900699105e-03 2.780109588197463011e-02
1.079131886477462388e+01 1.843792160702546409e-02 2.793493154986415733e-02
1.081803005008347363e+01 1.807556184500458407e-02 2.806941225085362798e-02
1.084474123539232160e+01 7.078161247032840886e-02 2.820454109373838128e-02
1.087145242070116957e+01 2.333030947583188824e-02 2.834032120229686494e-02
1.089816360601001755e+01 1.004293164441674713e-02 2.847675571536287947e-02
1.092487479131886552e+01 3.008796130490185017e-02 2.861384778689809311e-02
1.095158597662771349e+01 -1.491239407083274314e-02 2.875160058606499730e-02
1.097829716193656147e+01 4.232761861563251113e-03 2.889001729730014331e-02
1.100500834724540944e+01 3.284039594748443258e-02 2.902910112038775345e-02
1.103171953255425741e+01 2.254016822779919202e-02 2.916885527053371743e-02
1.105843071786310539e+01 -3.632895528948199698e-02 2.930928297843988714e-02
1.108514190317195336e+01 4.029543390809604830e-02 2.945038749037876685e-02
1.111185308848080133e+01 -7.421894030919390373e-03 2.959217206826858862e-02
1.113856427378964931e+01 -7.187138620084024959e-03 2.973463998974865824e-02
1.116527545909849728e+01 2.289307115878515264e-02 2.987779454825521125e-02
1.119198664440734525e+01 1.977123431413253113e-02 3.002163905309744932e-02
1.121869782971619323e+01 -1.909251301110070215e-02 3.016617682953410054e-02
1.124540901502504120e+01 1.912402432460607107e-02 3.031141121885030584e-02
1.127212020033389095e+01 -2.423824231846583716e-02 3.045734557843481766e-02
1.129883138564273892e+01 -6.893811247468455139e-03 3.060398328185757327e-02
1.132554257095158690e+01 4.018965502349501617e-05 3.075132771894782679e-02
1.135225375626043487e+01 2.143417740665221061e-02 3.089938229587236435e-02
1.137896494156928284e+01 -6.026825517454127701e-03 3.104815043521429521e-02
1.140567612687813082e+01 1.169693141835607963e-02 3.119763557605222462e-02
1.143238731218697879e+01 2.196895373904211163e-02 3.134784117403966591e-02
1.145909849749582676e+01 3.971020729898033785e-02 3.149877070148496272e-02
1.148580968280467474e+01 4.906687381916108835e-03 3.165042764743160320e-02
1.151252086811352271e+01 -6.873630094471738089e-04 3.180281551773880833e-02
1.153923205342237068e+01 1.889977961354448108e-02 3.195593783516259556e-02
1.156594323873121866e+01 -1.372984815296077188e-02 3.210979813943724837e-02
1.159265442404006663e+01 3.167808000418417813e-02 3.226439998735710496e-02
1.161936560934891460e+01 4.335525295165358964e-03 3.241974695285878422e-02
1.164607679465776258e+01 2.318434987555013232e-02 3.257584262710385564e-02
1.167278797996661055e+01 3.342171184994129074e-02 3.273269061856176609e-02
1.169949916527546030e+01 -1.950538532861950669e-02 3.289029455309335631e-02
1.172621035058430827e+01 7.337923976243400023e-03 3.304865807403458561e-02
1.175292153589315625e+01 7.129928278509766251e-03 3.320778484228081168e-02
1.177963272120200422e+01 3.287287589897189277e-02 3.336767853637143816e-02
1.180634390651085219e+01 5.197850271832821396e-03 3.352834285257490221e-02
1.183305509181970017e+01 -3.027033570867523893e-02 3.368978150497412699e-02
1.185976627712854814e+01 3.292349909269213712e-03 3.385199822555239740e-02
1.188647746243739611e+01 3.429348044816388219e-02 3.401499676427967300e-02
1.191318864774624409e+01 7.491009591525911449e-03 3.417878088919918539e-02
1.193989983305509206e+01 5.548602192473794416e-03 3.434335438651456990e-02
1.196661101836394003e+01 1.561742632127744584e-02 3.450872106067748996e-02
1.199332220367278801e+01 2.681898290961896164e-02 3.467488473447544878e-02
1.202003338898163598e+01 4.779684600990557336e-02 3.484184924912021863e-02
1.204674457429048395e+01 -2.796976733734703180e-02 3.500961846433668645e-02
1.207345575959933193e+01 -2.020898107629056500e-02 3.517819625845198389e-02
1.210016694490817990e+01 2.354241715358902295e-02 3.534758652848519339e-02
1.212687813021702787e+01 3.395549866398856614e-02 3.551779319023749132e-02
1.215358931552587762e+01 2.068144007468142656e-02 3.568882017838253401e-02
1.218030050083472560e+01 8.675850732847916608e-03 3.586067144655753075e-02
1.220701168614357357e+01 3.369113226266631789e-02 3.603335096745461513e-02
1.223372287145242154e+01 -3.850050479772158113e-02 3.620686273291262580e-02
1.226043405676126952e+01 2.680170624424228418e-02 3.638121075400949089e-02
1.228714524207011749e+01 3.310087215455603110e-02 3.655639906115483451e-02
1.231385642737896546e+01 -1.335689582554456557e-02 3.673243170418322850e-02
1.234056761268781344e+01 -1.527983454003674184e-02 3.690931275244780513e-02
1.236727879799666141e+01 -8.240426194701955254e-02 3.708704629491428595e-02
1.239398998330550938e+01 1.657075546426977491e-03 3.726563644025553818e-02
1.242070116861435736e+01 7.504318143007354495e-03 3.744508731694655423e-02
1.244741235392320533e+01 2.569112255703351680e-02 3.762540307335988932e-02
1.247412353923205330e+01 1.914577303058628138e-02 3.780658787786154301e-02
1.250083472454090128e+01 -7.957964661012600222e-03 3.798864591890733361e-02
1.252754590984974925e+01 -5.808979278741112362e-05 3.817158140513973730e-02
1.255425709515859722e+01 4.754256694975293046e-02 3.835539856548513676e-02
1.258096828046744697e+01 -2.467172980813852126e-03 3.854010164925163184e-02
1.260767946577629495e+01 3.472771706965655653e-02 3.872569492622723181e-02
1.263439065108514292e+01 5.324801728933097056e-02 3.891218268677857500e-02
1.266110183639399089e+01 -6.584957722316032297e-03 3.909956924195012035e-02
1.268781302170283887e+01 2.833001262951589938e-02 3.928785892356380371e-02
1.271452420701168684e+01 3.610308045475961458e-02 3.947705608431911761e-02
1.274123539232053481e+01 -1.743621819454587579e-02 3.966716509789386391e-02
1.276794657762938279e+01 1.381167740827045874e-02 3.985819035904511476e-02
1.279465776293823076e+01 5.004190797343149172e-02 4.005013628371087431e-02
1.282136894824707873e+01 -2.071243789272565056e-02 4.024300730911221230e-02
1.284808013355592671e+01 1.362094883901107320e-02 4.043680789385573765e-02
1.287479131886477468e+01 2.501212797595778192e-02 4.063154251803670347e-02
1.290150250417362265e+01 5.283874606085586789e-02 4.082721568334266721e-02
1.292821368948247063e+01 2.191482256114762189e-02 4.102383191315739364e-02
1.295492487479131860e+01 -2.640523636249976838e-03 4.122139575266551420e-02
1.298163606010016657e+01 1.745657347614500143e-02 4.141991176895765819e-02
1.300834724540901455e+01 4.114090176252654940e-02 4.161938455113587537e-02
1.303505843071786430e+01 8.666197993290346291e-03 4.181981871041985654e-02
1.306176961602671227e+01 1.353003731751723816e-02 4.202121888025346641e-02
1.308848080133556024e+01 3.176421689143056615e-02 4.222358971641187314e-02
1.311519198664440822e+01 7.918924743048037784e-02 4.242693589710917063e-02
1.314190317195325619e+01 -4.218045132122896085e-02 4.263126212310654889e-02
1.316861435726210416e+01 7.799622807512156253e-02 4.283657311782092247e-02
1.319532554257095214e+01 3.153192707307637954e-02 4.304287362743411394e-02
1.322203672787980011e+01 4.140833572446574185e-02 4.325016842100268266e-02
1.324874791318864808e+01 -6.597151635447143225e-02 4.345846229056800347e-02
1.327545909849749606e+01 2.767844995853677506e-02 4.366776005126714322e-02
1.330217028380634403e+01 1.737426425102066296e-02 4.387806654144420920e-02
1.332888146911519200e+01 -5.818671302883285379e-02 4.408938662276208620e-02
1.335559265442403998e+01 6.146731321488792081e-03 4.430172518031488815e-02
1.338230383973288795e+01 1.182469508884651313e-02 4.451508712274093726e-02
1.340901502504173592e+01 -1.775708904550105799e-02 4.472947738233611775e-02
1.343572621035058390e+01 -3.113760243855739213e-02 4.494490091516797209e-02
1.346243739565943365e+01 6.368132453866623410e-02 4.516136270119032459e-02
1.348914858096828162e+01 8.250142116415147553e-02 4.537886774435822418e-02
1.351585976627712959e+01 4.791443700083090201e-02 4.559742107274379619e-02
1.354257095158597757e+01 -8.781084502075346340e-03 4.581702773865244799e-02
1.356928213689482554e+01 2.115083929304550220e-03 4.603769281873958119e-02
1.359599332220367351e+01 1.167105795897370596e-01 4.625942141412796998e-02
1.362270450751252149e+01 -1.306310524698893125e-02 4.648221865052580559e-02
1.364941569282136946e+01 -1.999765591171854401e-02 4.670608967834501135e-02
1.367612687813021743e+01 -6.031436941643889688e-02 4.693103967282038352e-02
1.370283806343906541e+01 -7.036306646805446860e-03 4.715707383412931497e-02
1.372954924874791338e+01 -7.231043961766953077e-02 4.738419738751183108e-02
1.375626043405676135e+01 -8.518660337857189568e-02 4.761241558339150692e-02
1.378297161936560933e+01 -3.149123082093318454e-04 4.784173369749682853e-02
1.380968280467445730e+01 3.845424491463317329e-02 4.807215703098311615e-02
1.383639398998330527e+01 1.971287899151157041e-02 4.830369091055505826e-02
1.386310517529215325e+01 -7.861607473898928403e-03 4.853634068858994621e-02
1.388981636060100122e+01 8.967652123344006798e-02 4.877011174326127685e-02
1.391652754590985097e+01 5.940204044108848142e-02 4.900500947866315987e-02
1.394323873121869894e+01 -2.114499060160793600e-03 4.924103932493524571e-02
1.396994991652754692e+01 -3.373867981704875563e-02 4.947820673838815991e-02
1.399666110183639489e+01 2.572069148767604924e-02 4.971651720162983262e-02
1.402337228714524286e+01 -7.026552997759852315e-03 4.995597622369202934e-02
1.405008347245409084e+01 4.213615082713447618e-02 5.019658934015779062e-02
1.407679465776293881e+01 4.883609331823147992e-02 5.043836211328942692e-02
1.410350584307178679e+01 -5.460731299827643881e-02 5.068130013215709634e-02
1.413021702838063476e+01 -2.077126576258367385e-02 5.092540901276795817e-02
1.415692821368948273e+01 5.943200376942416041e-02 5.117069439819598581e-02
1.418363939899833071e+01 -7.211795193972261875e-02 5.141716195871255668e-02
1.421035058430717868e+01 -2.315724717318665485e-02 5.166481739191734757e-02
1.423706176961602665e+01 -2.109133064341288735e-02 5.191366642287013888e-02
1.426377295492487463e+01 6.190338188799673902e-02 5.216371480422322959e-02
1.429048414023372260e+01 1.152491519235087497e-03 5.241496831635426151e-02
1.431719532554257057e+01 9.505624851928988484e-02 5.266743276749993874e-02
1.434390651085142032e+01 -5.741105756744686178e-02 5.292111399389038545e-02
1.437061769616026830e+01 1.451354348397468630e-01 5.317601785988380209e-02
1.439732888146911627e+01 -2.570807950455205465e-02 5.343215025810233582e-02
1.442404006677796424e+01 8.880191297079137458e-02 5.368951710956807594e-02
1.445075125208681222e+01 -6.849218931018394990e-03 5.394812436384003457e-02
1.447746243739566019e+01 9.032868945298637431e-03 5.420797799915169635e-02
1.450417362270450816e+01 -4.652884942591330869e-02 5.446908402254914405e-02
1.453088480801335614e+01 7.448428166058143618e-02 5.473144847002993363e-02
1.455759599332220411e+01 -7.040969676188010840e-02 5.499507740668275330e-02
1.458430717863105208e+01 3.549691020337371328e-03 5.525997692682745044e-02
1.461101836393990006e+01 2.982503812657918973e-02 5.552615315415602298e-02
1.463772954924874803e+01 1.852371537016314629e-02 5.579361224187412427e-02
1.466444073455759600e+01 7.448718109564619883e-02 5.606236037284342832e-02
1.469115191986644398e+01 -6.529617967972352333e-02 5.633240375972437680e-02
1.471786310517529195e+01 2.256884576694816874e-02 5.660374864511991816e-02
1.474457429048413992e+01 7.134654555502099871e-02 5.687640130171982972e-02
1.477128547579298790e+01 6.878880345863537527e-02 5.715036803244563646e-02
1.479799666110183765e+01 -1.323128329533387604e-01 5.742565517059636249e-02
1.482470784641068562e+01 9.879797784518908055e-02 5.770226907999497640e-02
1.485141903171953359e+01 1.430483255090648706e-02 5.798021615513541949e-02
1.487813021702838157e+01 -1.166313814832643792e-02 5.825950282133052910e-02
1.490484140233722954e+01 8.661175284266381391e-03 5.854013553486048932e-02
1.493155258764607751e+01 2.775529929461963488e-02 5.882212078312206577e-02
1.495826377295492549e+01 4.799105454917764607e-02 5.910546508477873551e-02
1.498497495826377346e+01 2.022682089273300510e-02 5.939017498991115002e-02
1.501168614357262143e+01 5.908808901050205398e-02 5.967625708016869451e-02
1.503839732888146941e+01 -3.888774451115230291e-02 5.996371796892167177e-02
1.506510851419031738e+01 1.072294137283591117e-02 6.025256430141404107e-02
1.509181969949916535e+01 4.695360551628553585e-03 6.054280275491712854e-02
1.511853088480801333e+01 -7.895518473748576460e-02 6.083444003888403145e-02
1.514524207011686130e+01 4.942133352267397833e-02 6.112748289510461230e-02
1.517195325542570927e+01 1.044782961715578634e-01 6.142193809786137410e-02
1.519866444073455725e+01 -1.773451591799561286e-03 6.171781245408617528e-02
1.522537562604340700e+01 5.742248524397505771e-02 6.201511280351743732e-02
1.525208681135225497e+01 -5.398373607762094878e-02 6.231384601885826824e-02
1.527879799666110294e+01 5.601519257227104143e-02 6.261401900593550895e-02
1.530550918196995092e+01 5.738012493151706944e-02 6.291563870385916135e-02
1.533222036727879889e+01 -4.044776779345995305e-02 6.321871208518292651e-02
1.535893155258764686e+01 4.165252339401234044e-02 6.352324615606541602e-02
1.538564273789649484e+01 -2.237038065501949224e-02 6.382924795643195315e-02
1.541235392320534281e+01 2.435703235652015436e-02 6.413672456013745637e-02
1.543906510851419078e+01 1.179056917856844411e-01 6.444568307512998917e-02
1.546577629382303876e+01 6.793302226475778083e-02 6.475613064361493421e-02
1.549248747913188673e+01 9.334473482289382118e-02 6.506807444222018066e-02
1.551919866444073470e+01 5.268575718598854374e-02 6.538152168216210258e-02
1.554590984974958268e+01 -4.621795588504746394e-03 6.569647960941209230e-02
1.557262103505843065e+01 1.088664463638301660e-01 6.601295550486419028e-02
1.559933222036727862e+01 6.787472899223878642e-02 6.633095668450342264e-02
1.562604340567612660e+01 -3.884459514920746495e-03 6.665049049957477711e-02
1.565275459098497457e+01 -5.201203868415309878e-02 6.697156433675321985e-02
1.567946577629382432e+01 -3.189994813123279982e-02 6.729418561831461421e-02
1.570617696160267229e+01 7.458136922498655175e-02 6.761836180230698656e-02
1.573288814691152027e+01 3.426956231160140087e-02 6.794410038272312435e-02
1.575959933222036824e+01 9.359016646351278612e-02 6.827140888967390964e-02
1.578631051752921621e+01 1.243837225851820300e-02 6.860029488956216615e-02
1.581302170283806419e+01 1.943792796950980228e-01 6.893076598525767207e-02
1.583973288814691216e+01 -2.672506170214261623e-02 6.926282981627301938e-02
1.586644407345576013e+01 4.086402908318717553e-02 6.959649405894004215e-02
1.589315525876460811e+01 -1.445009114955215709e-02 6.993176642658734121e-02
1.591986644407345608e+01 -4.386613739562013337e-02 7.026865466971868313e-02
1.594657762938230405e+01 4.596165881132401737e-02 7.060716657619200975e-02
1.597328881469115203e+01 8.085751129209184374e-02 7.094730997139954420e-02
1.600000000000000000e+01 7.282991499175037187e-02 7.128909271844878492e-02
