0.000000000000000000e+00 2.606653350974355021e-01 2.001999999999999873e-03
4.013377926421404784e-02 2.548990770319890520e-01 2.018118113246460121e-03
8.026755852842809569e-02 2.568129881468158016e-01 2.034366123280232936e-03
1.204013377926421435e-01 2.599122019022523933e-01 2.050745076946882545e-03
1.605351170568561914e-01 2.541302754544598197e-01 2.067256029528561408e-03
2.006688963210702392e-01 2.580601497683586709e-01 2.083900044811999239e-03
2.408026755852842871e-01 2.558047813272093518e-01 2.100678195157044525e-03
2.809364548494983627e-01 2.523412353691045218e-01 2.117591561565753365e-03
3.210702341137123828e-01 2.537178267886971983e-01 2.134641233752039916e-03
3.612040133779264028e-01 2.527097062167315555e-01 2.151828310211882384e-03
4.013377926421404784e-01 2.546256766595285659e-01 2.169153898294102784e-03
4.414715719063545540e-01 2.548994878098680417e-01 2.186619114271708738e-03
4.816053511705685741e-01 2.514173590257762214e-01 2.204225083413815112e-03
5.217391304347825942e-01 2.518795452198585028e-01 2.221972940058144618e-03
5.618729096989967253e-01 2.500571365519440037e-01 2.239863827684111710e-03
6.020066889632107454e-01 2.513928022418935315e-01 2.257898898986496292e-03
6.421404682274247655e-01 2.475105099631502992e-01 2.276079315949711135e-03
6.822742474916387856e-01 2.474368475700144399e-01 2.294406249922665599e-03
7.224080267558528057e-01 2.485952786106102042e-01 2.312880881694239117e-03
7.625418060200669368e-01 2.442248399800562852e-01 2.331504401569352725e-03
8.026755852842809569e-01 2.417442528067894891e-01 2.350278009445663785e-03
8.428093645484949770e-01 2.431384829281083848e-01 2.369202914890872636e-03
8.829431438127091081e-01 2.425550123683180292e-01 2.388280337220653315e-03
9.230769230769231282e-01 2.432136281882955053e-01 2.407511505577214841e-03
9.632107023411371483e-01 2.416802454644371989e-01 2.426897659008493083e-03
1.003344481605351168e+00 2.416455034002176760e-01 2.446440046547980560e-03
1.043478260869565188e+00 2.438250769211841307e-01 2.466139927295201567e-03
1.083612040133779209e+00 2.351370247282379977e-01 2.485998570496835650e-03
1.123745819397993451e+00 2.368477798125628031e-01 2.506017255628492039e-03
1.163879598662207471e+00 2.337714159597504004e-01 2.526197272477147173e-03
1.204013377926421491e+00 2.330929647667551452e-01 2.546539921224243597e-03
1.244147157190635511e+00 2.354920174111098108e-01 2.567046512529459323e-03
1.284280936454849531e+00 2.360705556146893702e-01 2.587718367615152865e-03
1.324414715719063551e+00 2.383424730039634676e-01 2.608556818351489594e-03
1.364548494983277571e+00 2.337284968770570459e-01 2.629563207342250266e-03
1.404682274247491591e+00 2.361759480291139579e-01 2.650738888011337346e-03
1.444816053511705611e+00 2.253185064112167291e-01 2.672085224689972182e-03
1.484949832775919853e+00 2.332672877850965609e-01 2.693603592704598652e-03
1.525083612040133874e+00 2.307645949159798093e-01 2.715295378465494135e-03
1.565217391304347894e+00 2.252364735132602602e-01 2.737161979556096067e-03
1.605351170568561914e+00 2.281554374639314930e-01 2.759204804823044491e-03
1.645484949832775934e+00 2.275447942251580258e-01 2.781425274466955803e-03
1.685618729096989954e+00 2.268374089025844975e-01 2.803824820133921612e-03
1.725752508361203974e+00 2.274492628603556610e-01 2.826404885007752221e-03
1.765886287625418216e+00 2.242056438093577297e-01 2.849166923902957376e-03
1.806020066889632236e+00 2.249102823212723590e-01 2.872112403358479012e-03
1.846153846153846256e+00 2.292204580711151019e-01 2.895242801732179905e-03
1.886287625418060276e+00 2.285411107565598621e-01 2.918559609296092570e-03
1.926421404682274297e+00 2.210259665037862531e-01 2.942064328332435336e-03
1.966555183946488317e+00 2.203290390632066387e-01 2.965758473230405146e-03
2.006688963210702337e+00 2.265494653386974366e-01 2.989643570583746645e-03
2.046822742474916357e+00 2.201320833256603937e-01 3.013721159289110135e-03
2.086956521739130377e+00 2.184263911940514113e-01 3.037992790645201429e-03
2.127090301003344397e+00 2.236611857313861307e-01 3.062460028452729244e-03
2.167224080267558417e+00 2.165170658451772978e-01 3.087124449115161845e-03
2.207357859531772437e+00 2.139021342275189974e-01 3.111987641740292503e-03
2.247491638795986901e+00 2.129829392890548179e-01 3.137051208242623308e-03
2.287625418060200921e+00 2.127123455938755570e-01 3.162316763446576442e-03
2.327759197324414941e+00 2.090596838135443392e-01 3.187785935190535526e-03
2.367892976588628962e+00 2.128616090083699230e-01 3.213460364431726130e-03
2.408026755852842982e+00 2.156262135318326445e-01 3.239341705351940666e-03
2.448160535117057002e+00 2.157177759180892440e-01 3.265431625464115459e-03
2.488294314381271022e+00 2.101471642837891562e-01 3.291731805719770414e-03
2.528428093645485042e+00 2.049864062255059016e-01 3.318243940617306934e-03
2.568561872909699062e+00 2.037924231285929977e-01 3.344969738311185346e-03
2.608695652173913082e+00 2.020668228849117343e-01 3.371910920721979659e-03
2.648829431438127102e+00 2.076838842337919988e-01 3.399069223647319636e-03
2.688963210702341122e+00 2.079161615465204838e-01 3.426446396873725816e-03
2.729096989966555142e+00 2.043597369692691235e-01 3.454044204289347022e-03
2.769230769230769162e+00 2.024085133597772757e-01 3.481864423997608170e-03
2.809364548494983183e+00 2.044843595454680363e-01 3.509908848431768369e-03
2.849498327759197203e+00 2.052404393266488436e-01 3.538179284470410139e-03
2.889632107023411223e+00 2.075301551710564130e-01 3.566677553553849762e-03
2.929765886287625687e+00 1.986719672462712305e-01 3.595405491801497832e-03
2.969899665551839707e+00 2.030679754505883283e-01 3.624364950130151784e-03
3.010033444816053727e+00 1.947570960866016332e-01 3.653557794373254661e-03
3.050167224080267747e+00 1.945063436943467450e-01 3.682985905401105816e-03
3.090301003344481767e+00 1.926543011650344861e-01 3.712651179242044790e-03
3.130434782608695787e+00 2.003143166241523332e-01 3.742555527204611838e-03
3.170568561872909807e+00 1.999940177699162380e-01 3.772700876000690314e-03
3.210702341137123828e+00 2.016579038693969983e-01 3.803089167869642614e-03
3.250836120401337848e+00 1.917563855086434343e-01 3.833722360703450526e-03
3.290969899665551868e+00 1.928970837810144168e-01 3.864602428172856513e-03
3.331103678929765888e+00 1.974437664178825824e-01 3.895731359854527186e-03
3.371237458193979908e+00 1.916536104930419704e-01 3.927111161359241563e-03
3.411371237458193928e+00 1.939733634161106279e-01 3.958743854461107582e-03
3.451505016722407948e+00 1.920047978644507936e-01 3.990631477227827260e-03
3.491638795986621968e+00 1.881719830372732272e-01 4.022776084152004418e-03
3.531772575250836432e+00 1.905965544179932247e-01 4.055179746283514922e-03
3.571906354515050452e+00 1.774030989653321566e-01 4.087844551362942482e-03
3.612040133779264472e+00 1.922290651870756928e-01 4.120772603956092579e-03
3.652173913043478493e+00 1.853099880256533494e-01 4.153966025589583659e-03
3.692307692307692513e+00 1.823732141062487100e-01 4.187426954887537266e-03
3.732441471571906533e+00 1.851207418291806739e-01 4.221157547709369733e-03
3.772575250836120553e+00 1.842604679594620765e-01 4.255159977288687154e-03
3.812709030100334573e+00 1.768222750272255839e-01 4.289436434373313130e-03
3.852842809364548593e+00 1.882243853779305698e-01 4.323989127366426738e-03
3.892976588628762613e+00 1.855267342274352083e-01 4.358820282468856694e-03
3.933110367892976633e+00 1.751317084344665431e-01 4.393932143822510891e-03
3.973244147157190653e+00 1.727518643895634143e-01 4.429326973654961266e-03
4.013377926421404673e+00 1.709867852388246567e-01 4.465007052425200469e-03
4.053511705685618693e+00 1.791191470910710182e-01 4.500974678970569472e-03
4.093645484949832714e+00 1.717714723809118382e-01 4.537232170654870861e-03
4.133779264214046734e+00 1.753494543471646461e-01 4.573781863517673886e-03
4.173913043478260754e+00 1.759364460160838251e-01 4.610626112424819067e-03
4.214046822742474774e+00 1.712727612032437785e-01 4.647767291220146653e-03
4.254180602006688794e+00 1.709396120310931189e-01 4.685207792878440247e-03
4.294314381270902814e+00 1.740171946796624236e-01 4.722950029659599494e-03
4.334448160535116834e+00 1.734844980468978892e-01 4.760996433264066095e-03
4.374581939799330854e+00 1.686756063062642974e-01 4.799349454989491025e-03
4.414715719063544874e+00 1.623965295842091372e-01 4.838011565888672427e-03
4.454849498327758894e+00 1.641214740995625698e-01 4.876985256928765937e-03
4.494983277591973803e+00 1.637698616242081739e-01 4.916273039151766548e-03
4.535117056856187823e+00 1.639887153768620487e-01 4.955877443836303672e-03
4.575250836120401843e+00 1.666332265466999585e-01 4.995801022660722492e-03
4.615384615384615863e+00 1.631463802876573221e-01 5.036046347867489774e-03
4.655518394648829883e+00 1.574286603016116226e-01 5.076616012428918079e-03
4.695652173913043903e+00 1.621384107710259481e-01 5.117512630214232638e-03
4.735785953177257923e+00 1.612041610102775413e-01 5.158738836157978312e-03
4.775919732441471943e+00 1.636302176305046152e-01 5.200297286429783963e-03
4.816053511705685963e+00 1.665286663384214494e-01 5.242190658605505073e-03
4.856187290969899983e+00 1.542897611431827964e-01 5.284421651839727244e-03
4.896321070234114003e+00 1.613059339344327381e-01 5.326992987039680036e-03
4.936454849498328024e+00 1.547923959955912199e-01 5.369907407040535978e-03
4.976588628762542044e+00 1.540202473194098587e-01 5.413167676782131184e-03
5.016722408026756064e+00 1.655896867107471693e-01 5.456776583487111046e-03
5.056856187290970084e+00 1.395148771363751983e-01 5.500736936840502737e-03
5.096989966555184104e+00 1.490077858065849137e-01 5.545051569170746618e-03
5.137123745819398124e+00 1.524601592902182501e-01 5.589723335632178734e-03
5.177257525083612144e+00 1.534663276107538776e-01 5.634755114388981766e-03
5.217391304347826164e+00 1.455620613227971705e-01 5.680149806800631300e-03
5.257525083612040184e+00 1.597674936668503631e-01 5.725910337608820094e-03
5.297658862876254204e+00 1.487313741554182611e-01 5.772039655125901954e-03
5.337792642140468224e+00 1.411926169870420522e-01 5.818540731424843952e-03
5.377926421404682245e+00 1.533758409596805983e-01 5.865416562530721689e-03
5.418060200668896265e+00 1.443554028069795603e-01 5.912670168613740236e-03
5.458193979933110285e+00 1.420367403841643339e-01 5.960304594183835417e-03
5.498327759197324305e+00 1.443044952124356017e-01 6.008322908286814652e-03
5.538461538461538325e+00 1.470853825487326849e-01 6.056728204702102429e-03
5.578595317725752345e+00 1.494178850599622022e-01 6.105523602142065229e-03
5.618729096989966365e+00 1.455570472528069370e-01 6.154712244452948018e-03
5.658862876254180385e+00 1.397236824806532274e-01 6.204297300817434441e-03
5.698996655518394405e+00 1.292601969823040375e-01 6.254281965958829841e-03
5.739130434782608425e+00 1.427601584939459933e-01 6.304669460346893142e-03
5.779264214046822445e+00 1.479540088550169996e-01 6.355463030405331462e-03
5.819397993311037354e+00 1.507487473269635281e-01 6.406665948720966994e-03
5.859531772575251374e+00 1.466583462483244948e-01 6.458281514254582238e-03
5.899665551839465394e+00 1.343998087474541636e-01 6.510313052553473936e-03
5.939799331103679414e+00 1.394701530951090174e-01 6.562763915965709634e-03
5.979933110367893434e+00 1.476521123887701015e-01 6.615637483856120701e-03
6.020066889632107454e+00 1.265240785148415703e-01 6.668937162824034419e-03
6.060200668896321474e+00 1.400397176678347122e-01 6.722666386922750321e-03
6.100334448160535494e+00 1.356809005712647787e-01 6.776828617880799842e-03
6.140468227424749514e+00 1.278196743253283141e-01 6.831427345324980575e-03
6.180602006688963534e+00 1.227738016863148679e-01 6.886466087005191188e-03
6.220735785953177555e+00 1.351120982606404675e-01 6.941948389021071301e-03
6.260869565217391575e+00 1.184179501142665902e-01 6.997877826050487131e-03
6.301003344481605595e+00 1.313204000622089362e-01 7.054258001579827297e-03
6.341137123745819615e+00 1.229740201340622230e-01 7.111092548136186894e-03
6.381270903010033635e+00 1.314339614090303532e-01 7.168385127521399898e-03
6.421404682274247655e+00 1.250307120386071891e-01 7.226139431047965897e-03
6.461538461538461675e+00 1.257349282637864607e-01 7.284359179776891957e-03
6.501672240802675695e+00 1.246315008188766255e-01 7.343048124757413191e-03
6.541806020066889715e+00 1.282847845957105493e-01 7.402210047268690044e-03
6.581939799331103735e+00 1.243494671463617612e-01 7.461848759063424187e-03
6.622073578595317755e+00 1.144463372019180053e-01 7.521968102613447657e-03
6.662207357859531776e+00 1.134903936426454180e-01 7.582571951357293047e-03
6.702341137123745796e+00 1.122213981663615495e-01 7.643664209949751695e-03
6.742474916387959816e+00 1.166060742833885666e-01 7.705248814513446752e-03
6.782608695652173836e+00 1.149734631413963232e-01 7.767329732892441080e-03
6.822742474916387856e+00 1.208834663947840338e-01 7.829910964907871307e-03
6.862876254180601876e+00 1.259342444969635266e-01 7.892996542615668756e-03
6.903010033444815896e+00 1.155028144974515891e-01 7.956590530566321276e-03
6.943143812709029916e+00 1.142453246233642444e-01 8.020697026066765309e-03
6.983277591973243936e+00 1.226604483031455556e-01 8.085320159444363969e-03
7.023411371237457956e+00 1.235262524780085386e-01 8.150464094313022295e-03
7.063545150501672865e+00 1.115862910888958670e-01 8.216133027841450095e-03
7.103678929765886885e+00 1.192959914273177546e-01 8.282331191023567171e-03
7.143812709030100905e+00 1.139140758714963370e-01 8.349062848951127255e-03
7.183946488294314925e+00 1.149308554607572502e-01 8.416332301088480863e-03
7.224080267558528945e+00 1.089289402501356224e-01 8.484143881549627980e-03
7.264214046822742965e+00 1.049047320043520470e-01 8.552501959377420068e-03
7.304347826086956985e+00 1.013068413030079745e-01 8.621410938825083137e-03
7.344481605351171005e+00 1.004932311916676424e-01 8.690875259639962991e-03
7.384615384615385025e+00 1.221439319165456977e-01 8.760899397349582868e-03
7.424749163879599045e+00 1.056393627351577269e-01 8.831487863549999581e-03
7.464882943143813065e+00 1.138864548908573859e-01 8.902645206196472052e-03
7.505016722408027086e+00 1.022007074367835278e-01 8.974376009896490800e-03
7.545150501672241106e+00 1.030351427151546678e-01 9.046684896205157977e-03
7.585284280936455126e+00 1.008872251574999268e-01 9.119576523922945724e-03
7.625418060200669146e+00 1.068078991185914123e-01 9.193055589395874444e-03
7.665551839464883166e+00 1.058242959698559027e-01 9.267126826818071136e-03
7.705685618729097186e+00 9.085221267086521224e-02 9.341795008536806638e-03
7.745819397993311206e+00 9.527859483357425940e-02 9.417064945359966688e-03
7.785953177257525226e+00 9.477855213683419877e-02 9.492941486866008846e-03
7.826086956521739246e+00 9.629732954635418507e-02 9.569429521716424358e-03
7.866220735785953266e+00 8.404074218517668116e-02 9.646533977970701487e-03
7.906354515050167286e+00 1.077633076498078490e-01 9.724259823403833686e-03
7.946488294314381307e+00 9.702735819653618421e-02 9.802612065826400364e-03
7.986622073578595327e+00 8.981684534324158031e-02 9.881595753407204641e-03
8.026755852842809347e+00 8.354972860560623549e-02 9.961215974998535727e-03
8.066889632107024255e+00 9.027783434264431695e-02 1.004147786046402993e-02
8.107023411371237387e+00 8.940844458772982672e-02 1.012238658100917191e-02
8.147157190635452295e+00 1.067267196868907642e-01 1.020394734951450208e-02
8.187290969899665427e+00 8.786053315823857957e-02 1.028616542087145043e-02
8.227424749163880335e+00 8.964077718635091174e-02 1.036904609232091982e-02
8.267558528428093467e+00 1.003783131463116263e-01 1.045259470379456858e-02
8.307692307692308376e+00 8.298922569162425766e-02 1.053681663825888071e-02
8.347826086956521507e+00 8.998943460106781367e-02 1.062171732206195277e-02
8.387959866220736416e+00 9.010117644484008648e-02 1.070730222528314818e-02
8.428093645484949548e+00 1.014133442937212998e-01 1.079357686208549244e-02
8.468227424749164456e+00 9.108554121483594668e-02 1.088054679107098265e-02
8.508361204013377588e+00 9.345540474330300829e-02 1.096821761563867952e-02
8.548494983277592496e+00 8.735457083331495121e-02 1.105659498434577274e-02
8.588628762541805628e+00 9.764033589672985181e-02 1.114568459127148782e-02
8.628762541806020536e+00 8.767883296384396119e-02 1.123549217638396443e-02
8.668896321070233668e+00 9.352680964305642997e-02 1.132602352591005265e-02
8.709030100334448576e+00 7.362360139385205893e-02 1.141728447270815364e-02
8.749163879598661708e+00 7.711410649017527708e-02 1.150928089664398669e-02
8.789297658862876617e+00 9.244329531611313044e-02 1.160201872496945466e-02
8.829431438127089748e+00 8.724137467696561898e-02 1.169550393270451030e-02
8.869565217391304657e+00 1.009207609260958094e-01 1.178974254302214177e-02
8.909698996655517789e+00 1.018411434871484555e-01 1.188474062763641287e-02
8.949832775919732697e+00 8.663641015284226365e-02 1.198050430719369182e-02
8.989966555183947605e+00 8.210649333001653061e-02 1.207703975166697294e-02
9.030100334448160737e+00 7.327826158856594330e-02 1.217435318075340937e-02
9.070234113712375645e+00 6.201383955984056395e-02 1.227245086427505849e-02
9.110367892976588777e+00 6.835400179979567170e-02 1.237133912258281052e-02
9.150501672240803686e+00 7.730516272847481885e-02 1.247102432696364088e-02
9.190635451505016817e+00 6.784030085223613504e-02 1.257151290005107010e-02
9.230769230769231726e+00 8.689058521534497037e-02 1.267281131623900631e-02
9.270903010033444858e+00 8.039457290155062330e-02 1.277492610209883875e-02
9.311036789297659766e+00 5.653881044399353822e-02 1.287786383679998675e-02
9.351170568561872898e+00 1.015296815647427908e-01 1.298163115253375514e-02
9.391304347826087806e+00 8.832006114019162746e-02 1.308623473494066949e-02
9.431438127090300938e+00 6.919303872618069728e-02 1.319168132354118714e-02
9.471571906354515846e+00 7.798037181507330717e-02 1.329797771216996959e-02
9.511705685618728978e+00 8.651984268179574444e-02 1.340513074941354806e-02
9.551839464882943886e+00 7.798648400692036187e-02 1.351314733905163018e-02
9.591973244147157018e+00 7.111466809489608298e-02 1.362203444050184842e-02
9.632107023411371927e+00 6.733673602329995345e-02 1.373179906926819994e-02
9.672240802675585059e+00 6.768916737180404042e-02 1.384244829739300110e-02
9.712374581939799967e+00 6.169403595918105526e-02 1.395398925391257844e-02
9.752508361204013099e+00 7.274732371450513824e-02 1.406642912531655583e-02
9.792642140468228007e+00 8.504070544334442483e-02 1.417977515601089034e-02
9.832775919732441139e+00 8.206355702741097158e-02 1.429403464878460303e-02
9.872909698996656047e+00 6.704997960098116327e-02 1.440921496528032968e-02
9.913043478260869179e+00 6.027325213497183171e-02 1.452532352646856637e-02
9.953177257525084087e+00 7.724594129353501426e-02 1.464236781312586687e-02
9.993311036789297219e+00 5.250033499418413352e-02 1.476035536631676096e-02
1.003344481605351213e+01 3.949770473707185647e-02 1.487929378787965912e-02
1.007357859531772526e+01 9.068545370215569390e-02 1.499919074091660663e-02
1.011371237458194017e+01 7.809033074530942475e-02 1.512005395028703965e-02
1.015384615384615330e+01 5.411705024922197627e-02 1.524189120310544612e-02
1.019397993311036821e+01 5.766222301097369968e-02 1.536471034924314326e-02
1.023411371237458134e+01 5.568294982053465653e-02 1.548851930183397368e-02
1.027424749163879625e+01 8.936835339520286803e-02 1.561332603778420140e-02
1.031438127090301116e+01 5.334957665787733866e-02 1.573913859828641668e-02
1.035451505016722429e+01 5.070970793750149974e-02 1.586596508933761987e-02
1.039464882943143920e+01 7.939130768218961853e-02 1.599381368226153455e-02
1.043478260869565233e+01 4.613049294877248629e-02 1.612269261423502145e-02
1.047491638795986724e+01 7.777860767365181449e-02 1.625261018881883276e-02
1.051505016722408037e+01 6.119833656646229275e-02 1.638357477649255919e-02
1.055518394648829528e+01 7.839030778099397023e-02 1.651559481519399367e-02
1.059531772575250841e+01 4.548648486754704179e-02 1.664867881086271734e-02
1.063545150501672332e+01 7.361203843555814974e-02 1.678283533798818894e-02
1.067558528428093645e+01 3.887761927470265860e-02 1.691807304016213279e-02
1.071571906354515136e+01 5.429340045823202038e-02 1.705440063063549949e-02
1.075585284280936449e+01 4.649987482172872333e-02 1.719182689287978780e-02
1.079598662207357940e+01 2.583963010570193911e-02 1.733036068115302933e-02
1.083612040133779253e+01 3.747841789804090551e-02 1.747001092107018996e-02
1.087625418060200744e+01 5.105254958881745575e-02 1.761078661017830352e-02
1.091638795986622057e+01 6.099487259594078836e-02 1.775269681853609838e-02
1.095652173913043548e+01 7.263582536434598502e-02 1.789575068929847440e-02
1.099665551839464861e+01 4.948468726484973879e-03 1.803995743930549012e-02
1.103678929765886352e+01 6.319252228696149720e-02 1.818532635967626959e-02
1.107692307692307665e+01 5.100279307249998978e-02 1.833186681640757223e-02
1.111705685618729156e+01 7.366847601000692247e-02 1.847958825097726840e-02
1.115719063545150469e+01 1.621096449608321749e-02 1.862850018095262364e-02
1.119732441471571960e+01 2.009476832229461704e-02 1.877861220060352346e-02
1.123745819397993273e+01 2.465249266648895238e-02 1.892993398152061427e-02
1.127759197324414764e+01 6.051947716277131240e-02 1.908247527323845422e-02
1.131772575250836077e+01 2.249521406163489112e-03 1.923624590386361841e-02
1.135785953177257568e+01 3.422230405755660732e-02 1.939125578070799438e-02
1.139799331103678881e+01 5.287730981704961281e-02 1.954751489092700426e-02
1.143812709030100372e+01 6.540367489807094592e-02 1.970503330216317669e-02
1.147826086956521685e+01 4.044113564517141934e-02 1.986382116319469412e-02
1.151839464882943176e+01 7.347985132993051227e-02 2.002388870458935224e-02
1.155852842809364489e+01 5.272124802188280640e-02 2.018524623936364740e-02
1.159866220735785980e+01 7.786204519786055211e-02 2.034790416364726934e-02
1.163879598662207471e+01 5.233127386507141487e-02 2.051187295735291960e-02
1.167892976588628784e+01 3.597990538541105676e-02 2.067716318485147628e-02
1.171906354515050275e+01 1.869159859789819300e-02 2.084378549565272035e-02
1.175919732441471588e+01 7.946188659841346702e-02 2.101175062509139796e-02
1.179933110367893079e+01 1.087019288146399976e-02 2.118106939501895880e-02
1.183946488294314392e+01 6.414349519904757879e-02 2.135175271450073103e-02
1.187959866220735883e+01 4.891871850375942993e-02 2.152381158051885554e-02
1.191973244147157196e+01 5.194717171299771674e-02 2.169725707868074352e-02
1.195986622073578687e+01 6.978714983708084185e-02 2.187210038393336275e-02
1.200000000000000000e+01 4.631930619810084582e-02 2.204835276128321031e-02
