0.000000000000000000e+00 2.605498993532446850e-01 2.001999999999999873e-03
4.013377926421404784e-02 2.587895781172699916e-01 2.018118113246460121e-03
8.026755852842809569e-02 2.588442369508873742e-01 2.034366123280232936e-03
1.204013377926421435e-01 2.573587190290860249e-01 2.050745076946882545e-03
1.605351170568561914e-01 2.584125606568685174e-01 2.067256029528561408e-03
2.006688963210702392e-01 2.566995246895344973e-01 2.083900044811999239e-03
2.408026755852842871e-01 2.561968912492992856e-01 2.100678195157044525e-03
2.809364548494983627e-01 2.575346182067716483e-01 2.117591561565753365e-03
3.210702341137123828e-01 2.554007493528647754e-01 2.134641233752039916e-03
3.612040133779264028e-01 2.508012857848932464e-01 2.151828310211882384e-03
4.013377926421404784e-01 2.505598992516643309e-01 2.169153898294102784e-03
4.414715719063545540e-01 2.519406291454955316e-01 2.186619114271708738e-03
4.816053511705685741e-01 2.511179778045579125e-01 2.204225083413815112e-03
5.217391304347825942e-01 2.525040171538957545e-01 2.221972940058144618e-03
5.618729096989967253e-01 2.481317597794963914e-01 2.239863827684111710e-03
6.020066889632107454e-01 2.455356200401156985e-01 2.257898898986496292e-03
6.421404682274247655e-01 2.479974932471286364e-01 2.276079315949711135e-03
6.822742474916387856e-01 2.454385785586760960e-01 2.294406249922665599e-03
7.224080267558528057e-01 2.468696515092253518e-01 2.312880881694239117e-03
7.625418060200669368e-01 2.462125503204429522e-01 2.331504401569352725e-03
8.026755852842809569e-01 2.437387505969768886e-01 2.350278009445663785e-03
8.428093645484949770e-01 2.444984933219320478e-01 2.369202914890872636e-03
8.829431438127091081e-01 2.425542895170701707e-01 2.388280337220653315e-03
9.230769230769231282e-01 2.428869124472186614e-01 2.407511505577214841e-03
9.632107023411371483e-01 2.398534338907558350e-01 2.426897659008493083e-03
1.003344481605351168e+00 2.438274156398209103e-01 2.446440046547980560e-03
1.043478260869565188e+00 2.417129696505887770e-01 2.466139927295201567e-03
1.083612040133779209e+00 2.414190189721857338e-01 2.485998570496835650e-03
1.123745819397993451e+00 2.396302879785426054e-01 2.506017255628492039e-03
1.163879598662207471e+00 2.338430633943196779e-01 2.526197272477147173e-03
1.204013377926421491e+00 2.350011855999325772e-01 2.546539921224243597e-03
1.244147157190635511e+00 2.347645165096930719e-01 2.567046512529459323e-03
1.284280936454849531e+00 2.267899773716471612e-01 2.587718367615152865e-03
1.324414715719063551e+00 2.305070913138148048e-01 2.608556818351489594e-03
1.364548494983277571e+00 2.312314166421083061e-01 2.629563207342250266e-03
1.404682274247491591e+00 2.305789237684523763e-01 2.650738888011337346e-03
1.444816053511705611e+00 2.347586245437482677e-01 2.672085224689972182e-03
1.484949832775919853e+00 2.282768257397617684e-01 2.693603592704598652e-03
1.525083612040133874e+00 2.234887602293931519e-01 2.715295378465494135e-03
1.565217391304347894e+00 2.274821901524591017e-01 2.737161979556096067e-03
1.605351170568561914e+00 2.237986367293875734e-01 2.759204804823044491e-03
1.645484949832775934e+00 2.285562055428257411e-01 2.781425274466955803e-03
1.685618729096989954e+00 2.311471539483853921e-01 2.803824820133921612e-03
1.725752508361203974e+00 2.244447551844012123e-01 2.826404885007752221e-03
1.765886287625418216e+00 2.233275144958472014e-01 2.849166923902957376e-03
1.806020066889632236e+00 2.241259483864191104e-01 2.872112403358479012e-03
1.846153846153846256e+00 2.222170539991089599e-01 2.895242801732179905e-03
1.886287625418060276e+00 2.269174645389946121e-01 2.918559609296092570e-03
1.926421404682274297e+00 2.265305100268044103e-01 2.942064328332435336e-03
1.966555183946488317e+00 2.215003335094170578e-01 2.965758473230405146e-03
2.006688963210702337e+00 2.160459978210988174e-01 2.989643570583746645e-03
2.046822742474916357e+00 2.208588685339593904e-01 3.013721159289110135e-03
2.086956521739130377e+00 2.192452104153614356e-01 3.037992790645201429e-03
2.127090301003344397e+00 2.123286266239436115e-01 3.062460028452729244e-03
2.167224080267558417e+00 2.129722270154190411e-01 3.087124449115161845e-03
2.207357859531772437e+00 2.166391432076272272e-01 3.111987641740292503e-03
2.247491638795986901e+00 2.185951156904613335e-01 3.137051208242623308e-03
2.287625418060200921e+00 2.087895995236204172e-01 3.162316763446576442e-03
2.327759197324414941e+00 2.122724225522143182e-01 3.187785935190535526e-03
2.367892976588628962e+00 2.091050570623233240e-01 3.213460364431726130e-03
2.408026755852842982e+00 2.054981949690762033e-01 3.239341705351940666e-03
2.448160535117057002e+00 2.092355084621232986e-01 3.265431625464115459e-03
2.488294314381271022e+00 2.057652168657041480e-01 3.291731805719770414e-03
2.528428093645485042e+00 2.027909116031792747e-01 3.318243940617306934e-03
2.568561872909699062e+00 2.048516263764468270e-01 3.344969738311185346e-03
2.608695652173913082e+00 2.063469967236189195e-01 3.371910920721979659e-03
2.648829431438127102e+00 2.021085780978571500e-01 3.399069223647319636e-03
2.688963210702341122e+00 2.004168149824821221e-01 3.426446396873725816e-03
2.729096989966555142e+00 1.961343845641094208e-01 3.454044204289347022e-03
2.769230769230769162e+00 1.993178333892677845e-01 3.481864423997608170e-03
2.809364548494983183e+00 1.953352715952026142e-01 3.509908848431768369e-03
2.849498327759197203e+00 2.008880789121245125e-01 3.538179284470410139e-03
2.889632107023411223e+00 2.030373370697775015e-01 3.566677553553849762e-03
2.929765886287625687e+00 1.955380304492691235e-01 3.595405491801497832e-03
2.969899665551839707e+00 2.005251584494144590e-01 3.624364950130151784e-03
3.010033444816053727e+00 2.016246550083174993e-01 3.653557794373254661e-03
3.050167224080267747e+00 1.897701608630145698e-01 3.682985905401105816e-03
3.090301003344481767e+00 1.881968799208293408e-01 3.712651179242044790e-03
3.130434782608695787e+00 1.902625673418970043e-01 3.742555527204611838e-03
3.170568561872909807e+00 1.924987482588570720e-01 3.772700876000690314e-03
3.210702341137123828e+00 1.916539749859955677e-01 3.803089167869642614e-03
3.250836120401337848e+00 1.952966248968094898e-01 3.833722360703450526e-03
3.290969899665551868e+00 1.877427252622649034e-01 3.864602428172856513e-03
3.331103678929765888e+00 1.837536564043813769e-01 3.895731359854527186e-03
3.371237458193979908e+00 1.834216605781670284e-01 3.927111161359241563e-03
3.411371237458193928e+00 1.825399530323243147e-01 3.958743854461107582e-03
3.451505016722407948e+00 1.842342239996771769e-01 3.990631477227827260e-03
3.491638795986621968e+00 1.880685541723846332e-01 4.022776084152004418e-03
3.531772575250836432e+00 1.847489600552961464e-01 4.055179746283514922e-03
3.571906354515050452e+00 1.762454377807254058e-01 4.087844551362942482e-03
3.612040133779264472e+00 1.801165435761477029e-01 4.120772603956092579e-03
3.652173913043478493e+00 1.743561511308607814e-01 4.153966025589583659e-03
3.692307692307692513e+00 1.789458492794095135e-01 4.187426954887537266e-03
3.732441471571906533e+00 1.756795778450033207e-01 4.221157547709369733e-03
3.772575250836120553e+00 1.802058593949841248e-01 4.255159977288687154e-03
3.812709030100334573e+00 1.744166967909614174e-01 4.289436434373313130e-03
3.852842809364548593e+00 1.755585642303926497e-01 4.323989127366426738e-03
3.892976588628762613e+00 1.774931492831864910e-01 4.358820282468856694e-03
3.933110367892976633e+00 1.631240500448851438e-01 4.393932143822510891e-03
3.973244147157190653e+00 1.770026975569652661e-01 4.429326973654961266e-03
4.013377926421404673e+00 1.696704406725631220e-01 4.465007052425200469e-03
4.053511705685618693e+00 1.711401449342562775e-01 4.500974678970569472e-03
4.093645484949832714e+00 1.718223129881501499e-01 4.537232170654870861e-03
4.133779264214046734e+00 1.811196708438063130e-01 4.573781863517673886e-03
4.173913043478260754e+00 1.702537433069719053e-01 4.610626112424819067e-03
4.214046822742474774e+00 1.633885183270079033e-01 4.647767291220146653e-03
4.254180602006688794e+00 1.669305264466223737e-01 4.685207792878440247e-03
4.294314381270902814e+00 1.554570090042503572e-01 4.722950029659599494e-03
4.334448160535116834e+00 1.735384851225848513e-01 4.760996433264066095e-03
4.374581939799330854e+00 1.682307415374939275e-01 4.799349454989491025e-03
4.414715719063544874e+00 1.643043714035328784e-01 4.838011565888672427e-03
4.454849498327758894e+00 1.531171988669056128e-01 4.876985256928765937e-03
4.494983277591973803e+00 1.643028195721192020e-01 4.916273039151766548e-03
4.535117056856187823e+00 1.716453339848642567e-01 4.955877443836303672e-03
4.575250836120401843e+00 1.499385785833259599e-01 4.995801022660722492e-03
4.615384615384615863e+00 1.616076218807068199e-01 5.036046347867489774e-03
4.655518394648829883e+00 1.574708961385060668e-01 5.076616012428918079e-03
4.695652173913043903e+00 1.565107067373941729e-01 5.117512630214232638e-03
4.735785953177257923e+00 1.633785391837100365e-01 5.158738836157978312e-03
4.775919732441471943e+00 1.567773460118454809e-01 5.200297286429783963e-03
4.816053511705685963e+00 1.484220404466383147e-01 5.242190658605505073e-03
4.856187290969899983e+00 1.409098362857088560e-01 5.284421651839727244e-03
4.896321070234114003e+00 1.558879845601290060e-01 5.326992987039680036e-03
4.936454849498328024e+00 1.437976108345145054e-01 5.369907407040535978e-03
4.976588628762542044e+00 1.468239400055904309e-01 5.413167676782131184e-03
5.016722408026756064e+00 1.464074599894673034e-01 5.456776583487111046e-03
5.056856187290970084e+00 1.536315977050517201e-01 5.500736936840502737e-03
5.096989966555184104e+00 1.510994358741252486e-01 5.545051569170746618e-03
5.137123745819398124e+00 1.389923681611724138e-01 5.589723335632178734e-03
5.177257525083612144e+00 1.403876756817785953e-01 5.634755114388981766e-03
5.217391304347826164e+00 1.478761030160808954e-01 5.680149806800631300e-03
5.257525083612040184e+00 1.440297079404086189e-01 5.725910337608820094e-03
5.297658862876254204e+00 1.370725313927267097e-01 5.772039655125901954e-03
5.337792642140468224e+00 1.383966914396049519e-01 5.818540731424843952e-03
5.377926421404682245e+00 1.363336413862617780e-01 5.865416562530721689e-03
5.418060200668896265e+00 1.418103272370541124e-01 5.912670168613740236e-03
5.458193979933110285e+00 1.349641175155608386e-01 5.960304594183835417e-03
5.498327759197324305e+00 1.502994280054056331e-01 6.008322908286814652e-03
5.538461538461538325e+00 1.370980394162534532e-01 6.056728204702102429e-03
5.578595317725752345e+00 1.361573514976087418e-01 6.105523602142065229e-03
5.618729096989966365e+00 1.376816535350113280e-01 6.154712244452948018e-03
5.658862876254180385e+00 1.295416875967669579e-01 6.204297300817434441e-03
5.698996655518394405e+00 1.321068973406708813e-01 6.254281965958829841e-03
5.739130434782608425e+00 1.214360437613837829e-01 6.304669460346893142e-03
5.779264214046822445e+00 1.271265543233589534e-01 6.355463030405331462e-03
5.819397993311037354e+00 1.315434143965927005e-01 6.406665948720966994e-03
5.859531772575251374e+00 1.233794804018058244e-01 6.458281514254582238e-03
5.899665551839465394e+00 1.288842961724357139e-01 6.510313052553473936e-03
5.939799331103679414e+00 1.167026672791066505e-01 6.562763915965709634e-03
5.979933110367893434e+00 1.289457680536562068e-01 6.615637483856120701e-03
6.020066889632107454e+00 1.228479672341895590e-01 6.668937162824034419e-03
6.060200668896321474e+00 1.294279837032406011e-01 6.722666386922750321e-03
6.100334448160535494e+00 1.240964384082844235e-01 6.776828617880799842e-03
6.140468227424749514e+00 1.224662194423553757e-01 6.831427345324980575e-03
6.180602006688963534e+00 1.273744941798942709e-01 6.886466087005191188e-03
6.220735785953177555e+00 1.206682025707608019e-01 6.941948389021071301e-03
6.260869565217391575e+00 1.177839430759343720e-01 6.997877826050487131e-03
6.301003344481605595e+00 1.099788727461356169e-01 7.054258001579827297e-03
6.341137123745819615e+00 1.145111075117891952e-01 7.111092548136186894e-03
6.381270903010033635e+00 1.156840431193538604e-01 7.168385127521399898e-03
6.421404682274247655e+00 1.191132974379516679e-01 7.226139431047965897e-03
6.461538461538461675e+00 1.253983909646549100e-01 7.284359179776891957e-03
6.501672240802675695e+00 1.216276133144534033e-01 7.343048124757413191e-03
6.541806020066889715e+00 1.217141711825815847e-01 7.402210047268690044e-03
6.581939799331103735e+00 1.215836935656481321e-01 7.461848759063424187e-03
6.622073578595317755e+00 9.993073723542575393e-02 7.521968102613447657e-03
6.662207357859531776e+00 1.119897098888843479e-01 7.582571951357293047e-03
6.702341137123745796e+00 1.094796584374572307e-01 7.643664209949751695e-03
6.742474916387959816e+00 1.172449780161533839e-01 7.705248814513446752e-03
6.782608695652173836e+00 1.025260558190072557e-01 7.767329732892441080e-03
6.822742474916387856e+00 9.837699197645706495e-02 7.829910964907871307e-03
6.862876254180601876e+00 1.184591851686613018e-01 7.892996542615668756e-03
6.903010033444815896e+00 9.875248332737826540e-02 7.956590530566321276e-03
6.943143812709029916e+00 1.041597365389791419e-01 8.020697026066765309e-03
6.983277591973243936e+00 1.094674447201046535e-01 8.085320159444363969e-03
7.023411371237457956e+00 9.266791005842048290e-02 8.150464094313022295e-03
7.063545150501672865e+00 9.162082171645045958e-02 8.216133027841450095e-03
7.103678929765886885e+00 1.050832861668745122e-01 8.282331191023567171e-03
7.143812709030100905e+00 1.102831487911708486e-01 8.349062848951127255e-03
7.183946488294314925e+00 1.016356528222567418e-01 8.416332301088480863e-03
7.224080267558528945e+00 1.099819595159662461e-01 8.484143881549627980e-03
7.264214046822742965e+00 9.489970410597756145e-02 8.552501959377420068e-03
7.304347826086956985e+00 9.667571063148769350e-02 8.621410938825083137e-03
7.344481605351171005e+00 9.988304186686254582e-02 8.690875259639962991e-03
7.384615384615385025e+00 1.050769958801942294e-01 8.760899397349582868e-03
7.424749163879599045e+00 7.203203551704998042e-02 8.831487863549999581e-03
7.464882943143813065e+00 9.006441342645393755e-02 8.902645206196472052e-03
7.505016722408027086e+00 1.010744117880435361e-01 8.974376009896490800e-03
7.545150501672241106e+00 9.755878631279309154e-02 9.046684896205157977e-03
7.585284280936455126e+00 1.091210337204105707e-01 9.119576523922945724e-03
7.625418060200669146e+00 9.676835174349544821e-02 9.193055589395874444e-03
7.665551839464883166e+00 6.018422830853877026e-02 9.267126826818071136e-03
7.705685618729097186e+00 6.909824647715345769e-02 9.341795008536806638e-03
7.745819397993311206e+00 9.337626834249160290e-02 9.417064945359966688e-03
7.785953177257525226e+00 1.021279550776852674e-01 9.492941486866008846e-03
7.826086956521739246e+00 8.563494446926411818e-02 9.569429521716424358e-03
7.866220735785953266e+00 7.880328721846061035e-02 9.646533977970701487e-03
7.906354515050167286e+00 1.117854517605856302e-01 9.724259823403833686e-03
7.946488294314381307e+00 7.312197070902745621e-02 9.802612065826400364e-03
7.986622073578595327e+00 8.860723883826891745e-02 9.881595753407204641e-03
8.026755852842809347e+00 8.657026664150942186e-02 9.961215974998535727e-03
8.066889632107024255e+00 8.721775065855207065e-02 1.004147786046402993e-02
8.107023411371237387e+00 8.200151565394640796e-02 1.012238658100917191e-02
8.147157190635452295e+00 9.050354537163700364e-02 1.020394734951450208e-02
8.187290969899665427e+00 9.991181502820958849e-02 1.028616542087145043e-02
8.227424749163880335e+00 7.528541119637065238e-02 1.036904609232091982e-02
8.267558528428093467e+00 7.161025407642333807e-02 1.045259470379456858e-02
8.307692307692308376e+00 7.582702215961702186e-02 1.053681663825888071e-02
8.347826086956521507e+00 8.082424892658902904e-02 1.062171732206195277e-02
8.387959866220736416e+00 9.239831618242097533e-02 1.070730222528314818e-02
8.428093645484949548e+00 7.459048473386940825e-02 1.079357686208549244e-02
8.468227424749164456e+00 7.591049244367738258e-02 1.088054679107098265e-02
8.508361204013377588e+00 9.219125551681572883e-02 1.096821761563867952e-02
8.548494983277592496e+00 7.929263932775464097e-02 1.105659498434577274e-02
8.588628762541805628e+00 6.770698051659225503e-02 1.114568459127148782e-02
8.628762541806020536e+00 8.121503148930137028e-02 1.123549217638396443e-02
8.668896321070233668e+00 5.707966035710457242e-02 1.132602352591005265e-02
8.709030100334448576e+00 1.000075555071312794e-01 1.141728447270815364e-02
8.749163879598661708e+00 8.161346945406462716e-02 1.150928089664398669e-02
8.789297658862876617e+00 6.767840931157283191e-02 1.160201872496945466e-02
8.829431438127089748e+00 1.027723329045068801e-01 1.169550393270451030e-02
8.869565217391304657e+00 5.573884865842738262e-02 1.178974254302214177e-02
8.909698996655517789e+00 8.104616349491514105e-02 1.188474062763641287e-02
8.949832775919732697e+00 6.050456777219180571e-02 1.198050430719369182e-02
8.989966555183947605e+00 7.142756228836980026e-02 1.207703975166697294e-02
9.030100334448160737e+00 5.675076027052246980e-02 1.217435318075340937e-02
9.070234113712375645e+00 6.794945733410788502e-02 1.227245086427505849e-02
9.110367892976588777e+00 6.031079132300960072e-02 1.237133912258281052e-02
9.150501672240803686e+00 6.161940249043096340e-02 1.247102432696364088e-02
9.190635451505016817e+00 6.580425764475847372e-02 1.257151290005107010e-02
9.230769230769231726e+00 8.127801592867212044e-02 1.267281131623900631e-02
9.270903010033444858e+00 8.143306050106099980e-02 1.277492610209883875e-02
9.311036789297659766e+00 6.314626102573550614e-02 1.287786383679998675e-02
9.351170568561872898e+00 7.604231149696082104e-02 1.298163115253375514e-02
9.391304347826087806e+00 5.724903630614100458e-02 1.308623473494066949e-02
9.431438127090300938e+00 6.192791016171882851e-02 1.319168132354118714e-02
9.471571906354515846e+00 6.583180700479336622e-02 1.329797771216996959e-02
9.511705685618728978e+00 9.261201749848450848e-02 1.340513074941354806e-02
9.551839464882943886e+00 4.544929843368680777e-02 1.351314733905163018e-02
9.591973244147157018e+00 5.390804720586792054e-02 1.362203444050184842e-02
9.632107023411371927e+00 6.692181776327421616e-02 1.373179906926819994e-02
9.672240802675585059e+00 6.719879555068754284e-02 1.384244829739300110e-02
9.712374581939799967e+00 4.112050491311076972e-02 1.395398925391257844e-02
9.752508361204013099e+00 7.653910351736398221e-02 1.406642912531655583e-02
9.792642140468228007e+00 7.282508809598398081e-02 1.417977515601089034e-02
9.832775919732441139e+00 2.119599514349370523e-02 1.429403464878460303e-02
9.872909698996656047e+00 6.578827455740178520e-02 1.440921496528032968e-02
9.913043478260869179e+00 4.874101271135545393e-02 1.452532352646856637e-02
9.953177257525084087e+00 5.736421475316385438e-02 1.464236781312586687e-02
9.993311036789297219e+00 6.911563903590980940e-02 1.476035536631676096e-02
1.003344481605351213e+01 4.626943325606109464e-02 1.487929378787965912e-02
1.007357859531772526e+01 3.517924486381329707e-02 1.499919074091660663e-02
1.011371237458194017e+01 4.738006397156069305e-02 1.512005395028703965e-02
1.015384615384615330e+01 6.261410726830712870e-02 1.524189120310544612e-02
1.019397993311036821e+01 2.983067360602582527e-02 1.536471034924314326e-02
1.023411371237458134e+01 6.148199693476768396e-02 1.548851930183397368e-02
1.027424749163879625e+01 3.413210000831074648e-02 1.561332603778420140e-02
1.031438127090301116e+01 6.576779423517514767e-02 1.573913859828641668e-02
1.035451505016722429e+01 2.859177333198785476e-02 1.586596508933761987e-02
1.039464882943143920e+01 4.162930671554378181e-02 1.599381368226153455e-02
1.043478260869565233e+01 5.591496155544935925e-02 1.612269261423502145e-02
1.047491638795986724e+01 6.969160981672781197e-02 1.625261018881883276e-02
1.051505016722408037e+01 6.517361263921199466e-02 1.638357477649255919e-02
1.055518394648829528e+01 5.122199927206672054e-02 1.651559481519399367e-02
1.059531772575250841e+01 6.861311217471398327e-02 1.664867881086271734e-02
1.063545150501672332e+01 7.555579942810594640e-02 1.678283533798818894e-02
1.067558528428093645e+01 5.537567259694898408e-02 1.691807304016213279e-02
1.071571906354515136e+01 5.273429809962007497e-02 1.705440063063549949e-02
1.075585284280936449e+01 5.934181162171587448e-02 1.719182689287978780e-02
1.079598662207357940e+01 2.973487140866733214e-02 1.733036068115302933e-02
1.083612040133779253e+01 5.835851214359854405e-02 1.747001092107018996e-02
1.087625418060200744e+01 3.815394792026258197e-02 1.761078661017830352e-02
1.091638795986622057e+01 2.404425388390783042e-02 1.775269681853609838e-02
1.095652173913043548e+01 3.164379669158067648e-02 1.789575068929847440e-02
1.099665551839464861e+01 3.683602057915738581e-02 1.803995743930549012e-02
1.103678929765886352e+01 5.510546026187591873e-02 1.818532635967626959e-02
1.107692307692307665e+01 4.320697715474811768e-02 1.833186681640757223e-02
1.111705685618729156e+01 6.546652713655290445e-02 1.847958825097726840e-02
1.115719063545150469e+01 2.649784567511705505e-02 1.862850018095262364e-02
1.119732441471571960e+01 3.847582025049085114e-02 1.877861220060352346e-02
1.123745819397993273e+01 5.795588841449077211e-02 1.892993398152061427e-02
1.127759197324414764e+01 5.086161645244605123e-02 1.908247527323845422e-02
1.131772575250836077e+01 3.927441823599650550e-02 1.923624590386361841e-02
1.135785953177257568e+01 2.821439230672081327e-02 1.939125578070799438e-02
1.139799331103678881e+01 7.372564733579643065e-03 1.954751489092700426e-02
1.143812709030100372e+01 5.083340235743206287e-02 1.970503330216317669e-02
1.147826086956521685e+01 5.813433887265635758e-02 1.986382116319469412e-02
1.151839464882943176e+01 3.998090398100683646e-02 2.002388870458935224e-02
1.155852842809364489e+01 3.464286143544740432e-02 2.018524623936364740e-02
1.159866220735785980e+01 8.893338184664051349e-02 2.034790416364726934e-02
1.163879598662207471e+01 3.063499512291633503e-02 2.051187295735291960e-02
1.167892976588628784e+01 5.480848055703570199e-02 2.067716318485147628e-02
1.171906354515050275e+01 7.157663148750670334e-02 2.084378549565272035e-02
1.175919732441471588e+01 -3.796987397250081719e-03 2.101175062509139796e-02
1.179933110367893079e+01 1.793174175699904782e-02 2.118106939501895880e-02
1.183946488294314392e+01 -6.758343786494418193e-03 2.135175271450073103e-02
1.187959866220735883e+01 3.299054447014095753e-02 2.152381158051885554e-02
1.191973244147157196e+01 1.321265624362948088e-02 2.169725707868074352e-02
1.195986622073578687e+01 3.846403626976092199e-02 2.187210038393336275e-02
1.200000000000000000e+01 1.302064605480716605e-02 2.204835276128321031e-02
