0.000000000000000000e+00 2.586546088701021096e-01 2.001999999999999873e-03
4.013377926421404784e-02 2.584324345985175020e-01 2.018118113246460121e-03
8.026755852842809569e-02 2.602202142864585843e-01 2.034366123280232936e-03
1.204013377926421435e-01 2.587327027648361755e-01 2.050745076946882545e-03
1.605351170568561914e-01 2.594788092244451061e-01 2.067256029528561408e-03
2.006688963210702392e-01 2.595539525111772439e-01 2.083900044811999239e-03
2.408026755852842871e-01 2.545120134267573886e-01 2.100678195157044525e-03
2.809364548494983627e-01 2.592572516199802002e-01 2.117591561565753365e-03
3.210702341137123828e-01 2.560726419878703308e-01 2.134641233752039916e-03
3.612040133779264028e-01 2.557702244623809018e-01 2.151828310211882384e-03
4.013377926421404784e-01 2.565460986996198067e-01 2.169153898294102784e-03
4.414715719063545540e-01 2.548185663353601527e-01 2.186619114271708738e-03
4.816053511705685741e-01 2.547482094252400686e-01 2.204225083413815112e-03
5.217391304347825942e-01 2.539226882823997222e-01 2.221972940058144618e-03
5.618729096989967253e-01 2.563233290076192827e-01 2.239863827684111710e-03
6.020066889632107454e-01 2.534836464267448131e-01 2.257898898986496292e-03
6.421404682274247655e-01 2.560303157017516096e-01 2.276079315949711135e-03
6.822742474916387856e-01 2.507538865812328210e-01 2.294406249922665599e-03
7.224080267558528057e-01 2.550439121335891235e-01 2.312880881694239117e-03
7.625418060200669368e-01 2.516718475447092263e-01 2.331504401569352725e-03
8.026755852842809569e-01 2.531405348143160317e-01 2.350278009445663785e-03
8.428093645484949770e-01 2.479915299520003835e-01 2.369202914890872636e-03
8.829431438127091081e-01 2.532248861972642984e-01 2.388280337220653315e-03
9.230769230769231282e-01 2.507308595831934106e-01 2.407511505577214841e-03
9.632107023411371483e-01 2.487460853186148624e-01 2.426897659008493083e-03
1.003344481605351168e+00 2.516977312665946154e-01 2.446440046547980560e-03
1.043478260869565188e+00 2.518552465401600604e-01 2.466139927295201567e-03
1.083612040133779209e+00 2.454410977417887385e-01 2.485998570496835650e-03
1.123745819397993451e+00 2.458213987286779756e-01 2.506017255628492039e-03
1.163879598662207471e+00 2.472509547623093773e-01 2.526197272477147173e-03
1.204013377926421491e+00 2.454659778506115553e-01 2.546539921224243597e-03
1.244147157190635511e+00 2.442169440359565902e-01 2.567046512529459323e-03
1.284280936454849531e+00 2.428597282149302372e-01 2.587718367615152865e-03
1.324414715719063551e+00 2.367644941670568881e-01 2.608556818351489594e-03
1.364548494983277571e+00 2.440475357444391591e-01 2.629563207342250266e-03
1.404682274247491591e+00 2.431915828567457749e-01 2.650738888011337346e-03
1.444816053511705611e+00 2.395377387615081344e-01 2.672085224689972182e-03
1.484949832775919853e+00 2.428609082669761221e-01 2.693603592704598652e-03
1.525083612040133874e+00 2.370277199851813787e-01 2.715295378465494135e-03
1.565217391304347894e+00 2.363871702530812580e-01 2.737161979556096067e-03
1.605351170568561914e+00 2.392523060547000202e-01 2.759204804823044491e-03
1.645484949832775934e+00 2.404259111903900847e-01 2.781425274466955803e-03
1.685618729096989954e+00 2.338297519278934311e-01 2.803824820133921612e-03
1.725752508361203974e+00 2.331530826018380353e-01 2.826404885007752221e-03
1.765886287625418216e+00 2.308503432990731963e-01 2.849166923902957376e-03
1.806020066889632236e+00 2.386183120901577692e-01 2.872112403358479012e-03
1.846153846153846256e+00 2.309663982570544227e-01 2.895242801732179905e-03
1.886287625418060276e+00 2.376952443030038997e-01 2.918559609296092570e-03
1.926421404682274297e+00 2.317467222137485350e-01 2.942064328332435336e-03
1.966555183946488317e+00 2.331654380157218709e-01 2.965758473230405146e-03
2.006688963210702337e+00 2.287603274341619142e-01 2.989643570583746645e-03
2.046822742474916357e+00 2.282736779203275723e-01 3.013721159289110135e-03
2.086956521739130377e+00 2.329938483947915639e-01 3.037992790645201429e-03
2.127090301003344397e+00 2.277512957100197577e-01 3.062460028452729244e-03
2.167224080267558417e+00 2.307568138716939998e-01 3.087124449115161845e-03
2.207357859531772437e+00 2.311580238574464097e-01 3.111987641740292503e-03
2.247491638795986901e+00 2.276218607146255624e-01 3.137051208242623308e-03
2.287625418060200921e+00 2.213695729062381823e-01 3.162316763446576442e-03
2.327759197324414941e+00 2.272999643511579293e-01 3.187785935190535526e-03
2.367892976588628962e+00 2.221192791518721288e-01 3.213460364431726130e-03
2.408026755852842982e+00 2.228679962486930233e-01 3.239341705351940666e-03
2.448160535117057002e+00 2.226431870591216722e-01 3.265431625464115459e-03
2.488294314381271022e+00 2.131538370993326659e-01 3.291731805719770414e-03
2.528428093645485042e+00 2.137300799219306047e-01 3.318243940617306934e-03
2.568561872909699062e+00 2.262511164749718140e-01 3.344969738311185346e-03
2.608695652173913082e+00 2.175067924311876733e-01 3.371910920721979659e-03
2.648829431438127102e+00 2.185186943635210877e-01 3.399069223647319636e-03
2.688963210702341122e+00 2.133625420746760037e-01 3.426446396873725816e-03
2.729096989966555142e+00 2.070515086898209456e-01 3.454044204289347022e-03
2.769230769230769162e+00 2.096861879222364500e-01 3.481864423997608170e-03
2.809364548494983183e+00 2.186566601079713845e-01 3.509908848431768369e-03
2.849498327759197203e+00 2.153402760407432115e-01 3.538179284470410139e-03
2.889632107023411223e+00 2.112369620551232674e-01 3.566677553553849762e-03
2.929765886287625687e+00 2.074654027368472708e-01 3.595405491801497832e-03
2.969899665551839707e+00 2.100655971619237727e-01 3.624364950130151784e-03
3.010033444816053727e+00 2.066678019458906557e-01 3.653557794373254661e-03
3.050167224080267747e+00 2.055455828075598568e-01 3.682985905401105816e-03
3.090301003344481767e+00 1.982322188775959004e-01 3.712651179242044790e-03
3.130434782608695787e+00 2.024286987249285796e-01 3.742555527204611838e-03
3.170568561872909807e+00 2.057727746010553360e-01 3.772700876000690314e-03
3.210702341137123828e+00 1.973231715933559394e-01 3.803089167869642614e-03
3.250836120401337848e+00 2.011478238209479796e-01 3.833722360703450526e-03
3.290969899665551868e+00 1.957111820568983862e-01 3.864602428172856513e-03
3.331103678929765888e+00 2.012640732212629957e-01 3.895731359854527186e-03
3.371237458193979908e+00 1.940616617975952918e-01 3.927111161359241563e-03
3.411371237458193928e+00 1.941577234381721140e-01 3.958743854461107582e-03
3.451505016722407948e+00 1.984285253446534114e-01 3.990631477227827260e-03
3.491638795986621968e+00 1.898443555530990312e-01 4.022776084152004418e-03
3.531772575250836432e+00 1.915183713301189805e-01 4.055179746283514922e-03
3.571906354515050452e+00 1.913691110732849976e-01 4.087844551362942482e-03
3.612040133779264472e+00 1.952835807353089648e-01 4.120772603956092579e-03
3.652173913043478493e+00 1.855684748608302237e-01 4.153966025589583659e-03
3.692307692307692513e+00 1.891134808834685488e-01 4.187426954887537266e-03
3.732441471571906533e+00 1.852664285576647585e-01 4.221157547709369733e-03
3.772575250836120553e+00 1.872437348603902818e-01 4.255159977288687154e-03
3.812709030100334573e+00 1.932853300018236853e-01 4.289436434373313130e-03
3.852842809364548593e+00 1.807594006788351415e-01 4.323989127366426738e-03
3.892976588628762613e+00 1.868742254881821663e-01 4.358820282468856694e-03
3.933110367892976633e+00 1.889257318375485717e-01 4.393932143822510891e-03
3.973244147157190653e+00 1.713266528898918228e-01 4.429326973654961266e-03
4.013377926421404673e+00 1.800977282176502159e-01 4.465007052425200469e-03
4.053511705685618693e+00 1.750114259480539947e-01 4.500974678970569472e-03
4.093645484949832714e+00 1.728169435016587707e-01 4.537232170654870861e-03
4.133779264214046734e+00 1.714296093721315306e-01 4.573781863517673886e-03
4.173913043478260754e+00 1.778363270958360498e-01 4.610626112424819067e-03
4.214046822742474774e+00 1.675123164210631788e-01 4.647767291220146653e-03
4.254180602006688794e+00 1.754373626764116900e-01 4.685207792878440247e-03
4.294314381270902814e+00 1.728590205713022854e-01 4.722950029659599494e-03
4.334448160535116834e+00 1.754908737239410654e-01 4.760996433264066095e-03
4.374581939799330854e+00 1.678601312956105318e-01 4.799349454989491025e-03
4.414715719063544874e+00 1.673289527621100448e-01 4.838011565888672427e-03
4.454849498327758894e+00 1.692416264099256273e-01 4.876985256928765937e-03
4.494983277591973803e+00 1.620706816881682666e-01 4.916273039151766548e-03
4.535117056856187823e+00 1.664705259094209910e-01 4.955877443836303672e-03
4.575250836120401843e+00 1.612492466603286656e-01 4.995801022660722492e-03
4.615384615384615863e+00 1.625794873243833483e-01 5.036046347867489774e-03
4.655518394648829883e+00 1.567904953029840009e-01 5.076616012428918079e-03
4.695652173913043903e+00 1.610875406891949524e-01 5.117512630214232638e-03
4.735785953177257923e+00 1.542356636411101045e-01 5.158738836157978312e-03
4.775919732441471943e+00 1.570190049043300451e-01 5.200297286429783963e-03
4.816053511705685963e+00 1.506115379846545699e-01 5.242190658605505073e-03
4.856187290969899983e+00 1.513427287818516487e-01 5.284421651839727244e-03
4.896321070234114003e+00 1.514057033473284464e-01 5.326992987039680036e-03
4.936454849498328024e+00 1.467970440816729338e-01 5.369907407040535978e-03
4.976588628762542044e+00 1.489966078250848924e-01 5.413167676782131184e-03
5.016722408026756064e+00 1.401145904719926505e-01 5.456776583487111046e-03
5.056856187290970084e+00 1.569783300445156959e-01 5.500736936840502737e-03
5.096989966555184104e+00 1.509433700394540445e-01 5.545051569170746618e-03
5.137123745819398124e+00 1.415871816985784237e-01 5.589723335632178734e-03
5.177257525083612144e+00 1.330832770448756308e-01 5.634755114388981766e-03
5.217391304347826164e+00 1.425064666956725734e-01 5.680149806800631300e-03
5.257525083612040184e+00 1.427302418367731307e-01 5.725910337608820094e-03
5.297658862876254204e+00 1.388056905242134598e-01 5.772039655125901954e-03
5.337792642140468224e+00 1.378581707840641768e-01 5.818540731424843952e-03
5.377926421404682245e+00 1.270119163378209681e-01 5.865416562530721689e-03
5.418060200668896265e+00 1.332500681570961409e-01 5.912670168613740236e-03
5.458193979933110285e+00 1.227299789470904789e-01 5.960304594183835417e-03
5.498327759197324305e+00 1.370784929254226236e-01 6.008322908286814652e-03
5.538461538461538325e+00 1.255895644358759611e-01 6.056728204702102429e-03
5.578595317725752345e+00 1.217482871353133822e-01 6.105523602142065229e-03
5.618729096989966365e+00 1.175852518684610271e-01 6.154712244452948018e-03
5.658862876254180385e+00 1.331752006665100074e-01 6.204297300817434441e-03
5.698996655518394405e+00 1.208845739969003630e-01 6.254281965958829841e-03
5.739130434782608425e+00 1.177790388479790507e-01 6.304669460346893142e-03
5.779264214046822445e+00 1.222304240413224358e-01 6.355463030405331462e-03
5.819397993311037354e+00 1.186790421561304959e-01 6.406665948720966994e-03
5.859531772575251374e+00 1.197373167650956638e-01 6.458281514254582238e-03
5.899665551839465394e+00 1.178128978816093825e-01 6.510313052553473936e-03
5.939799331103679414e+00 1.228198967087102966e-01 6.562763915965709634e-03
5.979933110367893434e+00 1.236793461860641180e-01 6.615637483856120701e-03
6.020066889632107454e+00 1.116692217737233345e-01 6.668937162824034419e-03
6.060200668896321474e+00 1.193543168749797018e-01 6.722666386922750321e-03
6.100334448160535494e+00 1.182793415107874224e-01 6.776828617880799842e-03
6.140468227424749514e+00 1.148080238222183996e-01 6.831427345324980575e-03
6.180602006688963534e+00 1.207146566014139638e-01 6.886466087005191188e-03
6.220735785953177555e+00 1.101785866237162681e-01 6.941948389021071301e-03
6.260869565217391575e+00 1.131658895463053399e-01 6.997877826050487131e-03
6.301003344481605595e+00 9.997433797687838020e-02 7.054258001579827297e-03
6.341137123745819615e+00 1.049392136587565111e-01 7.111092548136186894e-03
6.381270903010033635e+00 1.128528862542969580e-01 7.168385127521399898e-03
6.421404682274247655e+00 1.060739459297208587e-01 7.226139431047965897e-03
6.461538461538461675e+00 1.028301277772330491e-01 7.284359179776891957e-03
6.501672240802675695e+00 1.008836099301586992e-01 7.343048124757413191e-03
6.541806020066889715e+00 1.039534552747191087e-01 7.402210047268690044e-03
6.581939799331103735e+00 1.038683205358448547e-01 7.461848759063424187e-03
6.622073578595317755e+00 8.451346459316562421e-02 7.521968102613447657e-03
6.662207357859531776e+00 9.365954618237684604e-02 7.582571951357293047e-03
6.702341137123745796e+00 9.314972275385118017e-02 7.643664209949751695e-03
6.742474916387959816e+00 1.143475112970478713e-01 7.705248814513446752e-03
6.782608695652173836e+00 8.752252894718956511e-02 7.767329732892441080e-03
6.822742474916387856e+00 8.953270214001998739e-02 7.829910964907871307e-03
6.862876254180601876e+00 1.065267350583213729e-01 7.892996542615668756e-03
6.903010033444815896e+00 8.268691409066442066e-02 7.956590530566321276e-03
6.943143812709029916e+00 8.311154610813506483e-02 8.020697026066765309e-03
6.983277591973243936e+00 9.429369907886873958e-02 8.085320159444363969e-03
7.023411371237457956e+00 1.111688757193052685e-01 8.150464094313022295e-03
7.063545150501672865e+00 7.360312017270453921e-02 8.216133027841450095e-03
7.103678929765886885e+00 9.975891348219181887e-02 8.282331191023567171e-03
7.143812709030100905e+00 9.255488586019676445e-02 8.349062848951127255e-03
7.183946488294314925e+00 9.211293936713035868e-02 8.416332301088480863e-03
7.224080267558528945e+00 7.213367583834996710e-02 8.484143881549627980e-03
7.264214046822742965e+00 6.420546919149588971e-02 8.552501959377420068e-03
7.304347826086956985e+00 7.624692248348605150e-02 8.621410938825083137e-03
7.344481605351171005e+00 9.984580533096268362e-02 8.690875259639962991e-03
7.384615384615385025e+00 7.178509804816818329e-02 8.760899397349582868e-03
7.424749163879599045e+00 7.292353902957245115e-02 8.831487863549999581e-03
7.464882943143813065e+00 6.692466200706431723e-02 8.902645206196472052e-03
7.505016722408027086e+00 8.957127290309412071e-02 8.974376009896490800e-03
7.545150501672241106e+00 5.409491470986105971e-02 9.046684896205157977e-03
7.585284280936455126e+00 6.014096854941097803e-02 9.119576523922945724e-03
7.625418060200669146e+00 7.956579506494312892e-02 9.193055589395874444e-03
7.665551839464883166e+00 6.346199573982753972e-02 9.267126826818071136e-03
7.705685618729097186e+00 7.869714823006787596e-02 9.341795008536806638e-03
7.745819397993311206e+00 7.442626451018274913e-02 9.417064945359966688e-03
7.785953177257525226e+00 7.386560606028394482e-02 9.492941486866008846e-03
7.826086956521739246e+00 6.911237464969062494e-02 9.569429521716424358e-03
7.866220735785953266e+00 7.272481487865106731e-02 9.646533977970701487e-03
7.906354515050167286e+00 7.264492707889207146e-02 9.724259823403833686e-03
7.946488294314381307e+00 6.633858444740779736e-02 9.802612065826400364e-03
7.986622073578595327e+00 6.849912105990134392e-02 9.881595753407204641e-03
8.026755852842809347e+00 5.687401255373159686e-02 9.961215974998535727e-03
8.066889632107024255e+00 6.047782174445870407e-02 1.004147786046402993e-02
8.107023411371237387e+00 5.322146137176871766e-02 1.012238658100917191e-02
8.147157190635452295e+00 6.831261466860941156e-02 1.020394734951450208e-02
8.187290969899665427e+00 5.909946909895438111e-02 1.028616542087145043e-02
8.227424749163880335e+00 7.273591535940843178e-02 1.036904609232091982e-02
8.267558528428093467e+00 6.556457354157191331e-02 1.045259470379456858e-02
8.307692307692308376e+00 6.319465381196040510e-02 1.053681663825888071e-02
8.347826086956521507e+00 5.878590301214224600e-02 1.062171732206195277e-02
8.387959866220736416e+00 5.611448422983048023e-02 1.070730222528314818e-02
8.428093645484949548e+00 5.683824191344740567e-02 1.079357686208549244e-02
8.468227424749164456e+00 4.840226139871502825e-02 1.088054679107098265e-02
8.508361204013377588e+00 5.694110411068606381e-02 1.096821761563867952e-02
8.548494983277592496e+00 4.237564951476574526e-02 1.105659498434577274e-02
8.588628762541805628e+00 4.008795855335376551e-02 1.114568459127148782e-02
8.628762541806020536e+00 3.711122007023848896e-02 1.123549217638396443e-02
8.668896321070233668e+00 1.772236629536201591e-02 1.132602352591005265e-02
8.709030100334448576e+00 5.909092265380408437e-02 1.141728447270815364e-02
8.749163879598661708e+00 4.126752004294430287e-02 1.150928089664398669e-02
8.789297658862876617e+00 8.489722641522848279e-02 1.160201872496945466e-02
8.829431438127089748e+00 3.307977188267924307e-02 1.169550393270451030e-02
8.869565217391304657e+00 5.184678591745723458e-02 1.178974254302214177e-02
8.909698996655517789e+00 4.648617275835546098e-02 1.188474062763641287e-02
8.949832775919732697e+00 5.966759056968327923e-02 1.198050430719369182e-02
8.989966555183947605e+00 2.908437840881595085e-02 1.207703975166697294e-02
9.030100334448160737e+00 5.970977775743295524e-02 1.217435318075340937e-02
9.070234113712375645e+00 7.497701308761459127e-02 1.227245086427505849e-02
9.110367892976588777e+00 3.542964736114689178e-02 1.237133912258281052e-02
9.150501672240803686e+00 3.313036003661656154e-02 1.247102432696364088e-02
9.190635451505016817e+00 5.388442786792951855e-02 1.257151290005107010e-02
9.230769230769231726e+00 3.069773779038992984e-02 1.267281131623900631e-02
9.270903010033444858e+00 2.867493722503033568e-02 1.277492610209883875e-02
9.311036789297659766e+00 4.571413527107279218e-02 1.287786383679998675e-02
9.351170568561872898e+00 2.512940736563436944e-02 1.298163115253375514e-02
9.391304347826087806e+00 5.491136826517974134e-02 1.308623473494066949e-02
9.431438127090300938e+00 2.676543650026313309e-02 1.319168132354118714e-02
9.471571906354515846e+00 4.853509662336641384e-02 1.329797771216996959e-02
9.511705685618728978e+00 2.062414944718409665e-02 1.340513074941354806e-02
9.551839464882943886e+00 1.534355922590045773e-02 1.351314733905163018e-02
9.591973244147157018e+00 2.862896744773252636e-02 1.362203444050184842e-02
9.632107023411371927e+00 4.488919905670106514e-02 1.373179906926819994e-02
9.672240802675585059e+00 3.084182593686976906e-02 1.384244829739300110e-02
9.712374581939799967e+00 2.913805676124439636e-02 1.395398925391257844e-02
9.752508361204013099e+00 4.799273003010973149e-02 1.406642912531655583e-02
9.792642140468228007e+00 8.265249044153991781e-03 1.417977515601089034e-02
9.832775919732441139e+00 3.252715497594636795e-02 1.429403464878460303e-02
9.872909698996656047e+00 3.417590813922664894e-02 1.440921496528032968e-02
9.913043478260869179e+00 3.531925875752123245e-02 1.452532352646856637e-02
9.953177257525084087e+00 1.744088320882167253e-02 1.464236781312586687e-02
9.993311036789297219e+00 3.413466668344855570e-02 1.476035536631676096e-02
1.003344481605351213e+01 7.742764373688291318e-03 1.487929378787965912e-02
1.007357859531772526e+01 5.381070652196735110e-02 1.499919074091660663e-02
1.011371237458194017e+01 3.613125432012823102e-02 1.512005395028703965e-02
1.015384615384615330e+01 3.216648313034596585e-02 1.524189120310544612e-02
1.019397993311036821e+01 3.855478977290555803e-02 1.536471034924314326e-02
1.023411371237458134e+01 3.465555938937169705e-02 1.548851930183397368e-02
1.027424749163879625e+01 8.191902436285970063e-03 1.561332603778420140e-02
1.031438127090301116e+01 2.634609593610982153e-02 1.573913859828641668e-02
1.035451505016722429e+01 3.352645555106975594e-02 1.586596508933761987e-02
1.039464882943143920e+01 1.009623514579032627e-02 1.599381368226153455e-02
1.043478260869565233e+01 3.873966906422332546e-02 1.612269261423502145e-02
1.047491638795986724e+01 3.298254355290855533e-02 1.625261018881883276e-02
1.051505016722408037e+01 2.841826012373422500e-02 1.638357477649255919e-02
1.055518394648829528e+01 4.211144486457430586e-02 1.651559481519399367e-02
1.059531772575250841e+01 1.801662959215863391e-02 1.664867881086271734e-02
1.063545150501672332e+01 -6.874485234979348103e-03 1.678283533798818894e-02
1.067558528428093645e+01 2.128188939642006172e-02 1.691807304016213279e-02
1.071571906354515136e+01 2.452117559039926342e-02 1.705440063063549949e-02
1.075585284280936449e+01 1.131614789886088365e-02 1.719182689287978780e-02
1.079598662207357940e+01 2.326548648142845455e-02 1.733036068115302933e-02
1.083612040133779253e+01 -9.667830487833914410e-03 1.747001092107018996e-02
1.087625418060200744e+01 3.156837455956974792e-02 1.761078661017830352e-02
1.091638795986622057e+01 3.843806688013184578e-03 1.775269681853609838e-02
1.095652173913043548e+01 -1.980958508288239300e-02 1.789575068929847440e-02
1.099665551839464861e+01 -1.346466866727724296e-02 1.803995743930549012e-02
1.103678929765886352e+01 4.359440672431670258e-03 1.818532635967626959e-02
1.107692307692307665e+01 1.049097385065533503e-02 1.833186681640757223e-02
1.111705685618729156e+01 -1.575897435334254817e-02 1.847958825097726840e-02
1.115719063545150469e+01 2.558198423730486532e-02 1.862850018095262364e-02
1.119732441471571960e+01 2.021688661024350492e-02 1.877861220060352346e-02
1.123745819397993273e+01 2.461133214681446996e-02 1.892993398152061427e-02
1.127759197324414764e+01 1.269971491390552501e-02 1.908247527323845422e-02
1.131772575250836077e+01 -1.279101423630420176e-02 1.923624590386361841e-02
1.135785953177257568e+01 2.993522155148398145e-02 1.939125578070799438e-02
1.139799331103678881e+01 5.844875803050863031e-03 1.954751489092700426e-02
1.143812709030100372e+01 -4.665745037475906715e-03 1.970503330216317669e-02
1.147826086956521685e+01 1.370772392311554212e-02 1.986382116319469412e-02
1.151839464882943176e+01 2.697274883306086807e-02 2.002388870458935224e-02
1.155852842809364489e+01 -8.828643783849184079e-03 2.018524623936364740e-02
1.159866220735785980e+01 1.277656617195838638e-02 2.034790416364726934e-02
1.163879598662207471e+01 3.515674600294447713e-03 2.051187295735291960e-02
1.167892976588628784e+01 4.578249199667016461e-02 2.067716318485147628e-02
1.171906354515050275e+01 -1.510797496599889517e-02 2.084378549565272035e-02
1.175919732441471588e+01 4.130828531550344296e-02 2.101175062509139796e-02
1.179933110367893079e+01 3.883944941161439346e-02 2.118106939501895880e-02
1.183946488294314392e+01 4.092178837403973556e-03 2.135175271450073103e-02
1.187959866220735883e+01 4.614338042009575452e-03 2.152381158051885554e-02
1.191973244147157196e+01 -4.953960526994125035e-02 2.169725707868074352e-02
1.195986622073578687e+01 -3.325937214395318503e-03 2.187210038393336275e-02
1.200000000000000000e+01 -2.612083491685629477e-02 2.204835276128321031e-02
