0.000000000000000000e+00 2.599529621021912096e-01 2.001999999999999873e-03
4.013377926421404784e-02 2.573626252857842966e-01 2.018118113246460121e-03
8.026755852842809569e-02 2.582668179444748136e-01 2.034366123280232936e-03
1.204013377926421435e-01 2.590188640189900471e-01 2.050745076946882545e-03
1.605351170568561914e-01 2.562164695546947368e-01 2.067256029528561408e-03
2.006688963210702392e-01 2.568566210528573368e-01 2.083900044811999239e-03
2.408026755852842871e-01 2.538421729967282880e-01 2.100678195157044525e-03
2.809364548494983627e-01 2.572529567077223023e-01 2.117591561565753365e-03
3.210702341137123828e-01 2.537779870446592034e-01 2.134641233752039916e-03
3.612040133779264028e-01 2.541475648021411238e-01 2.151828310211882384e-03
4.013377926421404784e-01 2.509312029664045318e-01 2.169153898294102784e-03
4.414715719063545540e-01 2.513457151708698989e-01 2.186619114271708738e-03
4.816053511705685741e-01 2.492323982931081983e-01 2.204225083413815112e-03
5.217391304347825942e-01 2.449436863429327871e-01 2.221972940058144618e-03
5.618729096989967253e-01 2.514233642067864594e-01 2.239863827684111710e-03
6.020066889632107454e-01 2.471576072267735735e-01 2.257898898986496292e-03
6.421404682274247655e-01 2.502764318266640364e-01 2.276079315949711135e-03
6.822742474916387856e-01 2.460147585411975868e-01 2.294406249922665599e-03
7.224080267558528057e-01 2.437927408836159937e-01 2.312880881694239117e-03
7.625418060200669368e-01 2.450439567367178051e-01 2.331504401569352725e-03
8.026755852842809569e-01 2.425901070977402041e-01 2.350278009445663785e-03
8.428093645484949770e-01 2.410707261752561836e-01 2.369202914890872636e-03
8.829431438127091081e-01 2.444960704690344044e-01 2.388280337220653315e-03
9.230769230769231282e-01 2.396079862142221628e-01 2.407511505577214841e-03
9.632107023411371483e-01 2.410136691491657490e-01 2.426897659008493083e-03
1.003344481605351168e+00 2.399208377009335036e-01 2.446440046547980560e-03
1.043478260869565188e+00 2.375110711842884359e-01 2.466139927295201567e-03
1.083612040133779209e+00 2.401987382125374548e-01 2.485998570496835650e-03
1.123745819397993451e+00 2.353068203419889370e-01 2.506017255628492039e-03
1.163879598662207471e+00 2.300270150900054489e-01 2.526197272477147173e-03
1.204013377926421491e+00 2.392144067273690167e-01 2.546539921224243597e-03
1.244147157190635511e+00 2.329461179364682999e-01 2.567046512529459323e-03
1.284280936454849531e+00 2.301362537272750586e-01 2.587718367615152865e-03
1.324414715719063551e+00 2.314685943817119951e-01 2.608556818351489594e-03
1.364548494983277571e+00 2.309323248815295659e-01 2.629563207342250266e-03
1.404682274247491591e+00 2.292517598402860624e-01 2.650738888011337346e-03
1.444816053511705611e+00 2.291917929384058306e-01 2.672085224689972182e-03
1.484949832775919853e+00 2.214023830710225849e-01 2.693603592704598652e-03
1.525083612040133874e+00 2.241337746289208122e-01 2.715295378465494135e-03
1.565217391304347894e+00 2.248804420094875633e-01 2.737161979556096067e-03
1.605351170568561914e+00 2.197514937810543800e-01 2.759204804823044491e-03
1.645484949832775934e+00 2.204605485673808429e-01 2.781425274466955803e-03
1.685618729096989954e+00 2.216415016041370367e-01 2.803824820133921612e-03
1.725752508361203974e+00 2.209831494386177153e-01 2.826404885007752221e-03
1.765886287625418216e+00 2.208519564254765033e-01 2.849166923902957376e-03
1.806020066889632236e+00 2.186530923477506272e-01 2.872112403358479012e-03
1.846153846153846256e+00 2.154177873083553685e-01 2.895242801732179905e-03
1.886287625418060276e+00 2.126619154037339421e-01 2.918559609296092570e-03
1.926421404682274297e+00 2.106169045116063343e-01 2.942064328332435336e-03
1.966555183946488317e+00 2.162128041744473816e-01 2.965758473230405146e-03
2.006688963210702337e+00 2.123994755800914236e-01 2.989643570583746645e-03
2.046822742474916357e+00 2.116949424917417277e-01 3.013721159289110135e-03
2.086956521739130377e+00 2.128229250768884639e-01 3.037992790645201429e-03
2.127090301003344397e+00 2.135463526828181025e-01 3.062460028452729244e-03
2.167224080267558417e+00 2.042562224382119263e-01 3.087124449115161845e-03
2.207357859531772437e+00 2.098256954459511159e-01 3.111987641740292503e-03
2.247491638795986901e+00 2.015676844539935064e-01 3.137051208242623308e-03
2.287625418060200921e+00 2.097862552289266880e-01 3.162316763446576442e-03
2.327759197324414941e+00 2.059051901805785401e-01 3.187785935190535526e-03
2.367892976588628962e+00 2.015182059141240600e-01 3.213460364431726130e-03
2.408026755852842982e+00 2.054515912306520420e-01 3.239341705351940666e-03
2.448160535117057002e+00 1.986387354169085739e-01 3.265431625464115459e-03
2.488294314381271022e+00 1.994899424318637704e-01 3.291731805719770414e-03
2.528428093645485042e+00 1.949102745701022932e-01 3.318243940617306934e-03
2.568561872909699062e+00 1.923809312270846061e-01 3.344969738311185346e-03
2.608695652173913082e+00 1.985747119473664224e-01 3.371910920721979659e-03
2.648829431438127102e+00 1.947205479929014493e-01 3.399069223647319636e-03
2.688963210702341122e+00 1.923451103652852878e-01 3.426446396873725816e-03
2.729096989966555142e+00 1.927444306409275832e-01 3.454044204289347022e-03
2.769230769230769162e+00 1.923103077256111959e-01 3.481864423997608170e-03
2.809364548494983183e+00 1.877160508828838448e-01 3.509908848431768369e-03
2.849498327759197203e+00 1.862814373008966629e-01 3.538179284470410139e-03
2.889632107023411223e+00 1.951747289501254423e-01 3.566677553553849762e-03
2.929765886287625687e+00 1.866880649468887765e-01 3.595405491801497832e-03
2.969899665551839707e+00 1.884371077767528491e-01 3.624364950130151784e-03
3.010033444816053727e+00 1.875070331703608817e-01 3.653557794373254661e-03
3.050167224080267747e+00 1.827193127147782870e-01 3.682985905401105816e-03
3.090301003344481767e+00 1.829953209735883102e-01 3.712651179242044790e-03
3.130434782608695787e+00 1.848470863725758251e-01 3.742555527204611838e-03
3.170568561872909807e+00 1.791923137933398580e-01 3.772700876000690314e-03
3.210702341137123828e+00 1.811971822629922235e-01 3.803089167869642614e-03
3.250836120401337848e+00 1.714835837162503873e-01 3.833722360703450526e-03
3.290969899665551868e+00 1.724657693955373994e-01 3.864602428172856513e-03
3.331103678929765888e+00 1.679849566872319289e-01 3.895731359854527186e-03
3.371237458193979908e+00 1.755993976136398516e-01 3.927111161359241563e-03
3.411371237458193928e+00 1.725993746519435545e-01 3.958743854461107582e-03
3.451505016722407948e+00 1.729286162493379464e-01 3.990631477227827260e-03
3.491638795986621968e+00 1.682301218715717972e-01 4.022776084152004418e-03
3.531772575250836432e+00 1.727803806570807621e-01 4.055179746283514922e-03
3.571906354515050452e+00 1.630610578032036795e-01 4.087844551362942482e-03
3.612040133779264472e+00 1.702781632692630942e-01 4.120772603956092579e-03
3.652173913043478493e+00 1.704930661791089486e-01 4.153966025589583659e-03
3.692307692307692513e+00 1.664137377949349295e-01 4.187426954887537266e-03
3.732441471571906533e+00 1.620769650162216802e-01 4.221157547709369733e-03
3.772575250836120553e+00 1.634506234993279294e-01 4.255159977288687154e-03
3.812709030100334573e+00 1.617292660035483942e-01 4.289436434373313130e-03
3.852842809364548593e+00 1.680069475948941515e-01 4.323989127366426738e-03
3.892976588628762613e+00 1.608693144799547559e-01 4.358820282468856694e-03
3.933110367892976633e+00 1.506335036540936978e-01 4.393932143822510891e-03
3.973244147157190653e+00 1.609534993435653982e-01 4.429326973654961266e-03
4.013377926421404673e+00 1.521730186981706257e-01 4.465007052425200469e-03
4.053511705685618693e+00 1.553144199068048348e-01 4.500974678970569472e-03
4.093645484949832714e+00 1.567574983928869681e-01 4.537232170654870861e-03
4.133779264214046734e+00 1.444838355592483747e-01 4.573781863517673886e-03
4.173913043478260754e+00 1.507162935901268930e-01 4.610626112424819067e-03
4.214046822742474774e+00 1.483815576444293682e-01 4.647767291220146653e-03
4.254180602006688794e+00 1.578549585929895360e-01 4.685207792878440247e-03
4.294314381270902814e+00 1.455016691139835172e-01 4.722950029659599494e-03
4.334448160535116834e+00 1.435726763203075129e-01 4.760996433264066095e-03
4.374581939799330854e+00 1.385297357987965994e-01 4.799349454989491025e-03
4.414715719063544874e+00 1.453682217430827539e-01 4.838011565888672427e-03
4.454849498327758894e+00 1.472626505018363452e-01 4.876985256928765937e-03
4.494983277591973803e+00 1.394963843378389801e-01 4.916273039151766548e-03
4.535117056856187823e+00 1.491376611370911487e-01 4.955877443836303672e-03
4.575250836120401843e+00 1.344122946786747708e-01 4.995801022660722492e-03
4.615384615384615863e+00 1.345594716609384012e-01 5.036046347867489774e-03
4.655518394648829883e+00 1.476413163514267990e-01 5.076616012428918079e-03
4.695652173913043903e+00 1.355075541388948146e-01 5.117512630214232638e-03
4.735785953177257923e+00 1.377428816127897748e-01 5.158738836157978312e-03
4.775919732441471943e+00 1.336297919555770874e-01 5.200297286429783963e-03
4.816053511705685963e+00 1.291448757670666525e-01 5.242190658605505073e-03
4.856187290969899983e+00 1.395325286199602666e-01 5.284421651839727244e-03
4.896321070234114003e+00 1.374603192924199468e-01 5.326992987039680036e-03
4.936454849498328024e+00 1.273033822388066061e-01 5.369907407040535978e-03
4.976588628762542044e+00 1.235672289264194701e-01 5.413167676782131184e-03
5.016722408026756064e+00 1.246241731674552211e-01 5.456776583487111046e-03
5.056856187290970084e+00 1.115957517337293620e-01 5.500736936840502737e-03
5.096989966555184104e+00 1.261579095245611293e-01 5.545051569170746618e-03
5.137123745819398124e+00 1.171972774464987571e-01 5.589723335632178734e-03
5.177257525083612144e+00 1.161631124398807141e-01 5.634755114388981766e-03
5.217391304347826164e+00 1.219750268695178885e-01 5.680149806800631300e-03
5.257525083612040184e+00 1.141252449574428340e-01 5.725910337608820094e-03
5.297658862876254204e+00 1.199752458123932858e-01 5.772039655125901954e-03
5.337792642140468224e+00 1.139196936382449177e-01 5.818540731424843952e-03
5.377926421404682245e+00 1.168359478572273680e-01 5.865416562530721689e-03
5.418060200668896265e+00 1.137845284915110639e-01 5.912670168613740236e-03
5.458193979933110285e+00 1.216029415804782687e-01 5.960304594183835417e-03
5.498327759197324305e+00 1.134207300000868585e-01 6.008322908286814652e-03
5.538461538461538325e+00 1.101877829857170199e-01 6.056728204702102429e-03
5.578595317725752345e+00 9.592153106859638290e-02 6.105523602142065229e-03
5.618729096989966365e+00 1.082848845733093701e-01 6.154712244452948018e-03
5.658862876254180385e+00 1.080695925802548779e-01 6.204297300817434441e-03
5.698996655518394405e+00 9.849839380934902189e-02 6.254281965958829841e-03
5.739130434782608425e+00 1.061489710243633255e-01 6.304669460346893142e-03
5.779264214046822445e+00 1.143082106953645927e-01 6.355463030405331462e-03
5.819397993311037354e+00 1.013630150261644047e-01 6.406665948720966994e-03
5.859531772575251374e+00 1.044451211013217168e-01 6.458281514254582238e-03
5.899665551839465394e+00 1.028015054570075026e-01 6.510313052553473936e-03
5.939799331103679414e+00 1.031129310492471252e-01 6.562763915965709634e-03
5.979933110367893434e+00 9.885000513742688011e-02 6.615637483856120701e-03
6.020066889632107454e+00 9.706211018773658328e-02 6.668937162824034419e-03
6.060200668896321474e+00 8.842935409175591011e-02 6.722666386922750321e-03
6.100334448160535494e+00 1.076268205920195703e-01 6.776828617880799842e-03
6.140468227424749514e+00 9.908729499782095718e-02 6.831427345324980575e-03
6.180602006688963534e+00 9.761340087844817826e-02 6.886466087005191188e-03
6.220735785953177555e+00 9.742902870038819274e-02 6.941948389021071301e-03
6.260869565217391575e+00 9.424794236631245381e-02 6.997877826050487131e-03
6.301003344481605595e+00 9.695983740545978391e-02 7.054258001579827297e-03
6.341137123745819615e+00 9.898028056869885571e-02 7.111092548136186894e-03
6.381270903010033635e+00 8.782671757304115479e-02 7.168385127521399898e-03
6.421404682274247655e+00 9.633468469428289882e-02 7.226139431047965897e-03
6.461538461538461675e+00 9.259225951196814464e-02 7.284359179776891957e-03
6.501672240802675695e+00 9.835131072835767707e-02 7.343048124757413191e-03
6.541806020066889715e+00 9.161222897715319557e-02 7.402210047268690044e-03
6.581939799331103735e+00 6.558797813296586565e-02 7.461848759063424187e-03
6.622073578595317755e+00 9.210320628159467116e-02 7.521968102613447657e-03
6.662207357859531776e+00 8.049140494326530171e-02 7.582571951357293047e-03
6.702341137123745796e+00 9.712000222791733473e-02 7.643664209949751695e-03
6.742474916387959816e+00 7.711980527592379731e-02 7.705248814513446752e-03
6.782608695652173836e+00 8.688105151134639659e-02 7.767329732892441080e-03
6.822742474916387856e+00 8.631200872800759427e-02 7.829910964907871307e-03
6.862876254180601876e+00 7.549635239348533033e-02 7.892996542615668756e-03
6.903010033444815896e+00 8.286222367428783264e-02 7.956590530566321276e-03
6.943143812709029916e+00 8.959345820350586576e-02 8.020697026066765309e-03
6.983277591973243936e+00 8.316059211662239770e-02 8.085320159444363969e-03
7.023411371237457956e+00 8.169262769529965496e-02 8.150464094313022295e-03
7.063545150501672865e+00 6.136487675541480585e-02 8.216133027841450095e-03
7.103678929765886885e+00 5.760900034906490247e-02 8.282331191023567171e-03
7.143812709030100905e+00 6.770063453041152979e-02 8.349062848951127255e-03
7.183946488294314925e+00 6.357112485094724985e-02 8.416332301088480863e-03
7.224080267558528945e+00 5.435591253969540571e-02 8.484143881549627980e-03
7.264214046822742965e+00 6.194901604659614619e-02 8.552501959377420068e-03
7.304347826086956985e+00 7.311626114171512758e-02 8.621410938825083137e-03
7.344481605351171005e+00 6.432486634917995716e-02 8.690875259639962991e-03
7.384615384615385025e+00 6.906050607019048604e-02 8.760899397349582868e-03
7.424749163879599045e+00 6.958779165560287361e-02 8.831487863549999581e-03
7.464882943143813065e+00 6.938256278564670920e-02 8.902645206196472052e-03
7.505016722408027086e+00 6.136985143277992605e-02 8.974376009896490800e-03
7.545150501672241106e+00 4.986683292484466595e-02 9.046684896205157977e-03
7.585284280936455126e+00 6.068227084471548155e-02 9.119576523922945724e-03
7.625418060200669146e+00 6.495862209673042287e-02 9.193055589395874444e-03
7.665551839464883166e+00 5.186776540644357641e-02 9.267126826818071136e-03
7.705685618729097186e+00 6.837894567287033931e-02 9.341795008536806638e-03
7.745819397993311206e+00 6.567787933785160237e-02 9.417064945359966688e-03
7.785953177257525226e+00 6.492197582760876606e-02 9.492941486866008846e-03
7.826086956521739246e+00 5.566436235544441891e-02 9.569429521716424358e-03
7.866220735785953266e+00 6.220849237621710326e-02 9.646533977970701487e-03
7.906354515050167286e+00 4.844145394620218842e-02 9.724259823403833686e-03
7.946488294314381307e+00 6.266255637213494212e-02 9.802612065826400364e-03
7.986622073578595327e+00 4.756523949306053212e-02 9.881595753407204641e-03
8.026755852842809347e+00 7.155340387529099400e-02 9.961215974998535727e-03
8.066889632107024255e+00 4.372892184797534665e-02 1.004147786046402993e-02
8.107023411371237387e+00 3.554180078853114155e-02 1.012238658100917191e-02
8.147157190635452295e+00 3.753885821182499638e-02 1.020394734951450208e-02
8.187290969899665427e+00 5.898689711310955985e-02 1.028616542087145043e-02
8.227424749163880335e+00 5.429787320430968373e-02 1.036904609232091982e-02
8.267558528428093467e+00 3.433991488217656707e-02 1.045259470379456858e-02
8.307692307692308376e+00 2.923331476685899627e-02 1.053681663825888071e-02
8.347826086956521507e+00 5.372499474408988507e-02 1.062171732206195277e-02
8.387959866220736416e+00 4.164353583379912932e-02 1.070730222528314818e-02
8.428093645484949548e+00 6.332703193934001440e-02 1.079357686208549244e-02
8.468227424749164456e+00 3.452784874586346808e-02 1.088054679107098265e-02
8.508361204013377588e+00 1.645568615718293742e-02 1.096821761563867952e-02
8.548494983277592496e+00 4.686689325248733634e-02 1.105659498434577274e-02
8.588628762541805628e+00 4.199752399230769623e-02 1.114568459127148782e-02
8.628762541806020536e+00 7.929785786452646368e-02 1.123549217638396443e-02
8.668896321070233668e+00 5.677170103928177308e-02 1.132602352591005265e-02
8.709030100334448576e+00 5.785570357151507276e-02 1.141728447270815364e-02
8.749163879598661708e+00 3.108359357752373681e-02 1.150928089664398669e-02
8.789297658862876617e+00 3.100732637659112806e-02 1.160201872496945466e-02
8.829431438127089748e+00 1.554593617695428434e-02 1.169550393270451030e-02
8.869565217391304657e+00 3.649919781792167195e-02 1.178974254302214177e-02
8.909698996655517789e+00 5.001444327996745071e-02 1.188474062763641287e-02
8.949832775919732697e+00 3.152154130534258469e-02 1.198050430719369182e-02
8.989966555183947605e+00 3.561698313833480678e-02 1.207703975166697294e-02
9.030100334448160737e+00 4.036214853223859395e-02 1.217435318075340937e-02
9.070234113712375645e+00 3.465121286437351789e-02 1.227245086427505849e-02
9.110367892976588777e+00 3.268580928882662551e-02 1.237133912258281052e-02
9.150501672240803686e+00 3.530985781848941518e-02 1.247102432696364088e-02
9.190635451505016817e+00 4.747824335075217367e-02 1.257151290005107010e-02
9.230769230769231726e+00 2.981424007697135864e-02 1.267281131623900631e-02
9.270903010033444858e+00 3.516333391341721487e-02 1.277492610209883875e-02
9.311036789297659766e+00 2.532062263023155541e-02 1.287786383679998675e-02
9.351170568561872898e+00 1.538423110717335174e-02 1.298163115253375514e-02
9.391304347826087806e+00 4.145575433866155457e-02 1.308623473494066949e-02
9.431438127090300938e+00 2.593311217426644624e-02 1.319168132354118714e-02
9.471571906354515846e+00 1.807186496676527199e-02 1.329797771216996959e-02
9.511705685618728978e+00 5.644617441974657257e-02 1.340513074941354806e-02
9.551839464882943886e+00 2.557013459789566831e-02 1.351314733905163018e-02
9.591973244147157018e+00 2.466962783988611158e-02 1.362203444050184842e-02
9.632107023411371927e+00 2.674321018155669319e-02 1.373179906926819994e-02
9.672240802675585059e+00 7.045071423280507839e-03 1.384244829739300110e-02
9.712374581939799967e+00 2.734594566483045455e-02 1.395398925391257844e-02
9.752508361204013099e+00 2.771081997053968793e-02 1.406642912531655583e-02
9.792642140468228007e+00 1.897886296823629582e-02 1.417977515601089034e-02
9.832775919732441139e+00 1.318647363364725857e-02 1.429403464878460303e-02
9.872909698996656047e+00 4.110355988801357718e-02 1.440921496528032968e-02
9.913043478260869179e+00 3.631687725763376590e-02 1.452532352646856637e-02
9.953177257525084087e+00 2.165249058134088508e-02 1.464236781312586687e-02
9.993311036789297219e+00 5.368730119555098490e-02 1.476035536631676096e-02
1.003344481605351213e+01 2.998554881309404424e-02 1.487929378787965912e-02
1.007357859531772526e+01 1.831126620295224147e-02 1.499919074091660663e-02
1.011371237458194017e+01 1.245201801548141869e-02 1.512005395028703965e-02
1.015384615384615330e+01 4.089713064594232422e-02 1.524189120310544612e-02
1.019397993311036821e+01 4.646696491788573913e-02 1.536471034924314326e-02
1.023411371237458134e+01 2.842713493716310380e-02 1.548851930183397368e-02
1.027424749163879625e+01 5.886163392351654450e-02 1.561332603778420140e-02
1.031438127090301116e+01 2.169888828347764018e-02 1.573913859828641668e-02
1.035451505016722429e+01 1.832281571775027859e-02 1.586596508933761987e-02
1.039464882943143920e+01 3.795554586663328622e-02 1.599381368226153455e-02
1.043478260869565233e+01 3.267016094809890858e-02 1.612269261423502145e-02
1.047491638795986724e+01 2.091164877993977739e-02 1.625261018881883276e-02
1.051505016722408037e+01 2.391976783043734539e-02 1.638357477649255919e-02
1.055518394648829528e+01 1.829382834394910340e-02 1.651559481519399367e-02
1.059531772575250841e+01 1.429823175310646760e-02 1.664867881086271734e-02
1.063545150501672332e+01 2.767960073390574732e-02 1.678283533798818894e-02
1.067558528428093645e+01 1.339001951788673997e-02 1.691807304016213279e-02
1.071571906354515136e+01 4.326234490932796134e-03 1.705440063063549949e-02
1.075585284280936449e+01 1.558152701799801060e-02 1.719182689287978780e-02
1.079598662207357940e+01 3.505698306085383575e-02 1.733036068115302933e-02
1.083612040133779253e+01 2.989500197122204467e-02 1.747001092107018996e-02
1.087625418060200744e+01 2.758843327017699784e-03 1.761078661017830352e-02
1.091638795986622057e+01 4.445992663794640087e-02 1.775269681853609838e-02
1.095652173913043548e+01 4.198749110118550620e-02 1.789575068929847440e-02
1.099665551839464861e+01 1.691988898861583948e-02 1.803995743930549012e-02
1.103678929765886352e+01 4.654049076154968129e-02 1.818532635967626959e-02
1.107692307692307665e+01 -1.805422257325937224e-02 1.833186681640757223e-02
1.111705685618729156e+01 3.187301063317117544e-02 1.847958825097726840e-02
1.115719063545150469e+01 -3.947026752015648371e-02 1.862850018095262364e-02
1.119732441471571960e+01 2.672605691525108823e-02 1.877861220060352346e-02
1.123745819397993273e+01 5.661526321969423403e-02 1.892993398152061427e-02
1.127759197324414764e+01 7.230931226346731626e-03 1.908247527323845422e-02
1.131772575250836077e+01 6.733517663055498155e-03 1.923624590386361841e-02
1.135785953177257568e+01 3.907015900656458929e-02 1.939125578070799438e-02
1.139799331103678881e+01 1.002131770534188566e-02 1.954751489092700426e-02
1.143812709030100372e+01 1.012345973522323431e-02 1.970503330216317669e-02
1.147826086956521685e+01 1.775142848924293054e-02 1.986382116319469412e-02
1.151839464882943176e+01 2.217138921605182195e-02 2.002388870458935224e-02
1.155852842809364489e+01 -3.218236375322133802e-04 2.018524623936364740e-02
1.159866220735785980e+01 1.795378415500274022e-02 2.034790416364726934e-02
1.163879598662207471e+01 1.582807568440213614e-02 2.051187295735291960e-02
1.167892976588628784e+01 2.515769890183815888e-02 2.067716318485147628e-02
1.171906354515050275e+01 1.319225355002722269e-02 2.084378549565272035e-02
1.175919732441471588e+01 -8.882485170603244065e-03 2.101175062509139796e-02
1.179933110367893079e+01 6.594880525360367202e-03 2.118106939501895880e-02
1.183946488294314392e+01 -1.159737961261838451e-02 2.135175271450073103e-02
1.187959866220735883e+01 -7.122577386015462378e-03 2.152381158051885554e-02
1.191973244147157196e+01 1.335349813583411316e-02 2.169725707868074352e-02
1.195986622073578687e+01 -3.103125441821974820e-03 2.187210038393336275e-02
1.200000000000000000e+01 3.125590356667302949e-02 2.204835276128321031e-02
