0.000000000000000000e+00 2.571596832598306293e-01 2.001999999999999873e-03
4.013377926421404784e-02 2.576315744439129918e-01 2.018118113246460121e-03
8.026755852842809569e-02 2.611575633560026533e-01 2.034366123280232936e-03
1.204013377926421435e-01 2.556508838843905007e-01 2.050745076946882545e-03
1.605351170568561914e-01 2.577281369456994597e-01 2.067256029528561408e-03
2.006688963210702392e-01 2.570351841096223389e-01 2.083900044811999239e-03
2.408026755852842871e-01 2.595008158245382668e-01 2.100678195157044525e-03
2.809364548494983627e-01 2.548392603209073126e-01 2.117591561565753365e-03
3.210702341137123828e-01 2.591703098421117568e-01 2.134641233752039916e-03
3.612040133779264028e-01 2.529013437870378800e-01 2.151828310211882384e-03
4.013377926421404784e-01 2.506468404612665624e-01 2.169153898294102784e-03
4.414715719063545540e-01 2.536229994113520791e-01 2.186619114271708738e-03
4.816053511705685741e-01 2.537654777798771799e-01 2.204225083413815112e-03
5.217391304347825942e-01 2.516326944008889233e-01 2.221972940058144618e-03
5.618729096989967253e-01 2.525863192527588175e-01 2.239863827684111710e-03
6.020066889632107454e-01 2.503599275542168767e-01 2.257898898986496292e-03
6.421404682274247655e-01 2.525832720389714625e-01 2.276079315949711135e-03
6.822742474916387856e-01 2.501603140698631655e-01 2.294406249922665599e-03
7.224080267558528057e-01 2.497129136281912021e-01 2.312880881694239117e-03
7.625418060200669368e-01 2.501105847028243234e-01 2.331504401569352725e-03
8.026755852842809569e-01 2.479485403605691529e-01 2.350278009445663785e-03
8.428093645484949770e-01 2.448329163923068097e-01 2.369202914890872636e-03
8.829431438127091081e-01 2.445591643016691574e-01 2.388280337220653315e-03
9.230769230769231282e-01 2.461604322230331321e-01 2.407511505577214841e-03
9.632107023411371483e-01 2.434015434516587639e-01 2.426897659008493083e-03
1.003344481605351168e+00 2.373819702192070114e-01 2.446440046547980560e-03
1.043478260869565188e+00 2.421887333920638430e-01 2.466139927295201567e-03
1.083612040133779209e+00 2.444922018755883997e-01 2.485998570496835650e-03
1.123745819397993451e+00 2.414026153274817510e-01 2.506017255628492039e-03
1.163879598662207471e+00 2.404422368369251717e-01 2.526197272477147173e-03
1.204013377926421491e+00 2.389473703728623444e-01 2.546539921224243597e-03
1.244147157190635511e+00 2.399386270739001237e-01 2.567046512529459323e-03
1.284280936454849531e+00 2.377140499181366606e-01 2.587718367615152865e-03
1.324414715719063551e+00 2.334307128263792552e-01 2.608556818351489594e-03
1.364548494983277571e+00 2.395832018201648761e-01 2.629563207342250266e-03
1.404682274247491591e+00 2.301295685266090130e-01 2.650738888011337346e-03
1.444816053511705611e+00 2.296328708618602388e-01 2.672085224689972182e-03
1.484949832775919853e+00 2.386928110121496749e-01 2.693603592704598652e-03
1.525083612040133874e+00 2.258187367014661828e-01 2.715295378465494135e-03
1.565217391304347894e+00 2.340225367723830496e-01 2.737161979556096067e-03
1.605351170568561914e+00 2.307617047320303094e-01 2.759204804823044491e-03
1.645484949832775934e+00 2.262613864598237989e-01 2.781425274466955803e-03
1.685618729096989954e+00 2.322223237593510903e-01 2.803824820133921612e-03
1.725752508361203974e+00 2.323375240582572221e-01 2.826404885007752221e-03
1.765886287625418216e+00 2.239048236746762066e-01 2.849166923902957376e-03
1.806020066889632236e+00 2.202888886100893284e-01 2.872112403358479012e-03
1.846153846153846256e+00 2.268685381075744023e-01 2.895242801732179905e-03
1.886287625418060276e+00 2.195259080449428468e-01 2.918559609296092570e-03
1.926421404682274297e+00 2.256121477399725683e-01 2.942064328332435336e-03
1.966555183946488317e+00 2.210428796893330883e-01 2.965758473230405146e-03
2.006688963210702337e+00 2.226077161594238740e-01 2.989643570583746645e-03
2.046822742474916357e+00 2.176501224641778642e-01 3.013721159289110135e-03
2.086956521739130377e+00 2.180515834610214643e-01 3.037992790645201429e-03
2.127090301003344397e+00 2.140005268597427734e-01 3.062460028452729244e-03
2.167224080267558417e+00 2.180353492569356844e-01 3.087124449115161845e-03
2.207357859531772437e+00 2.161197018089455468e-01 3.111987641740292503e-03
2.247491638795986901e+00 2.140548427859461922e-01 3.137051208242623308e-03
2.287625418060200921e+00 2.153512862838320441e-01 3.162316763446576442e-03
2.327759197324414941e+00 2.149006082693799558e-01 3.187785935190535526e-03
2.367892976588628962e+00 2.096109462059460860e-01 3.213460364431726130e-03
2.408026755852842982e+00 2.113246774664606087e-01 3.239341705351940666e-03
2.448160535117057002e+00 2.068369196930796294e-01 3.265431625464115459e-03
2.488294314381271022e+00 2.086796850903027134e-01 3.291731805719770414e-03
2.528428093645485042e+00 2.036799029552056883e-01 3.318243940617306934e-03
2.568561872909699062e+00 2.059297907776410919e-01 3.344969738311185346e-03
2.608695652173913082e+00 1.999405835703142176e-01 3.371910920721979659e-03
2.648829431438127102e+00 2.054857975358938271e-01 3.399069223647319636e-03
2.688963210702341122e+00 2.026604572718696817e-01 3.426446396873725816e-03
2.729096989966555142e+00 1.962302200512700823e-01 3.454044204289347022e-03
2.769230769230769162e+00 2.052605335624722305e-01 3.481864423997608170e-03
2.809364548494983183e+00 1.990496792150135419e-01 3.509908848431768369e-03
2.849498327759197203e+00 1.916164218986904921e-01 3.538179284470410139e-03
2.889632107023411223e+00 1.978385469523192830e-01 3.566677553553849762e-03
2.929765886287625687e+00 1.977537768933522733e-01 3.595405491801497832e-03
2.969899665551839707e+00 1.944189483851474221e-01 3.624364950130151784e-03
3.010033444816053727e+00 1.895996539431927252e-01 3.653557794373254661e-03
3.050167224080267747e+00 1.940984909194333197e-01 3.682985905401105816e-03
3.090301003344481767e+00 1.869768720349461177e-01 3.712651179242044790e-03
3.130434782608695787e+00 1.902403522427791038e-01 3.742555527204611838e-03
3.170568561872909807e+00 1.858191134631355657e-01 3.772700876000690314e-03
3.210702341137123828e+00 1.901037524905145604e-01 3.803089167869642614e-03
3.250836120401337848e+00 1.821506418057576571e-01 3.833722360703450526e-03
3.290969899665551868e+00 1.818344396297997267e-01 3.864602428172856513e-03
3.331103678929765888e+00 1.782519034194724739e-01 3.895731359854527186e-03
3.371237458193979908e+00 1.808872965683458456e-01 3.927111161359241563e-03
3.411371237458193928e+00 1.796070907652409510e-01 3.958743854461107582e-03
3.451505016722407948e+00 1.756156399987482408e-01 3.990631477227827260e-03
3.491638795986621968e+00 1.779372214415542164e-01 4.022776084152004418e-03
3.531772575250836432e+00 1.730083709012662230e-01 4.055179746283514922e-03
3.571906354515050452e+00 1.756950562287292739e-01 4.087844551362942482e-03
3.612040133779264472e+00 1.680708456661592354e-01 4.120772603956092579e-03
3.652173913043478493e+00 1.681770777759684088e-01 4.153966025589583659e-03
3.692307692307692513e+00 1.684097735420009012e-01 4.187426954887537266e-03
3.732441471571906533e+00 1.661383454142042193e-01 4.221157547709369733e-03
3.772575250836120553e+00 1.650112593411684758e-01 4.255159977288687154e-03
3.812709030100334573e+00 1.743661684264142531e-01 4.289436434373313130e-03
3.852842809364548593e+00 1.577350236622193647e-01 4.323989127366426738e-03
3.892976588628762613e+00 1.705164576206513183e-01 4.358820282468856694e-03
3.933110367892976633e+00 1.635361533162495995e-01 4.393932143822510891e-03
3.973244147157190653e+00 1.600061546110118360e-01 4.429326973654961266e-03
4.013377926421404673e+00 1.615876672823747529e-01 4.465007052425200469e-03
4.053511705685618693e+00 1.571586778432212395e-01 4.500974678970569472e-03
4.093645484949832714e+00 1.579887261112301322e-01 4.537232170654870861e-03
4.133779264214046734e+00 1.623460650884886447e-01 4.573781863517673886e-03
4.173913043478260754e+00 1.519474096808667019e-01 4.610626112424819067e-03
4.214046822742474774e+00 1.545348020193194893e-01 4.647767291220146653e-03
4.254180602006688794e+00 1.524663414308491949e-01 4.685207792878440247e-03
4.294314381270902814e+00 1.572866873981086377e-01 4.722950029659599494e-03
4.334448160535116834e+00 1.562207140123419435e-01 4.760996433264066095e-03
4.374581939799330854e+00 1.530264474030762767e-01 4.799349454989491025e-03
4.414715719063544874e+00 1.449277266306905343e-01 4.838011565888672427e-03
4.454849498327758894e+00 1.489949934378517193e-01 4.876985256928765937e-03
4.494983277591973803e+00 1.454948388635886325e-01 4.916273039151766548e-03
4.535117056856187823e+00 1.480799137115032527e-01 4.955877443836303672e-03
4.575250836120401843e+00 1.485820528472974189e-01 4.995801022660722492e-03
4.615384615384615863e+00 1.431466728929065013e-01 5.036046347867489774e-03
4.655518394648829883e+00 1.401324502500567448e-01 5.076616012428918079e-03
4.695652173913043903e+00 1.467739640156377479e-01 5.117512630214232638e-03
4.735785953177257923e+00 1.403705642435044143e-01 5.158738836157978312e-03
4.775919732441471943e+00 1.456530767342008870e-01 5.200297286429783963e-03
4.816053511705685963e+00 1.377375853486012547e-01 5.242190658605505073e-03
4.856187290969899983e+00 1.447354971615152086e-01 5.284421651839727244e-03
4.896321070234114003e+00 1.227282881841809531e-01 5.326992987039680036e-03
4.936454849498328024e+00 1.299180110474622007e-01 5.369907407040535978e-03
4.976588628762542044e+00 1.261161505678203010e-01 5.413167676782131184e-03
5.016722408026756064e+00 1.310749678956528441e-01 5.456776583487111046e-03
5.056856187290970084e+00 1.282669986060475109e-01 5.500736936840502737e-03
5.096989966555184104e+00 1.368764609445311253e-01 5.545051569170746618e-03
5.137123745819398124e+00 1.247086488982341451e-01 5.589723335632178734e-03
5.177257525083612144e+00 1.249081697963210363e-01 5.634755114388981766e-03
5.217391304347826164e+00 1.214979458369926102e-01 5.680149806800631300e-03
5.257525083612040184e+00 1.168545053779615067e-01 5.725910337608820094e-03
5.297658862876254204e+00 1.210591102509890049e-01 5.772039655125901954e-03
5.337792642140468224e+00 1.246137989899711584e-01 5.818540731424843952e-03
5.377926421404682245e+00 1.184186562795481040e-01 5.865416562530721689e-03
5.418060200668896265e+00 1.236938079252001971e-01 5.912670168613740236e-03
5.458193979933110285e+00 1.196571431543717173e-01 5.960304594183835417e-03
5.498327759197324305e+00 1.113083204512607255e-01 6.008322908286814652e-03
5.538461538461538325e+00 1.218138395852797762e-01 6.056728204702102429e-03
5.578595317725752345e+00 1.095456429090176098e-01 6.105523602142065229e-03
5.618729096989966365e+00 1.135345761366498563e-01 6.154712244452948018e-03
5.658862876254180385e+00 1.042006557927219745e-01 6.204297300817434441e-03
5.698996655518394405e+00 1.102578322832348801e-01 6.254281965958829841e-03
5.739130434782608425e+00 1.250829240134847531e-01 6.304669460346893142e-03
5.779264214046822445e+00 1.085873908778019897e-01 6.355463030405331462e-03
5.819397993311037354e+00 1.011489010608234013e-01 6.406665948720966994e-03
5.859531772575251374e+00 1.105249740698053124e-01 6.458281514254582238e-03
5.899665551839465394e+00 1.085410119775511023e-01 6.510313052553473936e-03
5.939799331103679414e+00 1.007650879539048611e-01 6.562763915965709634e-03
5.979933110367893434e+00 1.000899774731878050e-01 6.615637483856120701e-03
6.020066889632107454e+00 9.491051998163971271e-02 6.668937162824034419e-03
6.060200668896321474e+00 1.009516322104769270e-01 6.722666386922750321e-03
6.100334448160535494e+00 9.583873124711222991e-02 6.776828617880799842e-03
6.140468227424749514e+00 9.632616600320934030e-02 6.831427345324980575e-03
6.180602006688963534e+00 9.950042599119841846e-02 6.886466087005191188e-03
6.220735785953177555e+00 9.558834477707411903e-02 6.941948389021071301e-03
6.260869565217391575e+00 9.656938912498748417e-02 6.997877826050487131e-03
6.301003344481605595e+00 9.092597899455556743e-02 7.054258001579827297e-03
6.341137123745819615e+00 9.224669208771536788e-02 7.111092548136186894e-03
6.381270903010033635e+00 8.784686858661146236e-02 7.168385127521399898e-03
6.421404682274247655e+00 8.028884656251199237e-02 7.226139431047965897e-03
6.461538461538461675e+00 8.319025083358645711e-02 7.284359179776891957e-03
6.501672240802675695e+00 7.958939992554810161e-02 7.343048124757413191e-03
6.541806020066889715e+00 7.515690043343274673e-02 7.402210047268690044e-03
6.581939799331103735e+00 8.312665482677676632e-02 7.461848759063424187e-03
6.622073578595317755e+00 8.614232640646382611e-02 7.521968102613447657e-03
6.662207357859531776e+00 8.111926148297693429e-02 7.582571951357293047e-03
6.702341137123745796e+00 6.482491331977890958e-02 7.643664209949751695e-03
6.742474916387959816e+00 8.259957087185784697e-02 7.705248814513446752e-03
6.782608695652173836e+00 8.590831851186392365e-02 7.767329732892441080e-03
6.822742474916387856e+00 8.222018925051606530e-02 7.829910964907871307e-03
6.862876254180601876e+00 8.784278034439797767e-02 7.892996542615668756e-03
6.903010033444815896e+00 1.016596941733482473e-01 7.956590530566321276e-03
6.943143812709029916e+00 8.291695817756977727e-02 8.020697026066765309e-03
6.983277591973243936e+00 6.747810277351543040e-02 8.085320159444363969e-03
7.023411371237457956e+00 8.411167618455461792e-02 8.150464094313022295e-03
7.063545150501672865e+00 6.306231642228568579e-02 8.216133027841450095e-03
7.103678929765886885e+00 8.408093150709704255e-02 8.282331191023567171e-03
7.143812709030100905e+00 6.939706838593040494e-02 8.349062848951127255e-03
7.183946488294314925e+00 6.516452708121174553e-02 8.416332301088480863e-03
7.224080267558528945e+00 4.975983247859026848e-02 8.484143881549627980e-03
7.264214046822742965e+00 6.163835677264715984e-02 8.552501959377420068e-03
7.304347826086956985e+00 7.686090876074666567e-02 8.621410938825083137e-03
7.344481605351171005e+00 7.718090108749170453e-02 8.690875259639962991e-03
7.384615384615385025e+00 6.905404189277739024e-02 8.760899397349582868e-03
7.424749163879599045e+00 5.092745696075417355e-02 8.831487863549999581e-03
7.464882943143813065e+00 7.053741365509311190e-02 8.902645206196472052e-03
7.505016722408027086e+00 6.654631969371402334e-02 8.974376009896490800e-03
7.545150501672241106e+00 6.746858390566641550e-02 9.046684896205157977e-03
7.585284280936455126e+00 6.024766344941501900e-02 9.119576523922945724e-03
7.625418060200669146e+00 5.622192717562644187e-02 9.193055589395874444e-03
7.665551839464883166e+00 5.499840554629944339e-02 9.267126826818071136e-03
7.705685618729097186e+00 7.152223048173812769e-02 9.341795008536806638e-03
7.745819397993311206e+00 6.755021112051522170e-02 9.417064945359966688e-03
7.785953177257525226e+00 5.544027421950788181e-02 9.492941486866008846e-03
7.826086956521739246e+00 5.734662646785568946e-02 9.569429521716424358e-03
7.866220735785953266e+00 7.774470485074749804e-02 9.646533977970701487e-03
7.906354515050167286e+00 6.709572542553354779e-02 9.724259823403833686e-03
7.946488294314381307e+00 5.170322858173490022e-02 9.802612065826400364e-03
7.986622073578595327e+00 3.812574080854323755e-02 9.881595753407204641e-03
8.026755852842809347e+00 5.517413282717142237e-02 9.961215974998535727e-03
8.066889632107024255e+00 6.017638848009894403e-02 1.004147786046402993e-02
8.107023411371237387e+00 3.340028529071707719e-02 1.012238658100917191e-02
8.147157190635452295e+00 4.308039037309164404e-02 1.020394734951450208e-02
8.187290969899665427e+00 4.181988053533203242e-02 1.028616542087145043e-02
8.227424749163880335e+00 5.837381375444531534e-02 1.036904609232091982e-02
8.267558528428093467e+00 4.258403562986477764e-02 1.045259470379456858e-02
8.307692307692308376e+00 4.234355576931398552e-02 1.053681663825888071e-02
8.347826086956521507e+00 3.011379131291582606e-02 1.062171732206195277e-02
8.387959866220736416e+00 5.476866036595644249e-02 1.070730222528314818e-02
8.428093645484949548e+00 6.716067225930437423e-02 1.079357686208549244e-02
8.468227424749164456e+00 3.959005111615572503e-02 1.088054679107098265e-02
8.508361204013377588e+00 5.639164902962746917e-02 1.096821761563867952e-02
8.548494983277592496e+00 5.150261063936002748e-02 1.105659498434577274e-02
8.588628762541805628e+00 3.581759596181792460e-02 1.114568459127148782e-02
8.628762541806020536e+00 1.867933851173114376e-02 1.123549217638396443e-02
8.668896321070233668e+00 4.572552986030761074e-02 1.132602352591005265e-02
8.709030100334448576e+00 2.981894187570221372e-02 1.141728447270815364e-02
8.749163879598661708e+00 2.138739899952071463e-02 1.150928089664398669e-02
8.789297658862876617e+00 4.729709434387393413e-02 1.160201872496945466e-02
8.829431438127089748e+00 3.979076546402418590e-02 1.169550393270451030e-02
8.869565217391304657e+00 3.392020646097270581e-02 1.178974254302214177e-02
8.909698996655517789e+00 4.273866017231298109e-02 1.188474062763641287e-02
8.949832775919732697e+00 2.944483459278261772e-02 1.198050430719369182e-02
8.989966555183947605e+00 2.656983553007789822e-02 1.207703975166697294e-02
9.030100334448160737e+00 4.129961802724363418e-02 1.217435318075340937e-02
9.070234113712375645e+00 5.455896835422929803e-02 1.227245086427505849e-02
9.110367892976588777e+00 4.090674897354673600e-02 1.237133912258281052e-02
9.150501672240803686e+00 6.679668641298909526e-02 1.247102432696364088e-02
9.190635451505016817e+00 1.731531583290830262e-02 1.257151290005107010e-02
9.230769230769231726e+00 1.897415347715342149e-02 1.267281131623900631e-02
9.270903010033444858e+00 1.522416202083570584e-02 1.277492610209883875e-02
9.311036789297659766e+00 4.359663388130737699e-02 1.287786383679998675e-02
9.351170568561872898e+00 2.820378217445631414e-02 1.298163115253375514e-02
9.391304347826087806e+00 8.060642145026081229e-03 1.308623473494066949e-02
9.431438127090300938e+00 5.414793883502246052e-02 1.319168132354118714e-02
9.471571906354515846e+00 3.312887995715586148e-02 1.329797771216996959e-02
9.511705685618728978e+00 2.274072966199677803e-02 1.340513074941354806e-02
9.551839464882943886e+00 5.924416610999239108e-03 1.351314733905163018e-02
9.591973244147157018e+00 4.364120878432518197e-02 1.362203444050184842e-02
9.632107023411371927e+00 3.456470822452356595e-02 1.373179906926819994e-02
9.672240802675585059e+00 2.293047514804297596e-02 1.384244829739300110e-02
9.712374581939799967e+00 2.818669844853964601e-02 1.395398925391257844e-02
9.752508361204013099e+00 1.791522959034744927e-02 1.406642912531655583e-02
9.792642140468228007e+00 3.569425651957502943e-03 1.417977515601089034e-02
9.832775919732441139e+00 3.919090183928952698e-02 1.429403464878460303e-02
9.872909698996656047e+00 4.565926833572635235e-02 1.440921496528032968e-02
9.913043478260869179e+00 2.326861796073317890e-04 1.452532352646856637e-02
9.953177257525084087e+00 2.573913760348691543e-02 1.464236781312586687e-02
9.993311036789297219e+00 4.004050258916617283e-02 1.476035536631676096e-02
1.003344481605351213e+01 3.188644846449108228e-02 1.487929378787965912e-02
1.007357859531772526e+01 2.898284405956493004e-02 1.499919074091660663e-02
1.011371237458194017e+01 1.584813926035127940e-02 1.512005395028703965e-02
1.015384615384615330e+01 1.471458686607879374e-02 1.524189120310544612e-02
1.019397993311036821e+01 3.155545178871424494e-02 1.536471034924314326e-02
1.023411371237458134e+01 -3.609918710318692908e-03 1.548851930183397368e-02
1.027424749163879625e+01 1.647256440277494738e-02 1.561332603778420140e-02
1.031438127090301116e+01 3.764567475001165398e-02 1.573913859828641668e-02
1.035451505016722429e+01 1.473942362105623571e-02 1.586596508933761987e-02
1.039464882943143920e+01 3.123500394037738437e-02 1.599381368226153455e-02
1.043478260869565233e+01 3.002777753189954726e-03 1.612269261423502145e-02
1.047491638795986724e+01 4.056669335046873826e-02 1.625261018881883276e-02
1.051505016722408037e+01 6.367950842240276479e-03 1.638357477649255919e-02
1.055518394648829528e+01 1.963732912978590622e-02 1.651559481519399367e-02
1.059531772575250841e+01 1.639558844634972368e-02 1.664867881086271734e-02
1.063545150501672332e+01 3.887715704579616793e-03 1.678283533798818894e-02
1.067558528428093645e+01 8.280490665517288573e-03 1.691807304016213279e-02
1.071571906354515136e+01 6.967947867484821332e-03 1.705440063063549949e-02
1.075585284280936449e+01 1.560651954179161083e-02 1.719182689287978780e-02
1.079598662207357940e+01 2.617968034448581865e-02 1.733036068115302933e-02
1.083612040133779253e+01 1.943103698073021801e-02 1.747001092107018996e-02
1.087625418060200744e+01 -7.071233290063023633e-03 1.761078661017830352e-02
1.091638795986622057e+01 1.785372027807373418e-02 1.775269681853609838e-02
1.095652173913043548e+01 5.171409516957522871e-03 1.789575068929847440e-02
1.099665551839464861e+01 1.415165650113751200e-02 1.803995743930549012e-02
1.103678929765886352e+01 -2.388142694706784849e-02 1.818532635967626959e-02
1.107692307692307665e+01 -1.542845793068069529e-02 1.833186681640757223e-02
1.111705685618729156e+01 1.014536855429721066e-02 1.847958825097726840e-02
1.115719063545150469e+01 2.275844084317953098e-02 1.862850018095262364e-02
1.119732441471571960e+01 2.941564412755606761e-02 1.877861220060352346e-02
1.123745819397993273e+01 2.598224472273408595e-02 1.892993398152061427e-02
1.127759197324414764e+01 7.733817672948401466e-03 1.908247527323845422e-02
1.131772575250836077e+01 2.270278769819333506e-02 1.923624590386361841e-02
1.135785953177257568e+01 -3.135643418250252251e-02 1.939125578070799438e-02
1.139799331103678881e+01 -8.510953998342138047e-03 1.954751489092700426e-02
1.143812709030100372e+01 3.313514634704467499e-02 1.970503330216317669e-02
1.147826086956521685e+01 -7.402713180514140096e-04 1.986382116319469412e-02
1.151839464882943176e+01 8.418243485823298858e-03 2.002388870458935224e-02
1.155852842809364489e+01 -1.680676882545448225e-02 2.018524623936364740e-02
1.159866220735785980e+01 1.640586603570353547e-02 2.034790416364726934e-02
1.163879598662207471e+01 2.011985733590887504e-02 2.051187295735291960e-02
1.167892976588628784e+01 2.108679083294066545e-03 2.067716318485147628e-02
1.171906354515050275e+01 1.810762972395824934e-03 2.084378549565272035e-02
1.175919732441471588e+01 8.050761502798280470e-03 2.101175062509139796e-02
1.179933110367893079e+01 1.324162126939398311e-02 2.118106939501895880e-02
1.183946488294314392e+01 6.497044086413998609e-02 2.135175271450073103e-02
1.187959866220735883e+01 -2.077755292430353076e-02 2.152381158051885554e-02
1.191973244147157196e+01 9.739081471866370757e-03 2.169725707868074352e-02
1.195986622073578687e+01 1.238295846441607798e-02 2.187210038393336275e-02
1.200000000000000000e+01 -2.763777788597349475e-02 2.204835276128321031e-02
