0.000000000000000000e+00 2.591830136559679088e-01 2.001999999999999873e-03
4.013377926421404784e-02 2.589304352342534088e-01 2.018118113246460121e-03
8.026755852842809569e-02 2.618912446130047256e-01 2.034366123280232936e-03
1.204013377926421435e-01 2.562880207611359373e-01 2.050745076946882545e-03
1.605351170568561914e-01 2.598842228558088108e-01 2.067256029528561408e-03
2.006688963210702392e-01 2.598885838357024580e-01 2.083900044811999239e-03
2.408026755852842871e-01 2.569003300674614909e-01 2.100678195157044525e-03
2.809364548494983627e-01 2.574400437092366767e-01 2.117591561565753365e-03
3.210702341137123828e-01 2.603620798067489694e-01 2.134641233752039916e-03
3.612040133779264028e-01 2.543913043429301135e-01 2.151828310211882384e-03
4.013377926421404784e-01 2.550255654591314092e-01 2.169153898294102784e-03
4.414715719063545540e-01 2.559796359094163587e-01 2.186619114271708738e-03
4.816053511705685741e-01 2.581037531465373291e-01 2.204225083413815112e-03
5.217391304347825942e-01 2.554233806065320800e-01 2.221972940058144618e-03
5.618729096989967253e-01 2.488854921436205458e-01 2.239863827684111710e-03
6.020066889632107454e-01 2.502172087510662890e-01 2.257898898986496292e-03
6.421404682274247655e-01 2.536843620384474640e-01 2.276079315949711135e-03
6.822742474916387856e-01 2.488149416438977246e-01 2.294406249922665599e-03
7.224080267558528057e-01 2.464924329003757020e-01 2.312880881694239117e-03
7.625418060200669368e-01 2.488267742080073341e-01 2.331504401569352725e-03
8.026755852842809569e-01 2.476409849593639856e-01 2.350278009445663785e-03
8.428093645484949770e-01 2.449429824226360963e-01 2.369202914890872636e-03
8.829431438127091081e-01 2.468366778511051352e-01 2.388280337220653315e-03
9.230769230769231282e-01 2.454690954005543657e-01 2.407511505577214841e-03
9.632107023411371483e-01 2.464731062582330157e-01 2.426897659008493083e-03
1.003344481605351168e+00 2.441988882133073191e-01 2.446440046547980560e-03
1.043478260869565188e+00 2.441303885805866936e-01 2.466139927295201567e-03
1.083612040133779209e+00 2.425230688395780265e-01 2.485998570496835650e-03
1.123745819397993451e+00 2.428371008528334152e-01 2.506017255628492039e-03
1.163879598662207471e+00 2.398066939186046520e-01 2.526197272477147173e-03
1.204013377926421491e+00 2.365360985231491631e-01 2.546539921224243597e-03
1.244147157190635511e+00 2.431576535090131386e-01 2.567046512529459323e-03
1.284280936454849531e+00 2.376327073331760964e-01 2.587718367615152865e-03
1.324414715719063551e+00 2.367259994566768000e-01 2.608556818351489594e-03
1.364548494983277571e+00 2.403970904763063909e-01 2.629563207342250266e-03
1.404682274247491591e+00 2.331080082160996436e-01 2.650738888011337346e-03
1.444816053511705611e+00 2.347065786556731259e-01 2.672085224689972182e-03
1.484949832775919853e+00 2.342202114828504100e-01 2.693603592704598652e-03
1.525083612040133874e+00 2.401637270738589958e-01 2.715295378465494135e-03
1.565217391304347894e+00 2.342672584991205009e-01 2.737161979556096067e-03
1.605351170568561914e+00 2.298982142440399723e-01 2.759204804823044491e-03
1.645484949832775934e+00 2.288622406250739871e-01 2.781425274466955803e-03
1.685618729096989954e+00 2.285308008471335084e-01 2.803824820133921612e-03
1.725752508361203974e+00 2.288838936453130857e-01 2.826404885007752221e-03
1.765886287625418216e+00 2.244351936525712798e-01 2.849166923902957376e-03
1.806020066889632236e+00 2.259985119449025304e-01 2.872112403358479012e-03
1.846153846153846256e+00 2.241604628965119250e-01 2.895242801732179905e-03
1.886287625418060276e+00 2.246458359037795394e-01 2.918559609296092570e-03
1.926421404682274297e+00 2.207799712664048897e-01 2.942064328332435336e-03
1.966555183946488317e+00 2.205752298265880040e-01 2.965758473230405146e-03
2.006688963210702337e+00 2.193272544678933900e-01 2.989643570583746645e-03
2.046822742474916357e+00 2.229919052942840318e-01 3.013721159289110135e-03
2.086956521739130377e+00 2.177076832140040219e-01 3.037992790645201429e-03
2.127090301003344397e+00 2.170943603592069282e-01 3.062460028452729244e-03
2.167224080267558417e+00 2.160502447938853487e-01 3.087124449115161845e-03
2.207357859531772437e+00 2.146822347886945259e-01 3.111987641740292503e-03
2.247491638795986901e+00 2.177062956102271407e-01 3.137051208242623308e-03
2.287625418060200921e+00 2.109461071368974039e-01 3.162316763446576442e-03
2.327759197324414941e+00 2.164425699883839038e-01 3.187785935190535526e-03
2.367892976588628962e+00 2.152229357346476246e-01 3.213460364431726130e-03
2.408026755852842982e+00 2.043963728224548193e-01 3.239341705351940666e-03
2.448160535117057002e+00 2.086808685367621541e-01 3.265431625464115459e-03
2.488294314381271022e+00 2.104960609214855949e-01 3.291731805719770414e-03
2.528428093645485042e+00 2.073621381801944719e-01 3.318243940617306934e-03
2.568561872909699062e+00 2.052710162748382638e-01 3.344969738311185346e-03
2.608695652173913082e+00 2.004604990655991514e-01 3.371910920721979659e-03
2.648829431438127102e+00 2.038577708061616034e-01 3.399069223647319636e-03
2.688963210702341122e+00 2.031576823581328628e-01 3.426446396873725816e-03
2.729096989966555142e+00 1.969226580038000995e-01 3.454044204289347022e-03
2.769230769230769162e+00 2.009226847058477317e-01 3.481864423997608170e-03
2.809364548494983183e+00 2.000823312700953371e-01 3.509908848431768369e-03
2.849498327759197203e+00 2.026188346119927319e-01 3.538179284470410139e-03
2.889632107023411223e+00 1.960448986717648334e-01 3.566677553553849762e-03
2.929765886287625687e+00 2.002347846403429443e-01 3.595405491801497832e-03
2.969899665551839707e+00 1.988578685515221267e-01 3.624364950130151784e-03
3.010033444816053727e+00 1.957444662996334905e-01 3.653557794373254661e-03
3.050167224080267747e+00 2.015598207233174066e-01 3.682985905401105816e-03
3.090301003344481767e+00 1.885471947519608005e-01 3.712651179242044790e-03
3.130434782608695787e+00 1.903637109273622341e-01 3.742555527204611838e-03
3.170568561872909807e+00 1.909809795264503229e-01 3.772700876000690314e-03
3.210702341137123828e+00 1.947669137755282665e-01 3.803089167869642614e-03
3.250836120401337848e+00 1.854710925790310216e-01 3.833722360703450526e-03
3.290969899665551868e+00 1.869595040409617048e-01 3.864602428172856513e-03
3.331103678929765888e+00 1.914292257030821287e-01 3.895731359854527186e-03
3.371237458193979908e+00 1.918356159044835862e-01 3.927111161359241563e-03
3.411371237458193928e+00 1.859882884446094620e-01 3.958743854461107582e-03
3.451505016722407948e+00 1.729633886104893215e-01 3.990631477227827260e-03
3.491638795986621968e+00 1.797191981132762462e-01 4.022776084152004418e-03
3.531772575250836432e+00 1.795058679650776978e-01 4.055179746283514922e-03
3.571906354515050452e+00 1.734816172095303699e-01 4.087844551362942482e-03
3.612040133779264472e+00 1.766333722615734958e-01 4.120772603956092579e-03
3.652173913043478493e+00 1.741594536004342220e-01 4.153966025589583659e-03
3.692307692307692513e+00 1.740808080256865398e-01 4.187426954887537266e-03
3.732441471571906533e+00 1.733771785658569653e-01 4.221157547709369733e-03
3.772575250836120553e+00 1.712858516374921314e-01 4.255159977288687154e-03
3.812709030100334573e+00 1.695947031976014485e-01 4.289436434373313130e-03
3.852842809364548593e+00 1.714808777237210868e-01 4.323989127366426738e-03
3.892976588628762613e+00 1.647126462173559569e-01 4.358820282468856694e-03
3.933110367892976633e+00 1.698532839949985218e-01 4.393932143822510891e-03
3.973244147157190653e+00 1.710214323572702422e-01 4.429326973654961266e-03
4.013377926421404673e+00 1.724630331524379945e-01 4.465007052425200469e-03
4.053511705685618693e+00 1.661782517843992946e-01 4.500974678970569472e-03
4.093645484949832714e+00 1.550037557868130800e-01 4.537232170654870861e-03
4.133779264214046734e+00 1.665795440307431263e-01 4.573781863517673886e-03
4.173913043478260754e+00 1.626806587876030441e-01 4.610626112424819067e-03
4.214046822742474774e+00 1.590630970339113326e-01 4.647767291220146653e-03
4.254180602006688794e+00 1.643266720556609550e-01 4.685207792878440247e-03
4.294314381270902814e+00 1.455709839019932172e-01 4.722950029659599494e-03
4.334448160535116834e+00 1.503164974467506299e-01 4.760996433264066095e-03
4.374581939799330854e+00 1.518870564217117414e-01 4.799349454989491025e-03
4.414715719063544874e+00 1.555248688121193823e-01 4.838011565888672427e-03
4.454849498327758894e+00 1.492132783263414864e-01 4.876985256928765937e-03
4.494983277591973803e+00 1.512588316749765016e-01 4.916273039151766548e-03
4.535117056856187823e+00 1.559939262329749776e-01 4.955877443836303672e-03
4.575250836120401843e+00 1.498963492256707719e-01 4.995801022660722492e-03
4.615384615384615863e+00 1.411069334003489384e-01 5.036046347867489774e-03
4.655518394648829883e+00 1.363451522808978300e-01 5.076616012428918079e-03
4.695652173913043903e+00 1.379442472211839243e-01 5.117512630214232638e-03
4.735785953177257923e+00 1.401133568104749039e-01 5.158738836157978312e-03
4.775919732441471943e+00 1.408859152258025993e-01 5.200297286429783963e-03
4.816053511705685963e+00 1.451298048994566214e-01 5.242190658605505073e-03
4.856187290969899983e+00 1.390231517040608211e-01 5.284421651839727244e-03
4.896321070234114003e+00 1.329687219601800585e-01 5.326992987039680036e-03
4.936454849498328024e+00 1.354359692809683213e-01 5.369907407040535978e-03
4.976588628762542044e+00 1.425068176972529854e-01 5.413167676782131184e-03
5.016722408026756064e+00 1.286543938799588338e-01 5.456776583487111046e-03
5.056856187290970084e+00 1.319074937777500178e-01 5.500736936840502737e-03
5.096989966555184104e+00 1.329035495209202056e-01 5.545051569170746618e-03
5.137123745819398124e+00 1.288972541028139962e-01 5.589723335632178734e-03
5.177257525083612144e+00 1.180360036749582980e-01 5.634755114388981766e-03
5.217391304347826164e+00 1.283553350630718681e-01 5.680149806800631300e-03
5.257525083612040184e+00 1.285148647840059777e-01 5.725910337608820094e-03
5.297658862876254204e+00 1.191913340463250648e-01 5.772039655125901954e-03
5.337792642140468224e+00 1.270607432345413623e-01 5.818540731424843952e-03
5.377926421404682245e+00 1.243693503021809504e-01 5.865416562530721689e-03
5.418060200668896265e+00 1.268768252885651704e-01 5.912670168613740236e-03
5.458193979933110285e+00 1.156065661807036543e-01 5.960304594183835417e-03
5.498327759197324305e+00 1.144366505375527115e-01 6.008322908286814652e-03
5.538461538461538325e+00 1.187021642577682917e-01 6.056728204702102429e-03
5.578595317725752345e+00 1.199103368745817327e-01 6.105523602142065229e-03
5.618729096989966365e+00 1.250989979709380417e-01 6.154712244452948018e-03
5.658862876254180385e+00 1.158859112554869869e-01 6.204297300817434441e-03
5.698996655518394405e+00 1.044951001520321721e-01 6.254281965958829841e-03
5.739130434782608425e+00 1.099850049285141795e-01 6.304669460346893142e-03
5.779264214046822445e+00 1.071201308847955225e-01 6.355463030405331462e-03
5.819397993311037354e+00 1.138816217796696367e-01 6.406665948720966994e-03
5.859531772575251374e+00 1.058734611431707967e-01 6.458281514254582238e-03
5.899665551839465394e+00 9.155802270235237350e-02 6.510313052553473936e-03
5.939799331103679414e+00 9.940379388712339281e-02 6.562763915965709634e-03
5.979933110367893434e+00 1.117002959380216237e-01 6.615637483856120701e-03
6.020066889632107454e+00 1.148342714701824224e-01 6.668937162824034419e-03
6.060200668896321474e+00 1.033031363885216214e-01 6.722666386922750321e-03
6.100334448160535494e+00 9.671385642425232854e-02 6.776828617880799842e-03
6.140468227424749514e+00 1.060494633032113554e-01 6.831427345324980575e-03
6.180602006688963534e+00 1.070067349798491108e-01 6.886466087005191188e-03
6.220735785953177555e+00 1.099141197270867426e-01 6.941948389021071301e-03
6.260869565217391575e+00 9.322315384740255395e-02 6.997877826050487131e-03
6.301003344481605595e+00 9.493801095422124692e-02 7.054258001579827297e-03
6.341137123745819615e+00 9.507864821568152991e-02 7.111092548136186894e-03
6.381270903010033635e+00 1.029425611280613412e-01 7.168385127521399898e-03
6.421404682274247655e+00 9.342756732894245963e-02 7.226139431047965897e-03
6.461538461538461675e+00 1.034194167992287944e-01 7.284359179776891957e-03
6.501672240802675695e+00 8.936791915610338422e-02 7.343048124757413191e-03
6.541806020066889715e+00 8.542427542649165539e-02 7.402210047268690044e-03
6.581939799331103735e+00 9.230082721091342757e-02 7.461848759063424187e-03
6.622073578595317755e+00 8.320623161997540984e-02 7.521968102613447657e-03
6.662207357859531776e+00 8.409240842430551477e-02 7.582571951357293047e-03
6.702341137123745796e+00 9.680234192596165466e-02 7.643664209949751695e-03
6.742474916387959816e+00 8.180569586698543949e-02 7.705248814513446752e-03
6.782608695652173836e+00 7.665295268028886333e-02 7.767329732892441080e-03
6.822742474916387856e+00 8.205013998700792788e-02 7.829910964907871307e-03
6.862876254180601876e+00 6.715391679873131126e-02 7.892996542615668756e-03
6.903010033444815896e+00 7.508512178670016801e-02 7.956590530566321276e-03
6.943143812709029916e+00 9.097132344907617185e-02 8.020697026066765309e-03
6.983277591973243936e+00 7.938252430083067579e-02 8.085320159444363969e-03
7.023411371237457956e+00 7.257629640510661340e-02 8.150464094313022295e-03
7.063545150501672865e+00 6.834921292568015005e-02 8.216133027841450095e-03
7.103678929765886885e+00 7.383167983667293655e-02 8.282331191023567171e-03
7.143812709030100905e+00 9.359446447604924391e-02 8.349062848951127255e-03
7.183946488294314925e+00 7.717318624540306371e-02 8.416332301088480863e-03
7.224080267558528945e+00 6.554823836897087641e-02 8.484143881549627980e-03
7.264214046822742965e+00 6.403140377311083986e-02 8.552501959377420068e-03
7.304347826086956985e+00 8.127418805094718812e-02 8.621410938825083137e-03
7.344481605351171005e+00 5.426331633074099603e-02 8.690875259639962991e-03
7.384615384615385025e+00 5.837326622003441434e-02 8.760899397349582868e-03
7.424749163879599045e+00 9.008895612535208763e-02 8.831487863549999581e-03
7.464882943143813065e+00 7.384999667176991855e-02 8.902645206196472052e-03
7.505016722408027086e+00 7.316693958500303241e-02 8.974376009896490800e-03
7.545150501672241106e+00 7.176365198465800566e-02 9.046684896205157977e-03
7.585284280936455126e+00 7.057827823202204864e-02 9.119576523922945724e-03
7.625418060200669146e+00 5.438079991835985394e-02 9.193055589395874444e-03
7.665551839464883166e+00 6.360733895931752757e-02 9.267126826818071136e-03
7.705685618729097186e+00 6.290487921752856149e-02 9.341795008536806638e-03
7.745819397993311206e+00 4.343191057082069345e-02 9.417064945359966688e-03
7.785953177257525226e+00 5.006915094382682202e-02 9.492941486866008846e-03
7.826086956521739246e+00 4.406000115430915715e-02 9.569429521716424358e-03
7.866220735785953266e+00 6.106787947739501093e-02 9.646533977970701487e-03
7.906354515050167286e+00 5.026824348193530134e-02 9.724259823403833686e-03
7.946488294314381307e+00 5.643917862712635042e-02 9.802612065826400364e-03
7.986622073578595327e+00 5.025668442897134047e-02 9.881595753407204641e-03
8.026755852842809347e+00 3.960099438708109681e-02 9.961215974998535727e-03
8.066889632107024255e+00 5.454205452890707739e-02 1.004147786046402993e-02
8.107023411371237387e+00 6.095456553621358964e-02 1.012238658100917191e-02
8.147157190635452295e+00 5.801244190535055634e-02 1.020394734951450208e-02
8.187290969899665427e+00 5.775071478684309922e-02 1.028616542087145043e-02
8.227424749163880335e+00 4.636520813824982629e-02 1.036904609232091982e-02
8.267558528428093467e+00 5.211906401647651427e-02 1.045259470379456858e-02
8.307692307692308376e+00 4.760975435153057267e-02 1.053681663825888071e-02
8.347826086956521507e+00 5.252865223396482874e-02 1.062171732206195277e-02
8.387959866220736416e+00 2.383016459633244266e-02 1.070730222528314818e-02
8.428093645484949548e+00 4.463547663714573233e-02 1.079357686208549244e-02
8.468227424749164456e+00 4.488197372380822031e-02 1.088054679107098265e-02
8.508361204013377588e+00 3.904925974381511650e-02 1.096821761563867952e-02
8.548494983277592496e+00 5.663157322327401488e-02 1.105659498434577274e-02
8.588628762541805628e+00 3.437631886428868522e-02 1.114568459127148782e-02
8.628762541806020536e+00 6.750678535079875087e-02 1.123549217638396443e-02
8.668896321070233668e+00 5.578878065992894097e-02 1.132602352591005265e-02
8.709030100334448576e+00 4.558748777640724004e-02 1.141728447270815364e-02
8.749163879598661708e+00 4.600982750368516616e-02 1.150928089664398669e-02
8.789297658862876617e+00 3.388273679621517376e-02 1.160201872496945466e-02
8.829431438127089748e+00 4.625600293371771171e-02 1.169550393270451030e-02
8.869565217391304657e+00 3.473551344375677002e-02 1.178974254302214177e-02
8.909698996655517789e+00 2.416082692332227611e-02 1.188474062763641287e-02
8.949832775919732697e+00 2.547251887496198783e-02 1.198050430719369182e-02
8.989966555183947605e+00 3.143714308882043090e-02 1.207703975166697294e-02
9.030100334448160737e+00 4.772110694539859199e-02 1.217435318075340937e-02
9.070234113712375645e+00 5.488710226622925403e-02 1.227245086427505849e-02
9.110367892976588777e+00 4.238640788492330225e-02 1.237133912258281052e-02
9.150501672240803686e+00 2.997364838449321015e-02 1.247102432696364088e-02
9.190635451505016817e+00 6.188606673948255504e-02 1.257151290005107010e-02
9.230769230769231726e+00 3.394620874433388474e-02 1.267281131623900631e-02
9.270903010033444858e+00 2.937334758240627702e-02 1.277492610209883875e-02
9.311036789297659766e+00 2.434978558474985497e-02 1.287786383679998675e-02
9.351170568561872898e+00 4.392327925490210894e-02 1.298163115253375514e-02
9.391304347826087806e+00 4.293185995064559973e-02 1.308623473494066949e-02
9.431438127090300938e+00 5.312925190327323632e-02 1.319168132354118714e-02
9.471571906354515846e+00 3.429592051121396062e-02 1.329797771216996959e-02
9.511705685618728978e+00 1.634752314199863429e-02 1.340513074941354806e-02
9.551839464882943886e+00 2.793568337064131907e-02 1.351314733905163018e-02
9.591973244147157018e+00 1.435446523916911188e-02 1.362203444050184842e-02
9.632107023411371927e+00 3.984138931733343519e-02 1.373179906926819994e-02
9.672240802675585059e+00 4.635678340067128644e-02 1.384244829739300110e-02
9.712374581939799967e+00 4.310594214579402395e-02 1.395398925391257844e-02
9.752508361204013099e+00 9.410073986131001211e-03 1.406642912531655583e-02
9.792642140468228007e+00 4.174430969370782063e-02 1.417977515601089034e-02
9.832775919732441139e+00 2.169360868212131394e-02 1.429403464878460303e-02
9.872909698996656047e+00 2.172927015156570288e-02 1.440921496528032968e-02
9.913043478260869179e+00 2.984771973155930791e-02 1.452532352646856637e-02
9.953177257525084087e+00 3.746546575228193454e-02 1.464236781312586687e-02
9.993311036789297219e+00 4.632420557885029433e-02 1.476035536631676096e-02
1.003344481605351213e+01 2.456478818094546754e-02 1.487929378787965912e-02
1.007357859531772526e+01 2.227438247250885725e-02 1.499919074091660663e-02
1.011371237458194017e+01 1.195274997199308360e-02 1.512005395028703965e-02
1.015384615384615330e+01 2.049398504057199297e-02 1.524189120310544612e-02
1.019397993311036821e+01 2.368525251940644186e-02 1.536471034924314326e-02
1.023411371237458134e+01 1.550080377644591154e-02 1.548851930183397368e-02
1.027424749163879625e+01 2.163851048558247669e-02 1.561332603778420140e-02
1.031438127090301116e+01 1.814316397497335587e-02 1.573913859828641668e-02
1.035451505016722429e+01 -4.458657126092117201e-03 1.586596508933761987e-02
1.039464882943143920e+01 -3.039146580841419615e-03 1.599381368226153455e-02
1.043478260869565233e+01 1.064659370644038122e-02 1.612269261423502145e-02
1.047491638795986724e+01 2.781076116584081659e-02 1.625261018881883276e-02
1.051505016722408037e+01 1.759163957984262103e-02 1.638357477649255919e-02
1.055518394648829528e+01 -4.030640334657387136e-03 1.651559481519399367e-02
1.059531772575250841e+01 7.907998101607756347e-03 1.664867881086271734e-02
1.063545150501672332e+01 4.113969238351070090e-04 1.678283533798818894e-02
1.067558528428093645e+01 3.216526248973393398e-02 1.691807304016213279e-02
1.071571906354515136e+01 2.826718777452554704e-02 1.705440063063549949e-02
1.075585284280936449e+01 2.369419472959242989e-02 1.719182689287978780e-02
1.079598662207357940e+01 5.492175677962105040e-05 1.733036068115302933e-02
1.083612040133779253e+01 4.255459914271527908e-03 1.747001092107018996e-02
1.087625418060200744e+01 2.887474933629868845e-02 1.761078661017830352e-02
1.091638795986622057e+01 9.080485292858328852e-03 1.775269681853609838e-02
1.095652173913043548e+01 3.699697397674934704e-03 1.789575068929847440e-02
1.099665551839464861e+01 4.240206332894765409e-03 1.803995743930549012e-02
1.103678929765886352e+01 2.653241890445928730e-02 1.818532635967626959e-02
1.107692307692307665e+01 2.871004583934447935e-02 1.833186681640757223e-02
1.111705685618729156e+01 1.937539713811602116e-03 1.847958825097726840e-02
1.115719063545150469e+01 1.228261602040205645e-02 1.862850018095262364e-02
1.119732441471571960e+01 1.687851908256305863e-02 1.877861220060352346e-02
1.123745819397993273e+01 4.372498931643143544e-02 1.892993398152061427e-02
1.127759197324414764e+01 1.243998345584789236e-02 1.908247527323845422e-02
1.131772575250836077e+01 -2.121719868566238412e-02 1.923624590386361841e-02
1.135785953177257568e+01 -2.098403064332536594e-02 1.939125578070799438e-02
1.139799331103678881e+01 2.303026493134913144e-02 1.954751489092700426e-02
1.143812709030100372e+01 -2.481397333535099309e-02 1.970503330216317669e-02
1.147826086956521685e+01 1.668650015479151635e-03 1.986382116319469412e-02
1.151839464882943176e+01 -1.385855165353162659e-02 2.002388870458935224e-02
1.155852842809364489e+01 -1.901749884376034011e-02 2.018524623936364740e-02
1.159866220735785980e+01 3.984163549143471261e-02 2.034790416364726934e-02
1.163879598662207471e+01 3.838584528735137190e-03 2.051187295735291960e-02
1.167892976588628784e+01 -1.769274028803067070e-03 2.067716318485147628e-02
1.171906354515050275e+01 -1.169028583193173348e-03 2.084378549565272035e-02
1.175919732441471588e+01 3.148071804950053343e-02 2.101175062509139796e-02
1.179933110367893079e+01 1.848944025169559774e-02 2.118106939501895880e-02
1.183946488294314392e+01 -4.554375687741652953e-03 2.135175271450073103e-02
1.187959866220735883e+01 1.728248252710281804e-02 2.152381158051885554e-02
1.191973244147157196e+01 -6.539679148681119131e-03 2.169725707868074352e-02
1.195986622073578687e+01 -6.657320007958439020e-04 2.187210038393336275e-02
1.200000000000000000e+01 -7.588983425507565481e-03 2.204835276128321031e-02
