0.000000000000000000e+00 2.583115120122943531e-01 2.001999999999999873e-03
4.013377926421404784e-02 2.585424306661069926e-01 2.018118113246460121e-03
8.026755852842809569e-02 2.587419671898790741e-01 2.034366123280232936e-03
1.204013377926421435e-01 2.591407280816828695e-01 2.050745076946882545e-03
1.605351170568561914e-01 2.575710797544162323e-01 2.067256029528561408e-03
2.006688963210702392e-01 2.574998980111618541e-01 2.083900044811999239e-03
2.408026755852842871e-01 2.560019663126429923e-01 2.100678195157044525e-03
2.809364548494983627e-01 2.593155191604505361e-01 2.117591561565753365e-03
3.210702341137123828e-01 2.573816646081186765e-01 2.134641233752039916e-03
3.612040133779264028e-01 2.560559100219554352e-01 2.151828310211882384e-03
4.013377926421404784e-01 2.586029954678666365e-01 2.169153898294102784e-03
4.414715719063545540e-01 2.507098173964208421e-01 2.186619114271708738e-03
4.816053511705685741e-01 2.570058319323671459e-01 2.204225083413815112e-03
5.217391304347825942e-01 2.539601146251374009e-01 2.221972940058144618e-03
5.618729096989967253e-01 2.553685050858993111e-01 2.239863827684111710e-03
6.020066889632107454e-01 2.497792718858052041e-01 2.257898898986496292e-03
6.421404682274247655e-01 2.486483240999868283e-01 2.276079315949711135e-03
6.822742474916387856e-01 2.492739280722464645e-01 2.294406249922665599e-03
7.224080267558528057e-01 2.488056086584638227e-01 2.312880881694239117e-03
7.625418060200669368e-01 2.488474777122762494e-01 2.331504401569352725e-03
8.026755852842809569e-01 2.530956164865236224e-01 2.350278009445663785e-03
8.428093645484949770e-01 2.491380147286172131e-01 2.369202914890872636e-03
8.829431438127091081e-01 2.465596855605505788e-01 2.388280337220653315e-03
9.230769230769231282e-01 2.456560862323370342e-01 2.407511505577214841e-03
9.632107023411371483e-01 2.446119930736819770e-01 2.426897659008493083e-03
1.003344481605351168e+00 2.431406757864204293e-01 2.446440046547980560e-03
1.043478260869565188e+00 2.425899273559117275e-01 2.466139927295201567e-03
1.083612040133779209e+00 2.447214747958663672e-01 2.485998570496835650e-03
1.123745819397993451e+00 2.424212829290588733e-01 2.506017255628492039e-03
1.163879598662207471e+00 2.423037444046355904e-01 2.526197272477147173e-03
1.204013377926421491e+00 2.400881987786508409e-01 2.546539921224243597e-03
1.244147157190635511e+00 2.416865855198442326e-01 2.567046512529459323e-03
1.284280936454849531e+00 2.427201449700779334e-01 2.587718367615152865e-03
1.324414715719063551e+00 2.374009766925656850e-01 2.608556818351489594e-03
1.364548494983277571e+00 2.346421061338737901e-01 2.629563207342250266e-03
1.404682274247491591e+00 2.319271023031194146e-01 2.650738888011337346e-03
1.444816053511705611e+00 2.349312035105252383e-01 2.672085224689972182e-03
1.484949832775919853e+00 2.336368256116627684e-01 2.693603592704598652e-03
1.525083612040133874e+00 2.326486794985151429e-01 2.715295378465494135e-03
1.565217391304347894e+00 2.362933970726734667e-01 2.737161979556096067e-03
1.605351170568561914e+00 2.277183720674710310e-01 2.759204804823044491e-03
1.645484949832775934e+00 2.300900134875855929e-01 2.781425274466955803e-03
1.685618729096989954e+00 2.299162523376465650e-01 2.803824820133921612e-03
1.725752508361203974e+00 2.286343880940590323e-01 2.826404885007752221e-03
1.765886287625418216e+00 2.306709602137091142e-01 2.849166923902957376e-03
1.806020066889632236e+00 2.210396185345752662e-01 2.872112403358479012e-03
1.846153846153846256e+00 2.206477791821668810e-01 2.895242801732179905e-03
1.886287625418060276e+00 2.225439100989476671e-01 2.918559609296092570e-03
1.926421404682274297e+00 2.240029391221922406e-01 2.942064328332435336e-03
1.966555183946488317e+00 2.235277782489981935e-01 2.965758473230405146e-03
2.006688963210702337e+00 2.249171179853483027e-01 2.989643570583746645e-03
2.046822742474916357e+00 2.220012808044007635e-01 3.013721159289110135e-03
2.086956521739130377e+00 2.192528416668055036e-01 3.037992790645201429e-03
2.127090301003344397e+00 2.253733652798464993e-01 3.062460028452729244e-03
2.167224080267558417e+00 2.224280293863674929e-01 3.087124449115161845e-03
2.207357859531772437e+00 2.215357173812675384e-01 3.111987641740292503e-03
2.247491638795986901e+00 2.147952201202069367e-01 3.137051208242623308e-03
2.287625418060200921e+00 2.113504550354672329e-01 3.162316763446576442e-03
2.327759197324414941e+00 2.150260479979024530e-01 3.187785935190535526e-03
2.367892976588628962e+00 2.110330729612396039e-01 3.213460364431726130e-03
2.408026755852842982e+00 2.149445027030284783e-01 3.239341705351940666e-03
2.448160535117057002e+00 2.090143868809566929e-01 3.265431625464115459e-03
2.488294314381271022e+00 2.113751728817436781e-01 3.291731805719770414e-03
2.528428093645485042e+00 2.099253999882546851e-01 3.318243940617306934e-03
2.568561872909699062e+00 2.064873381786753448e-01 3.344969738311185346e-03
2.608695652173913082e+00 2.105600291322492212e-01 3.371910920721979659e-03
2.648829431438127102e+00 2.104227216878222229e-01 3.399069223647319636e-03
2.688963210702341122e+00 2.034213327155880990e-01 3.426446396873725816e-03
2.729096989966555142e+00 2.024237504427766621e-01 3.454044204289347022e-03
2.769230769230769162e+00 2.069698729054088859e-01 3.481864423997608170e-03
2.809364548494983183e+00 2.008167714970854612e-01 3.509908848431768369e-03
2.849498327759197203e+00 1.984009286727405896e-01 3.538179284470410139e-03
2.889632107023411223e+00 2.022996352958469912e-01 3.566677553553849762e-03
2.929765886287625687e+00 1.968118936662127394e-01 3.595405491801497832e-03
2.969899665551839707e+00 2.021608975630045935e-01 3.624364950130151784e-03
3.010033444816053727e+00 1.983653564903861133e-01 3.653557794373254661e-03
3.050167224080267747e+00 1.976673425691809483e-01 3.682985905401105816e-03
3.090301003344481767e+00 1.962959631436093921e-01 3.712651179242044790e-03
3.130434782608695787e+00 1.937428666737623373e-01 3.742555527204611838e-03
3.170568561872909807e+00 1.963582851628120074e-01 3.772700876000690314e-03
3.210702341137123828e+00 1.920157231927379082e-01 3.803089167869642614e-03
3.250836120401337848e+00 1.797151860453308492e-01 3.833722360703450526e-03
3.290969899665551868e+00 1.901469857670700647e-01 3.864602428172856513e-03
3.331103678929765888e+00 1.904958418903336392e-01 3.895731359854527186e-03
3.371237458193979908e+00 1.926317194041295700e-01 3.927111161359241563e-03
3.411371237458193928e+00 1.858491719154592436e-01 3.958743854461107582e-03
3.451505016722407948e+00 1.844581384819111436e-01 3.990631477227827260e-03
3.491638795986621968e+00 1.883200351866023692e-01 4.022776084152004418e-03
3.531772575250836432e+00 1.843606125215560276e-01 4.055179746283514922e-03
3.571906354515050452e+00 1.814885574748571206e-01 4.087844551362942482e-03
3.612040133779264472e+00 1.850344032089970836e-01 4.120772603956092579e-03
3.652173913043478493e+00 1.783202263265403764e-01 4.153966025589583659e-03
3.692307692307692513e+00 1.773127363617320318e-01 4.187426954887537266e-03
3.732441471571906533e+00 1.781290633272538948e-01 4.221157547709369733e-03
3.772575250836120553e+00 1.756628281841602635e-01 4.255159977288687154e-03
3.812709030100334573e+00 1.715802302113851319e-01 4.289436434373313130e-03
3.852842809364548593e+00 1.724086919083270830e-01 4.323989127366426738e-03
3.892976588628762613e+00 1.728889038071926287e-01 4.358820282468856694e-03
3.933110367892976633e+00 1.707609165020372854e-01 4.393932143822510891e-03
3.973244147157190653e+00 1.687460804963772099e-01 4.429326973654961266e-03
4.013377926421404673e+00 1.617222892314068294e-01 4.465007052425200469e-03
4.053511705685618693e+00 1.697815166483482019e-01 4.500974678970569472e-03
4.093645484949832714e+00 1.697774796427730104e-01 4.537232170654870861e-03
4.133779264214046734e+00 1.720524631029846652e-01 4.573781863517673886e-03
4.173913043478260754e+00 1.619570901182899036e-01 4.610626112424819067e-03
4.214046822742474774e+00 1.585057434350307382e-01 4.647767291220146653e-03
4.254180602006688794e+00 1.590336888424781492e-01 4.685207792878440247e-03
4.294314381270902814e+00 1.460548954052479642e-01 4.722950029659599494e-03
4.334448160535116834e+00 1.510577194747158014e-01 4.760996433264066095e-03
4.374581939799330854e+00 1.584160009142316083e-01 4.799349454989491025e-03
4.414715719063544874e+00 1.548525179222501880e-01 4.838011565888672427e-03
4.454849498327758894e+00 1.484520148200213219e-01 4.876985256928765937e-03
4.494983277591973803e+00 1.554756154010041302e-01 4.916273039151766548e-03
4.535117056856187823e+00 1.542528440388312161e-01 4.955877443836303672e-03
4.575250836120401843e+00 1.596608970834195729e-01 4.995801022660722492e-03
4.615384615384615863e+00 1.406514796372605458e-01 5.036046347867489774e-03
4.655518394648829883e+00 1.480426261341469818e-01 5.076616012428918079e-03
4.695652173913043903e+00 1.418219137699685550e-01 5.117512630214232638e-03
4.735785953177257923e+00 1.531167478867465903e-01 5.158738836157978312e-03
4.775919732441471943e+00 1.537411362612021715e-01 5.200297286429783963e-03
4.816053511705685963e+00 1.414882387109216155e-01 5.242190658605505073e-03
4.856187290969899983e+00 1.448418548646448756e-01 5.284421651839727244e-03
4.896321070234114003e+00 1.375102083135694708e-01 5.326992987039680036e-03
4.936454849498328024e+00 1.432323222355365022e-01 5.369907407040535978e-03
4.976588628762542044e+00 1.425612568402166713e-01 5.413167676782131184e-03
5.016722408026756064e+00 1.357054518980798374e-01 5.456776583487111046e-03
5.056856187290970084e+00 1.376062585067732436e-01 5.500736936840502737e-03
5.096989966555184104e+00 1.426743534907524702e-01 5.545051569170746618e-03
5.137123745819398124e+00 1.352805963796920030e-01 5.589723335632178734e-03
5.177257525083612144e+00 1.407396146980752216e-01 5.634755114388981766e-03
5.217391304347826164e+00 1.315023675459806585e-01 5.680149806800631300e-03
5.257525083612040184e+00 1.274564217824557533e-01 5.725910337608820094e-03
5.297658862876254204e+00 1.237794683611767310e-01 5.772039655125901954e-03
5.337792642140468224e+00 1.228949160866758539e-01 5.818540731424843952e-03
5.377926421404682245e+00 1.160625698098614461e-01 5.865416562530721689e-03
5.418060200668896265e+00 1.182310431055176164e-01 5.912670168613740236e-03
5.458193979933110285e+00 1.175201487404881479e-01 5.960304594183835417e-03
5.498327759197324305e+00 1.237437839917674004e-01 6.008322908286814652e-03
5.538461538461538325e+00 1.271180072022384533e-01 6.056728204702102429e-03
5.578595317725752345e+00 1.159775363734874970e-01 6.105523602142065229e-03
5.618729096989966365e+00 1.457350033422237234e-01 6.154712244452948018e-03
5.658862876254180385e+00 1.269734550580856602e-01 6.204297300817434441e-03
5.698996655518394405e+00 1.169430181321306217e-01 6.254281965958829841e-03
5.739130434782608425e+00 1.129266568868062537e-01 6.304669460346893142e-03
5.779264214046822445e+00 1.176547399230382374e-01 6.355463030405331462e-03
5.819397993311037354e+00 1.105376111300594572e-01 6.406665948720966994e-03
5.859531772575251374e+00 1.155082080229634239e-01 6.458281514254582238e-03
5.899665551839465394e+00 1.153432636010400941e-01 6.510313052553473936e-03
5.939799331103679414e+00 1.011173357276076851e-01 6.562763915965709634e-03
5.979933110367893434e+00 1.119227831108370874e-01 6.615637483856120701e-03
6.020066889632107454e+00 1.086938997908657167e-01 6.668937162824034419e-03
6.060200668896321474e+00 1.143738715293690089e-01 6.722666386922750321e-03
6.100334448160535494e+00 1.035207163536279173e-01 6.776828617880799842e-03
6.140468227424749514e+00 1.020536166914312176e-01 6.831427345324980575e-03
6.180602006688963534e+00 1.014730943133077823e-01 6.886466087005191188e-03
6.220735785953177555e+00 9.446826326297655396e-02 6.941948389021071301e-03
6.260869565217391575e+00 9.303767382042472944e-02 6.997877826050487131e-03
6.301003344481605595e+00 1.063909975316460893e-01 7.054258001579827297e-03
6.341137123745819615e+00 9.585067826023473125e-02 7.111092548136186894e-03
6.381270903010033635e+00 9.549889257227132944e-02 7.168385127521399898e-03
6.421404682274247655e+00 9.065723358730090609e-02 7.226139431047965897e-03
6.461538461538461675e+00 8.487514820414546191e-02 7.284359179776891957e-03
6.501672240802675695e+00 8.661417178530385341e-02 7.343048124757413191e-03
6.541806020066889715e+00 9.228754123822979771e-02 7.402210047268690044e-03
6.581939799331103735e+00 8.580555162717878881e-02 7.461848759063424187e-03
6.622073578595317755e+00 9.811829658626115835e-02 7.521968102613447657e-03
6.662207357859531776e+00 8.467820167655387698e-02 7.582571951357293047e-03
6.702341137123745796e+00 8.009978352413887892e-02 7.643664209949751695e-03
6.742474916387959816e+00 7.803693851779569535e-02 7.705248814513446752e-03
6.782608695652173836e+00 8.576638418935249308e-02 7.767329732892441080e-03
6.822742474916387856e+00 1.012969368534338138e-01 7.829910964907871307e-03
6.862876254180601876e+00 8.986504568823362737e-02 7.892996542615668756e-03
6.903010033444815896e+00 9.233804241458637430e-02 7.956590530566321276e-03
6.943143812709029916e+00 7.721166065414415691e-02 8.020697026066765309e-03
6.983277591973243936e+00 8.478216217099504570e-02 8.085320159444363969e-03
7.023411371237457956e+00 8.250981935297727055e-02 8.150464094313022295e-03
7.063545150501672865e+00 7.317192186485453609e-02 8.216133027841450095e-03
7.103678929765886885e+00 7.528256992492754485e-02 8.282331191023567171e-03
7.143812709030100905e+00 7.641600009100048274e-02 8.349062848951127255e-03
7.183946488294314925e+00 6.897630564145648679e-02 8.416332301088480863e-03
7.224080267558528945e+00 6.416316725664614196e-02 8.484143881549627980e-03
7.264214046822742965e+00 6.938072144683056497e-02 8.552501959377420068e-03
7.304347826086956985e+00 5.657370632651791131e-02 8.621410938825083137e-03
7.344481605351171005e+00 9.149151732532594117e-02 8.690875259639962991e-03
7.384615384615385025e+00 7.241194936755486478e-02 8.760899397349582868e-03
7.424749163879599045e+00 7.455669459250550968e-02 8.831487863549999581e-03
7.464882943143813065e+00 4.691375210677658364e-02 8.902645206196472052e-03
7.505016722408027086e+00 7.182948686961783402e-02 8.974376009896490800e-03
7.545150501672241106e+00 6.309237269779972845e-02 9.046684896205157977e-03
7.585284280936455126e+00 6.211614211105591365e-02 9.119576523922945724e-03
7.625418060200669146e+00 8.075909401473822802e-02 9.193055589395874444e-03
7.665551839464883166e+00 8.030354901663484812e-02 9.267126826818071136e-03
7.705685618729097186e+00 7.506893103347536678e-02 9.341795008536806638e-03
7.745819397993311206e+00 5.787246797862032055e-02 9.417064945359966688e-03
7.785953177257525226e+00 6.174696194558215029e-02 9.492941486866008846e-03
7.826086956521739246e+00 3.922688184947176193e-02 9.569429521716424358e-03
7.866220735785953266e+00 6.190894129665504980e-02 9.646533977970701487e-03
7.906354515050167286e+00 8.223939869076592191e-02 9.724259823403833686e-03
7.946488294314381307e+00 7.838370935652078098e-02 9.802612065826400364e-03
7.986622073578595327e+00 4.801172923742040577e-02 9.881595753407204641e-03
8.026755852842809347e+00 6.440499909093298780e-02 9.961215974998535727e-03
8.066889632107024255e+00 4.155684236759443761e-02 1.004147786046402993e-02
8.107023411371237387e+00 4.343341850809068899e-02 1.012238658100917191e-02
8.147157190635452295e+00 6.665815721762258228e-02 1.020394734951450208e-02
8.187290969899665427e+00 4.013218098094362141e-02 1.028616542087145043e-02
8.227424749163880335e+00 3.514643219175339617e-02 1.036904609232091982e-02
8.267558528428093467e+00 4.645371564188236629e-02 1.045259470379456858e-02
8.307692307692308376e+00 4.892337728778301670e-02 1.053681663825888071e-02
8.347826086956521507e+00 6.212087304905784119e-02 1.062171732206195277e-02
8.387959866220736416e+00 3.064711749830833012e-02 1.070730222528314818e-02
8.428093645484949548e+00 5.303687088316986348e-02 1.079357686208549244e-02
8.468227424749164456e+00 4.926047188462152199e-02 1.088054679107098265e-02
8.508361204013377588e+00 4.161197666596631872e-02 1.096821761563867952e-02
8.548494983277592496e+00 4.136074850170773365e-02 1.105659498434577274e-02
8.588628762541805628e+00 3.019205499164551859e-02 1.114568459127148782e-02
8.628762541806020536e+00 4.352527738509046062e-02 1.123549217638396443e-02
8.668896321070233668e+00 6.438257044749939872e-02 1.132602352591005265e-02
8.709030100334448576e+00 4.542814451474936482e-02 1.141728447270815364e-02
8.749163879598661708e+00 3.332968887911687272e-02 1.150928089664398669e-02
8.789297658862876617e+00 7.336739334866296258e-02 1.160201872496945466e-02
8.829431438127089748e+00 4.763924101222458130e-02 1.169550393270451030e-02
8.869565217391304657e+00 4.101327354861409452e-02 1.178974254302214177e-02
8.909698996655517789e+00 4.397916140569167742e-02 1.188474062763641287e-02
8.949832775919732697e+00 3.757340897607468200e-02 1.198050430719369182e-02
8.989966555183947605e+00 1.649995719042349207e-02 1.207703975166697294e-02
9.030100334448160737e+00 5.144768613242178823e-02 1.217435318075340937e-02
9.070234113712375645e+00 2.541106077894701026e-02 1.227245086427505849e-02
9.110367892976588777e+00 3.348342060470851922e-02 1.237133912258281052e-02
9.150501672240803686e+00 3.230607132263463299e-02 1.247102432696364088e-02
9.190635451505016817e+00 3.237933513027013016e-02 1.257151290005107010e-02
9.230769230769231726e+00 1.340714384514172033e-02 1.267281131623900631e-02
9.270903010033444858e+00 4.739186508118057445e-02 1.277492610209883875e-02
9.311036789297659766e+00 4.580504336967189394e-02 1.287786383679998675e-02
9.351170568561872898e+00 4.267890736646570704e-02 1.298163115253375514e-02
9.391304347826087806e+00 4.344163423200188973e-02 1.308623473494066949e-02
9.431438127090300938e+00 1.438138896456098506e-02 1.319168132354118714e-02
9.471571906354515846e+00 2.350276355736959782e-02 1.329797771216996959e-02
9.511705685618728978e+00 3.667273787721769818e-02 1.340513074941354806e-02
9.551839464882943886e+00 2.627335703331247843e-02 1.351314733905163018e-02
9.591973244147157018e+00 1.887882451553434329e-02 1.362203444050184842e-02
9.632107023411371927e+00 3.226912648160700642e-02 1.373179906926819994e-02
9.672240802675585059e+00 2.732378950510369955e-02 1.384244829739300110e-02
9.712374581939799967e+00 2.503192133388897067e-02 1.395398925391257844e-02
9.752508361204013099e+00 6.086916660993463984e-02 1.406642912531655583e-02
9.792642140468228007e+00 4.509636320798234010e-02 1.417977515601089034e-02
9.832775919732441139e+00 2.935638048057529620e-02 1.429403464878460303e-02
9.872909698996656047e+00 3.328642466932636712e-02 1.440921496528032968e-02
9.913043478260869179e+00 3.195328777034475015e-02 1.452532352646856637e-02
9.953177257525084087e+00 4.584654549994378325e-02 1.464236781312586687e-02
9.993311036789297219e+00 1.636400529282533781e-02 1.476035536631676096e-02
1.003344481605351213e+01 1.935585299712576368e-02 1.487929378787965912e-02
1.007357859531772526e+01 2.224534924024098095e-02 1.499919074091660663e-02
1.011371237458194017e+01 5.734514594990318404e-02 1.512005395028703965e-02
1.015384615384615330e+01 4.448256512046385586e-03 1.524189120310544612e-02
1.019397993311036821e+01 4.450104373647333078e-02 1.536471034924314326e-02
1.023411371237458134e+01 3.598681163050056891e-02 1.548851930183397368e-02
1.027424749163879625e+01 3.452588826444670522e-02 1.561332603778420140e-02
1.031438127090301116e+01 1.580418445954649004e-02 1.573913859828641668e-02
1.035451505016722429e+01 2.942463942286136294e-02 1.586596508933761987e-02
1.039464882943143920e+01 2.672792554446013630e-03 1.599381368226153455e-02
1.043478260869565233e+01 1.974006234489077832e-03 1.612269261423502145e-02
1.047491638795986724e+01 -1.358332610156038484e-02 1.625261018881883276e-02
1.051505016722408037e+01 1.591227976752725148e-02 1.638357477649255919e-02
1.055518394648829528e+01 1.817888908332992298e-02 1.651559481519399367e-02
1.059531772575250841e+01 3.429567096471965171e-02 1.664867881086271734e-02
1.063545150501672332e+01 4.769448035013428011e-02 1.678283533798818894e-02
1.067558528428093645e+01 1.492686822517638214e-02 1.691807304016213279e-02
1.071571906354515136e+01 3.318657472142950982e-02 1.705440063063549949e-02
1.075585284280936449e+01 3.619538947943513885e-02 1.719182689287978780e-02
1.079598662207357940e+01 6.528214972562952981e-03 1.733036068115302933e-02
1.083612040133779253e+01 5.772817695890178347e-03 1.747001092107018996e-02
1.087625418060200744e+01 -2.251591528668020481e-02 1.761078661017830352e-02
1.091638795986622057e+01 4.309504211319247283e-03 1.775269681853609838e-02
1.095652173913043548e+01 2.598509839044305797e-02 1.789575068929847440e-02
1.099665551839464861e+01 1.258256634214968521e-02 1.803995743930549012e-02
1.103678929765886352e+01 1.255638771223100553e-02 1.818532635967626959e-02
1.107692307692307665e+01 2.781146434851705998e-02 1.833186681640757223e-02
1.111705685618729156e+01 4.059270940247500931e-02 1.847958825097726840e-02
1.115719063545150469e+01 2.192496522000394674e-03 1.862850018095262364e-02
1.119732441471571960e+01 1.288558706671347719e-02 1.877861220060352346e-02
1.123745819397993273e+01 1.377466689693234575e-02 1.892993398152061427e-02
1.127759197324414764e+01 4.281194599754607061e-02 1.908247527323845422e-02
1.131772575250836077e+01 3.425350621715241711e-02 1.923624590386361841e-02
1.135785953177257568e+01 7.552800717181089828e-03 1.939125578070799438e-02
1.139799331103678881e+01 1.304882217949292211e-02 1.954751489092700426e-02
1.143812709030100372e+01 -2.121110388288726875e-02 1.970503330216317669e-02
1.147826086956521685e+01 2.257886036057039220e-02 1.986382116319469412e-02
1.151839464882943176e+01 -1.240102814037711589e-02 2.002388870458935224e-02
1.155852842809364489e+01 3.479894263058541659e-02 2.018524623936364740e-02
1.159866220735785980e+01 6.323044218534525432e-03 2.034790416364726934e-02
1.163879598662207471e+01 5.149830989622950633e-04 2.051187295735291960e-02
1.167892976588628784e+01 2.848051136262914548e-02 2.067716318485147628e-02
1.171906354515050275e+01 5.485842897769516863e-02 2.084378549565272035e-02
1.175919732441471588e+01 -1.745038123027366911e-03 2.101175062509139796e-02
1.179933110367893079e+01 6.855628708479109823e-02 2.118106939501895880e-02
1.183946488294314392e+01 3.574157424233749547e-02 2.135175271450073103e-02
1.187959866220735883e+01 2.857491170057483050e-03 2.152381158051885554e-02
1.191973244147157196e+01 1.791135514828470082e-02 2.169725707868074352e-02
1.195986622073578687e+01 3.161346570959957386e-02 2.187210038393336275e-02
1.200000000000000000e+01 -1.270109968198663078e-02 2.204835276128321031e-02
