0.000000000000000000e+00 2.615394797480041778e-01 2.001999999999999873e-03
4.013377926421404784e-02 2.594306961292325298e-01 2.018118113246460121e-03
8.026755852842809569e-02 2.618465558220131051e-01 2.034366123280232936e-03
1.204013377926421435e-01 2.660729644705535080e-01 2.050745076946882545e-03
1.605351170568561914e-01 2.556634743689133460e-01 2.067256029528561408e-03
2.006688963210702392e-01 2.592988179191619280e-01 2.083900044811999239e-03
2.408026755852842871e-01 2.553001052700931695e-01 2.100678195157044525e-03
2.809364548494983627e-01 2.581406857130719712e-01 2.117591561565753365e-03
3.210702341137123828e-01 2.599720886088051075e-01 2.134641233752039916e-03
3.612040133779264028e-01 2.572755566216525236e-01 2.151828310211882384e-03
4.013377926421404784e-01 2.600788162872008091e-01 2.169153898294102784e-03
4.414715719063545540e-01 2.586690241307851856e-01 2.186619114271708738e-03
4.816053511705685741e-01 2.571800920060551277e-01 2.204225083413815112e-03
5.217391304347825942e-01 2.508446205027421994e-01 2.221972940058144618e-03
5.618729096989967253e-01 2.556185909422665214e-01 2.239863827684111710e-03
6.020066889632107454e-01 2.522596268488131455e-01 2.257898898986496292e-03
6.421404682274247655e-01 2.547625546766926208e-01 2.276079315949711135e-03
6.822742474916387856e-01 2.479553923237826363e-01 2.294406249922665599e-03
7.224080267558528057e-01 2.506583585057055585e-01 2.312880881694239117e-03
7.625418060200669368e-01 2.488224456069037249e-01 2.331504401569352725e-03
8.026755852842809569e-01 2.534213890901612642e-01 2.350278009445663785e-03
8.428093645484949770e-01 2.479235333073219472e-01 2.369202914890872636e-03
8.829431438127091081e-01 2.476416713961963889e-01 2.388280337220653315e-03
9.230769230769231282e-01 2.454141633844202086e-01 2.407511505577214841e-03
9.632107023411371483e-01 2.498004303304038887e-01 2.426897659008493083e-03
1.003344481605351168e+00 2.478656441071527550e-01 2.446440046547980560e-03
1.043478260869565188e+00 2.459332411268212726e-01 2.466139927295201567e-03
1.083612040133779209e+00 2.431741769459422609e-01 2.485998570496835650e-03
1.123745819397993451e+00 2.457650631732382907e-01 2.506017255628492039e-03
1.163879598662207471e+00 2.453427138318443890e-01 2.526197272477147173e-03
1.204013377926421491e+00 2.478260668863673521e-01 2.546539921224243597e-03
1.244147157190635511e+00 2.420314159510107699e-01 2.567046512529459323e-03
1.284280936454849531e+00 2.406841922271996670e-01 2.587718367615152865e-03
1.324414715719063551e+00 2.410607729559907098e-01 2.608556818351489594e-03
1.364548494983277571e+00 2.432052224724635947e-01 2.629563207342250266e-03
1.404682274247491591e+00 2.397394805935015027e-01 2.650738888011337346e-03
1.444816053511705611e+00 2.348792585714461201e-01 2.672085224689972182e-03
1.484949832775919853e+00 2.382113124448280994e-01 2.693603592704598652e-03
1.525083612040133874e+00 2.339228640702788187e-01 2.715295378465494135e-03
1.565217391304347894e+00 2.325495479084808137e-01 2.737161979556096067e-03
1.605351170568561914e+00 2.301981830712002131e-01 2.759204804823044491e-03
1.645484949832775934e+00 2.415119333553270853e-01 2.781425274466955803e-03
1.685618729096989954e+00 2.349719694201439502e-01 2.803824820133921612e-03
1.725752508361203974e+00 2.337031398743236732e-01 2.826404885007752221e-03
1.765886287625418216e+00 2.376829594675695934e-01 2.849166923902957376e-03
1.806020066889632236e+00 2.351910934827913524e-01 2.872112403358479012e-03
1.846153846153846256e+00 2.375231092796223076e-01 2.895242801732179905e-03
1.886287625418060276e+00 2.284755136637592887e-01 2.918559609296092570e-03
1.926421404682274297e+00 2.299762362357999079e-01 2.942064328332435336e-03
1.966555183946488317e+00 2.315653551862860426e-01 2.965758473230405146e-03
2.006688963210702337e+00 2.292900604329891900e-01 2.989643570583746645e-03
2.046822742474916357e+00 2.263306907325156880e-01 3.013721159289110135e-03
2.086956521739130377e+00 2.249102487213252566e-01 3.037992790645201429e-03
2.127090301003344397e+00 2.230837278894190756e-01 3.062460028452729244e-03
2.167224080267558417e+00 2.245017978466695985e-01 3.087124449115161845e-03
2.207357859531772437e+00 2.204876958113472230e-01 3.111987641740292503e-03
2.247491638795986901e+00 2.257445791173306460e-01 3.137051208242623308e-03
2.287625418060200921e+00 2.205860322131298346e-01 3.162316763446576442e-03
2.327759197324414941e+00 2.138939714062605413e-01 3.187785935190535526e-03
2.367892976588628962e+00 2.231324772716216653e-01 3.213460364431726130e-03
2.408026755852842982e+00 2.147269280476051256e-01 3.239341705351940666e-03
2.448160535117057002e+00 2.150867915698765620e-01 3.265431625464115459e-03
2.488294314381271022e+00 2.127580435496840006e-01 3.291731805719770414e-03
2.528428093645485042e+00 2.122055202270736185e-01 3.318243940617306934e-03
2.568561872909699062e+00 2.111501415921313018e-01 3.344969738311185346e-03
2.608695652173913082e+00 2.066020452808697561e-01 3.371910920721979659e-03
2.648829431438127102e+00 2.113850526994341394e-01 3.399069223647319636e-03
2.688963210702341122e+00 2.092126240632546930e-01 3.426446396873725816e-03
2.729096989966555142e+00 2.101433901691445449e-01 3.454044204289347022e-03
2.769230769230769162e+00 2.140509842435459609e-01 3.481864423997608170e-03
2.809364548494983183e+00 2.038271387754962971e-01 3.509908848431768369e-03
2.849498327759197203e+00 2.071646338501031415e-01 3.538179284470410139e-03
2.889632107023411223e+00 1.977707264300851697e-01 3.566677553553849762e-03
2.929765886287625687e+00 2.047069756401544705e-01 3.595405491801497832e-03
2.969899665551839707e+00 2.009568439764739811e-01 3.624364950130151784e-03
3.010033444816053727e+00 2.039797554622947151e-01 3.653557794373254661e-03
3.050167224080267747e+00 2.055729961699065966e-01 3.682985905401105816e-03
3.090301003344481767e+00 1.982967213962923414e-01 3.712651179242044790e-03
3.130434782608695787e+00 1.934321582739398915e-01 3.742555527204611838e-03
3.170568561872909807e+00 1.968748705153226530e-01 3.772700876000690314e-03
3.210702341137123828e+00 1.958491587552957380e-01 3.803089167869642614e-03
3.250836120401337848e+00 1.874316519989610852e-01 3.833722360703450526e-03
3.290969899665551868e+00 1.918994087151928429e-01 3.864602428172856513e-03
3.331103678929765888e+00 1.931578170236230851e-01 3.895731359854527186e-03
3.371237458193979908e+00 1.877114075352384059e-01 3.927111161359241563e-03
3.411371237458193928e+00 1.895332583378347424e-01 3.958743854461107582e-03
3.451505016722407948e+00 1.924420717743519360e-01 3.990631477227827260e-03
3.491638795986621968e+00 1.804645256310751789e-01 4.022776084152004418e-03
3.531772575250836432e+00 1.869570597857857508e-01 4.055179746283514922e-03
3.571906354515050452e+00 1.812174726429964522e-01 4.087844551362942482e-03
3.612040133779264472e+00 1.817338468295010001e-01 4.120772603956092579e-03
3.652173913043478493e+00 1.784923773907179378e-01 4.153966025589583659e-03
3.692307692307692513e+00 1.836577432915011687e-01 4.187426954887537266e-03
3.732441471571906533e+00 1.801446308166878008e-01 4.221157547709369733e-03
3.772575250836120553e+00 1.791838499992331746e-01 4.255159977288687154e-03
3.812709030100334573e+00 1.740141134204475082e-01 4.289436434373313130e-03
3.852842809364548593e+00 1.740018844310736723e-01 4.323989127366426738e-03
3.892976588628762613e+00 1.731433313684376252e-01 4.358820282468856694e-03
3.933110367892976633e+00 1.701173839334531590e-01 4.393932143822510891e-03
3.973244147157190653e+00 1.694958897744194282e-01 4.429326973654961266e-03
4.013377926421404673e+00 1.680953072269784632e-01 4.465007052425200469e-03
4.053511705685618693e+00 1.685744142801580414e-01 4.500974678970569472e-03
4.093645484949832714e+00 1.606995406713952468e-01 4.537232170654870861e-03
4.133779264214046734e+00 1.674510378509354580e-01 4.573781863517673886e-03
4.173913043478260754e+00 1.680600957280244112e-01 4.610626112424819067e-03
4.214046822742474774e+00 1.650673625425368718e-01 4.647767291220146653e-03
4.254180602006688794e+00 1.580952570294865411e-01 4.685207792878440247e-03
4.294314381270902814e+00 1.619043304578647591e-01 4.722950029659599494e-03
4.334448160535116834e+00 1.538791502639834385e-01 4.760996433264066095e-03
4.374581939799330854e+00 1.608848604529254933e-01 4.799349454989491025e-03
4.414715719063544874e+00 1.598005257717947936e-01 4.838011565888672427e-03
4.454849498327758894e+00 1.686359622364342614e-01 4.876985256928765937e-03
4.494983277591973803e+00 1.616111560497263677e-01 4.916273039151766548e-03
4.535117056856187823e+00 1.540258303091027736e-01 4.955877443836303672e-03
4.575250836120401843e+00 1.504613296959551316e-01 4.995801022660722492e-03
4.615384615384615863e+00 1.565217845895262860e-01 5.036046347867489774e-03
4.655518394648829883e+00 1.540699211980223193e-01 5.076616012428918079e-03
4.695652173913043903e+00 1.524188875230706730e-01 5.117512630214232638e-03
4.735785953177257923e+00 1.445075712697484471e-01 5.158738836157978312e-03
4.775919732441471943e+00 1.385909431106834289e-01 5.200297286429783963e-03
4.816053511705685963e+00 1.454977903651158977e-01 5.242190658605505073e-03
4.856187290969899983e+00 1.430566843302905622e-01 5.284421651839727244e-03
4.896321070234114003e+00 1.477531643633530900e-01 5.326992987039680036e-03
4.936454849498328024e+00 1.378221131829026058e-01 5.369907407040535978e-03
4.976588628762542044e+00 1.525703270022027436e-01 5.413167676782131184e-03
5.016722408026756064e+00 1.380912640167314132e-01 5.456776583487111046e-03
5.056856187290970084e+00 1.374496286399176925e-01 5.500736936840502737e-03
5.096989966555184104e+00 1.352946406942995283e-01 5.545051569170746618e-03
5.137123745819398124e+00 1.434928461575136205e-01 5.589723335632178734e-03
5.177257525083612144e+00 1.346829028537759043e-01 5.634755114388981766e-03
5.217391304347826164e+00 1.417154956115210251e-01 5.680149806800631300e-03
5.257525083612040184e+00 1.386065708093351945e-01 5.725910337608820094e-03
5.297658862876254204e+00 1.256004692786552301e-01 5.772039655125901954e-03
5.337792642140468224e+00 1.195836441699939523e-01 5.818540731424843952e-03
5.377926421404682245e+00 1.240065787017026744e-01 5.865416562530721689e-03
5.418060200668896265e+00 1.337332356592401683e-01 5.912670168613740236e-03
5.458193979933110285e+00 1.176212155040936153e-01 5.960304594183835417e-03
5.498327759197324305e+00 1.200136143159596935e-01 6.008322908286814652e-03
5.538461538461538325e+00 1.326102376969398033e-01 6.056728204702102429e-03
5.578595317725752345e+00 1.202959566630632804e-01 6.105523602142065229e-03
5.618729096989966365e+00 1.132844906132024765e-01 6.154712244452948018e-03
5.658862876254180385e+00 1.192414708718213256e-01 6.204297300817434441e-03
5.698996655518394405e+00 1.213352457074301644e-01 6.254281965958829841e-03
5.739130434782608425e+00 1.183003433498261009e-01 6.304669460346893142e-03
5.779264214046822445e+00 1.042334217567909838e-01 6.355463030405331462e-03
5.819397993311037354e+00 1.053973726146568979e-01 6.406665948720966994e-03
5.859531772575251374e+00 1.199131458510249298e-01 6.458281514254582238e-03
5.899665551839465394e+00 1.182642764569365318e-01 6.510313052553473936e-03
5.939799331103679414e+00 1.187518143166357010e-01 6.562763915965709634e-03
5.979933110367893434e+00 1.080829966279024390e-01 6.615637483856120701e-03
6.020066889632107454e+00 1.160208950299932429e-01 6.668937162824034419e-03
6.060200668896321474e+00 1.209406460651100967e-01 6.722666386922750321e-03
6.100334448160535494e+00 1.093184744066171971e-01 6.776828617880799842e-03
6.140468227424749514e+00 9.818429518025077740e-02 6.831427345324980575e-03
6.180602006688963534e+00 1.095869493331782379e-01 6.886466087005191188e-03
6.220735785953177555e+00 1.024451278586029218e-01 6.941948389021071301e-03
6.260869565217391575e+00 9.734228008390607978e-02 6.997877826050487131e-03
6.301003344481605595e+00 1.080732279517259975e-01 7.054258001579827297e-03
6.341137123745819615e+00 1.037396875662970896e-01 7.111092548136186894e-03
6.381270903010033635e+00 9.825387532798443568e-02 7.168385127521399898e-03
6.421404682274247655e+00 9.095888286123174349e-02 7.226139431047965897e-03
6.461538461538461675e+00 9.265728047559310121e-02 7.284359179776891957e-03
6.501672240802675695e+00 9.737171902727873030e-02 7.343048124757413191e-03
6.541806020066889715e+00 9.001517328435758303e-02 7.402210047268690044e-03
6.581939799331103735e+00 9.570955651625454030e-02 7.461848759063424187e-03
6.622073578595317755e+00 9.008120865126334476e-02 7.521968102613447657e-03
6.662207357859531776e+00 8.869227900723347657e-02 7.582571951357293047e-03
6.702341137123745796e+00 8.492860921117477424e-02 7.643664209949751695e-03
6.742474916387959816e+00 8.676520241758971241e-02 7.705248814513446752e-03
6.782608695652173836e+00 9.574888875137001210e-02 7.767329732892441080e-03
6.822742474916387856e+00 9.896182641029400984e-02 7.829910964907871307e-03
6.862876254180601876e+00 9.189565833126814298e-02 7.892996542615668756e-03
6.903010033444815896e+00 8.248248205207957262e-02 7.956590530566321276e-03
6.943143812709029916e+00 6.857808414614541270e-02 8.020697026066765309e-03
6.983277591973243936e+00 8.741493320499778286e-02 8.085320159444363969e-03
7.023411371237457956e+00 8.223057953555573674e-02 8.150464094313022295e-03
7.063545150501672865e+00 8.318403222547586517e-02 8.216133027841450095e-03
7.103678929765886885e+00 9.134648495320911443e-02 8.282331191023567171e-03
7.143812709030100905e+00 7.274309290449297583e-02 8.349062848951127255e-03
7.183946488294314925e+00 7.957850576169940571e-02 8.416332301088480863e-03
7.224080267558528945e+00 8.298127309823218056e-02 8.484143881549627980e-03
7.264214046822742965e+00 7.497820750854639060e-02 8.552501959377420068e-03
7.304347826086956985e+00 8.411269545265870340e-02 8.621410938825083137e-03
7.344481605351171005e+00 8.056302477636857751e-02 8.690875259639962991e-03
7.384615384615385025e+00 7.451032176437885624e-02 8.760899397349582868e-03
7.424749163879599045e+00 7.444854340923681701e-02 8.831487863549999581e-03
7.464882943143813065e+00 7.628842938777916083e-02 8.902645206196472052e-03
7.505016722408027086e+00 7.669040786492568873e-02 8.974376009896490800e-03
7.545150501672241106e+00 6.236412318307771319e-02 9.046684896205157977e-03
7.585284280936455126e+00 6.869830785876705759e-02 9.119576523922945724e-03
7.625418060200669146e+00 6.520312093642839646e-02 9.193055589395874444e-03
7.665551839464883166e+00 6.604385184756542126e-02 9.267126826818071136e-03
7.705685618729097186e+00 5.805032588586561682e-02 9.341795008536806638e-03
7.745819397993311206e+00 7.033488626151862544e-02 9.417064945359966688e-03
7.785953177257525226e+00 6.145878005203093963e-02 9.492941486866008846e-03
7.826086956521739246e+00 5.568256233246143133e-02 9.569429521716424358e-03
7.866220735785953266e+00 6.932418925247599284e-02 9.646533977970701487e-03
7.906354515050167286e+00 6.133788928153428854e-02 9.724259823403833686e-03
7.946488294314381307e+00 6.579823739130533089e-02 9.802612065826400364e-03
7.986622073578595327e+00 4.349281199346029941e-02 9.881595753407204641e-03
8.026755852842809347e+00 5.487430878244205917e-02 9.961215974998535727e-03
8.066889632107024255e+00 6.448635285476007895e-02 1.004147786046402993e-02
8.107023411371237387e+00 6.698601181975430419e-02 1.012238658100917191e-02
8.147157190635452295e+00 5.834949825634896253e-02 1.020394734951450208e-02
8.187290969899665427e+00 6.442830735326038338e-02 1.028616542087145043e-02
8.227424749163880335e+00 5.866537891211123790e-02 1.036904609232091982e-02
8.267558528428093467e+00 4.782030967198403620e-02 1.045259470379456858e-02
8.307692307692308376e+00 6.300388015049999957e-02 1.053681663825888071e-02
8.347826086956521507e+00 6.494630801507766948e-02 1.062171732206195277e-02
8.387959866220736416e+00 5.015707383952840159e-02 1.070730222528314818e-02
8.428093645484949548e+00 5.411108180165203480e-02 1.079357686208549244e-02
8.468227424749164456e+00 5.062157153802605142e-02 1.088054679107098265e-02
8.508361204013377588e+00 6.254288005278155205e-02 1.096821761563867952e-02
8.548494983277592496e+00 6.460493100520332821e-02 1.105659498434577274e-02
8.588628762541805628e+00 5.787354143386619354e-02 1.114568459127148782e-02
8.628762541806020536e+00 3.676659883905232518e-02 1.123549217638396443e-02
8.668896321070233668e+00 3.424731380744926168e-02 1.132602352591005265e-02
8.709030100334448576e+00 5.719016329244414054e-02 1.141728447270815364e-02
8.749163879598661708e+00 3.645940061933950621e-02 1.150928089664398669e-02
8.789297658862876617e+00 6.142116178409542937e-02 1.160201872496945466e-02
8.829431438127089748e+00 3.405640627787576147e-02 1.169550393270451030e-02
8.869565217391304657e+00 4.920704783010842326e-02 1.178974254302214177e-02
8.909698996655517789e+00 3.602428163114096415e-02 1.188474062763641287e-02
8.949832775919732697e+00 2.719615424084662753e-02 1.198050430719369182e-02
8.989966555183947605e+00 2.359395250300707139e-02 1.207703975166697294e-02
9.030100334448160737e+00 5.096221335951435505e-02 1.217435318075340937e-02
9.070234113712375645e+00 4.248019470243218770e-02 1.227245086427505849e-02
9.110367892976588777e+00 4.653056119610052971e-02 1.237133912258281052e-02
9.150501672240803686e+00 5.006068793084931384e-02 1.247102432696364088e-02
9.190635451505016817e+00 6.080488495683163130e-03 1.257151290005107010e-02
9.230769230769231726e+00 3.607749214319479897e-02 1.267281131623900631e-02
9.270903010033444858e+00 2.541139303938796251e-02 1.277492610209883875e-02
9.311036789297659766e+00 2.182219665485640725e-02 1.287786383679998675e-02
9.351170568561872898e+00 1.504832295885394355e-02 1.298163115253375514e-02
9.391304347826087806e+00 1.851606582006546514e-02 1.308623473494066949e-02
9.431438127090300938e+00 3.255444055485209182e-02 1.319168132354118714e-02
9.471571906354515846e+00 1.036142786089215562e-02 1.329797771216996959e-02
9.511705685618728978e+00 1.470358904438746200e-02 1.340513074941354806e-02
9.551839464882943886e+00 2.511399120964280529e-02 1.351314733905163018e-02
9.591973244147157018e+00 2.038037739699431750e-02 1.362203444050184842e-02
9.632107023411371927e+00 5.054720437117843357e-02 1.373179906926819994e-02
9.672240802675585059e+00 4.075783816720403296e-02 1.384244829739300110e-02
9.712374581939799967e+00 1.227708278474867049e-02 1.395398925391257844e-02
9.752508361204013099e+00 6.510501803981405544e-02 1.406642912531655583e-02
9.792642140468228007e+00 4.075510566762644699e-02 1.417977515601089034e-02
9.832775919732441139e+00 1.937893786394819656e-02 1.429403464878460303e-02
9.872909698996656047e+00 4.959583558568347178e-02 1.440921496528032968e-02
9.913043478260869179e+00 3.148554249767641922e-02 1.452532352646856637e-02
9.953177257525084087e+00 -1.087580924475076150e-02 1.464236781312586687e-02
9.993311036789297219e+00 1.658414044294752657e-02 1.476035536631676096e-02
1.003344481605351213e+01 2.351868390430316910e-02 1.487929378787965912e-02
1.007357859531772526e+01 -1.185559664835925120e-03 1.499919074091660663e-02
1.011371237458194017e+01 4.737193690218496900e-02 1.512005395028703965e-02
1.015384615384615330e+01 5.456574882583910963e-03 1.524189120310544612e-02
1.019397993311036821e+01 3.573100040965400404e-03 1.536471034924314326e-02
1.023411371237458134e+01 3.436020873422827165e-02 1.548851930183397368e-02
1.027424749163879625e+01 3.185226557992650726e-02 1.561332603778420140e-02
1.031438127090301116e+01 1.187242920719845836e-02 1.573913859828641668e-02
1.035451505016722429e+01 1.013168991992234071e-02 1.586596508933761987e-02
1.039464882943143920e+01 -1.421800988976675700e-03 1.599381368226153455e-02
1.043478260869565233e+01 8.949629021186664146e-03 1.612269261423502145e-02
1.047491638795986724e+01 2.518377970029657756e-02 1.625261018881883276e-02
1.051505016722408037e+01 2.959050666866901852e-02 1.638357477649255919e-02
1.055518394648829528e+01 8.332385306360863206e-03 1.651559481519399367e-02
1.059531772575250841e+01 2.479397619998136709e-02 1.664867881086271734e-02
1.063545150501672332e+01 1.740475065345654590e-02 1.678283533798818894e-02
1.067558528428093645e+01 2.352724047507957078e-02 1.691807304016213279e-02
1.071571906354515136e+01 3.914241063302818791e-02 1.705440063063549949e-02
1.075585284280936449e+01 2.946504381676731676e-02 1.719182689287978780e-02
1.079598662207357940e+01 3.758817819721794323e-02 1.733036068115302933e-02
1.083612040133779253e+01 7.392385166788480177e-03 1.747001092107018996e-02
1.087625418060200744e+01 7.406079685150526032e-03 1.761078661017830352e-02
1.091638795986622057e+01 -1.495674230705212708e-02 1.775269681853609838e-02
1.095652173913043548e+01 2.244923622086750226e-02 1.789575068929847440e-02
1.099665551839464861e+01 -2.344062841859920199e-02 1.803995743930549012e-02
1.103678929765886352e+01 3.623316194888756558e-02 1.818532635967626959e-02
1.107692307692307665e+01 1.923427219754566750e-02 1.833186681640757223e-02
1.111705685618729156e+01 -1.285690227286525114e-02 1.847958825097726840e-02
1.115719063545150469e+01 3.422337554641777940e-03 1.862850018095262364e-02
1.119732441471571960e+01 -1.322273717922404709e-02 1.877861220060352346e-02
1.123745819397993273e+01 5.128445824092477991e-03 1.892993398152061427e-02
1.127759197324414764e+01 3.767234835138371513e-02 1.908247527323845422e-02
1.131772575250836077e+01 2.738572690793596512e-02 1.923624590386361841e-02
1.135785953177257568e+01 2.968991590249027424e-02 1.939125578070799438e-02
1.139799331103678881e+01 -1.542603239904922693e-02 1.954751489092700426e-02
1.143812709030100372e+01 -1.879259325854157336e-02 1.970503330216317669e-02
1.147826086956521685e+01 3.340482597650848429e-02 1.986382116319469412e-02
1.151839464882943176e+01 1.003423459122426524e-02 2.002388870458935224e-02
1.155852842809364489e+01 2.684128454138318826e-02 2.018524623936364740e-02
1.159866220735785980e+01 8.817833647008414474e-03 2.034790416364726934e-02
1.163879598662207471e+01 -3.568386184093106858e-03 2.051187295735291960e-02
1.167892976588628784e+01 1.105199219170366863e-02 2.067716318485147628e-02
1.171906354515050275e+01 -2.103308685353893343e-02 2.084378549565272035e-02
1.175919732441471588e+01 2.213897926970186114e-02 2.101175062509139796e-02
1.179933110367893079e+01 -2.446399978198389447e-02 2.118106939501895880e-02
1.183946488294314392e+01 7.434579860074678331e-03 2.135175271450073103e-02
1.187959866220735883e+01 -1.749223545076063549e-03 2.152381158051885554e-02
1.191973244147157196e+01 2.655487508527010210e-02 2.169725707868074352e-02
1.195986622073578687e+01 -3.817377220316196806e-02 2.187210038393336275e-02
1.200000000000000000e+01 -4.173875007553154437e-02 2.204835276128321031e-02
