0.000000000000000000e+00 2.570359896257780608e-01 2.001999999999999873e-03
4.013377926421404784e-02 2.584241105321285481e-01 2.018118113246460121e-03
8.026755852842809569e-02 2.607284762973475778e-01 2.034366123280232936e-03
1.204013377926421435e-01 2.604852227760503514e-01 2.050745076946882545e-03
1.605351170568561914e-01 2.577259019915364990e-01 2.067256029528561408e-03
2.006688963210702392e-01 2.558300011650038730e-01 2.083900044811999239e-03
2.408026755852842871e-01 2.585828301969690934e-01 2.100678195157044525e-03
2.809364548494983627e-01 2.541126780492282133e-01 2.117591561565753365e-03
3.210702341137123828e-01 2.594259914761840036e-01 2.134641233752039916e-03
3.612040133779264028e-01 2.564492236925281499e-01 2.151828310211882384e-03
4.013377926421404784e-01 2.571749181810226714e-01 2.169153898294102784e-03
4.414715719063545540e-01 2.564268004819554303e-01 2.186619114271708738e-03
4.816053511705685741e-01 2.581465908410975896e-01 2.204225083413815112e-03
5.217391304347825942e-01 2.532323889446840837e-01 2.221972940058144618e-03
5.618729096989967253e-01 2.600972982578106940e-01 2.239863827684111710e-03
6.020066889632107454e-01 2.536221472812749123e-01 2.257898898986496292e-03
6.421404682274247655e-01 2.527862720067549085e-01 2.276079315949711135e-03
6.822742474916387856e-01 2.576773687171386995e-01 2.294406249922665599e-03
7.224080267558528057e-01 2.569850283246546963e-01 2.312880881694239117e-03
7.625418060200669368e-01 2.506092151959508074e-01 2.331504401569352725e-03
8.026755852842809569e-01 2.523635349522079241e-01 2.350278009445663785e-03
8.428093645484949770e-01 2.528909864622450598e-01 2.369202914890872636e-03
8.829431438127091081e-01 2.552464254375113595e-01 2.388280337220653315e-03
9.230769230769231282e-01 2.523818546516529149e-01 2.407511505577214841e-03
9.632107023411371483e-01 2.444090470990412656e-01 2.426897659008493083e-03
1.003344481605351168e+00 2.462369448692467711e-01 2.446440046547980560e-03
1.043478260869565188e+00 2.472237925810560066e-01 2.466139927295201567e-03
1.083612040133779209e+00 2.467270641668260767e-01 2.485998570496835650e-03
1.123745819397993451e+00 2.459123584938442408e-01 2.506017255628492039e-03
1.163879598662207471e+00 2.475710102446113947e-01 2.526197272477147173e-03
1.204013377926421491e+00 2.447983192605533154e-01 2.546539921224243597e-03
1.244147157190635511e+00 2.398166072442274588e-01 2.567046512529459323e-03
1.284280936454849531e+00 2.466261419373849129e-01 2.587718367615152865e-03
1.324414715719063551e+00 2.451963029908303671e-01 2.608556818351489594e-03
1.364548494983277571e+00 2.440029782982306716e-01 2.629563207342250266e-03
1.404682274247491591e+00 2.418333320944695553e-01 2.650738888011337346e-03
1.444816053511705611e+00 2.407282250981389593e-01 2.672085224689972182e-03
1.484949832775919853e+00 2.410471839683152873e-01 2.693603592704598652e-03
1.525083612040133874e+00 2.361647121316176323e-01 2.715295378465494135e-03
1.565217391304347894e+00 2.404851902330207569e-01 2.737161979556096067e-03
1.605351170568561914e+00 2.397396499948949711e-01 2.759204804823044491e-03
1.645484949832775934e+00 2.421798773015843842e-01 2.781425274466955803e-03
1.685618729096989954e+00 2.379374558213698254e-01 2.803824820133921612e-03
1.725752508361203974e+00 2.338894126094288872e-01 2.826404885007752221e-03
1.765886287625418216e+00 2.342010985879708351e-01 2.849166923902957376e-03
1.806020066889632236e+00 2.320149749058574851e-01 2.872112403358479012e-03
1.846153846153846256e+00 2.282129040053338109e-01 2.895242801732179905e-03
1.886287625418060276e+00 2.332687058938301972e-01 2.918559609296092570e-03
1.926421404682274297e+00 2.294281103095832663e-01 2.942064328332435336e-03
1.966555183946488317e+00 2.253047118830557027e-01 2.965758473230405146e-03
2.006688963210702337e+00 2.267855723127127909e-01 2.989643570583746645e-03
2.046822742474916357e+00 2.286520539759994697e-01 3.013721159289110135e-03
2.086956521739130377e+00 2.296025334327357059e-01 3.037992790645201429e-03
2.127090301003344397e+00 2.281972006937089126e-01 3.062460028452729244e-03
2.167224080267558417e+00 2.280384263531589073e-01 3.087124449115161845e-03
2.207357859531772437e+00 2.210595069290506309e-01 3.111987641740292503e-03
2.247491638795986901e+00 2.210313698787849945e-01 3.137051208242623308e-03
2.287625418060200921e+00 2.226000553827088002e-01 3.162316763446576442e-03
2.327759197324414941e+00 2.218018754002332449e-01 3.187785935190535526e-03
2.367892976588628962e+00 2.211592110853952131e-01 3.213460364431726130e-03
2.408026755852842982e+00 2.222339615029876314e-01 3.239341705351940666e-03
2.448160535117057002e+00 2.217850394920347912e-01 3.265431625464115459e-03
2.488294314381271022e+00 2.180404198122141424e-01 3.291731805719770414e-03
2.528428093645485042e+00 2.154196324012503105e-01 3.318243940617306934e-03
2.568561872909699062e+00 2.118024745909979356e-01 3.344969738311185346e-03
2.608695652173913082e+00 2.125482463816256717e-01 3.371910920721979659e-03
2.648829431438127102e+00 2.137395930012730427e-01 3.399069223647319636e-03
2.688963210702341122e+00 2.127241347934332172e-01 3.426446396873725816e-03
2.729096989966555142e+00 2.085437968316989632e-01 3.454044204289347022e-03
2.769230769230769162e+00 2.032560509082975420e-01 3.481864423997608170e-03
2.809364548494983183e+00 2.140482967669398717e-01 3.509908848431768369e-03
2.849498327759197203e+00 2.060140055892681898e-01 3.538179284470410139e-03
2.889632107023411223e+00 2.073400817011816777e-01 3.566677553553849762e-03
2.929765886287625687e+00 2.153092677546809275e-01 3.595405491801497832e-03
2.969899665551839707e+00 2.081336992833467681e-01 3.624364950130151784e-03
3.010033444816053727e+00 2.015105799574132550e-01 3.653557794373254661e-03
3.050167224080267747e+00 2.121230526340851796e-01 3.682985905401105816e-03
3.090301003344481767e+00 2.007874336469247234e-01 3.712651179242044790e-03
3.130434782608695787e+00 1.996843017614739202e-01 3.742555527204611838e-03
3.170568561872909807e+00 2.000914673583806258e-01 3.772700876000690314e-03
3.210702341137123828e+00 1.958962651032037650e-01 3.803089167869642614e-03
3.250836120401337848e+00 1.965815320704862312e-01 3.833722360703450526e-03
3.290969899665551868e+00 1.909688360885463676e-01 3.864602428172856513e-03
3.331103678929765888e+00 1.994961499670591387e-01 3.895731359854527186e-03
3.371237458193979908e+00 1.893514916926020697e-01 3.927111161359241563e-03
3.411371237458193928e+00 1.900956236070945604e-01 3.958743854461107582e-03
3.451505016722407948e+00 1.873671321640449638e-01 3.990631477227827260e-03
3.491638795986621968e+00 1.906291407057866261e-01 4.022776084152004418e-03
3.531772575250836432e+00 1.835668522603530473e-01 4.055179746283514922e-03
3.571906354515050452e+00 1.839497524199366629e-01 4.087844551362942482e-03
3.612040133779264472e+00 1.804232250035520957e-01 4.120772603956092579e-03
3.652173913043478493e+00 1.852266226287855588e-01 4.153966025589583659e-03
3.692307692307692513e+00 1.802564046595919178e-01 4.187426954887537266e-03
3.732441471571906533e+00 1.910606901495080778e-01 4.221157547709369733e-03
3.772575250836120553e+00 1.767902072236172406e-01 4.255159977288687154e-03
3.812709030100334573e+00 1.859041652092494334e-01 4.289436434373313130e-03
3.852842809364548593e+00 1.728026325417418296e-01 4.323989127366426738e-03
3.892976588628762613e+00 1.767795072836885750e-01 4.358820282468856694e-03
3.933110367892976633e+00 1.776833695555358195e-01 4.393932143822510891e-03
3.973244147157190653e+00 1.676699411059044964e-01 4.429326973654961266e-03
4.013377926421404673e+00 1.690829418760089464e-01 4.465007052425200469e-03
4.053511705685618693e+00 1.691606335411114936e-01 4.500974678970569472e-03
4.093645484949832714e+00 1.760538166119738068e-01 4.537232170654870861e-03
4.133779264214046734e+00 1.656507796745423644e-01 4.573781863517673886e-03
4.173913043478260754e+00 1.774777367779619697e-01 4.610626112424819067e-03
4.214046822742474774e+00 1.728703971433847575e-01 4.647767291220146653e-03
4.254180602006688794e+00 1.764827818680602678e-01 4.685207792878440247e-03
4.294314381270902814e+00 1.713345662271038850e-01 4.722950029659599494e-03
4.334448160535116834e+00 1.696396219389317839e-01 4.760996433264066095e-03
4.374581939799330854e+00 1.599270464108465128e-01 4.799349454989491025e-03
4.414715719063544874e+00 1.661035282804931568e-01 4.838011565888672427e-03
4.454849498327758894e+00 1.644159677932216790e-01 4.876985256928765937e-03
4.494983277591973803e+00 1.620796426602491846e-01 4.916273039151766548e-03
4.535117056856187823e+00 1.532198212707104323e-01 4.955877443836303672e-03
4.575250836120401843e+00 1.591298454049073219e-01 4.995801022660722492e-03
4.615384615384615863e+00 1.529923658990603730e-01 5.036046347867489774e-03
4.655518394648829883e+00 1.423270396014935102e-01 5.076616012428918079e-03
4.695652173913043903e+00 1.585643275714873623e-01 5.117512630214232638e-03
4.735785953177257923e+00 1.414034278380249532e-01 5.158738836157978312e-03
4.775919732441471943e+00 1.554972192856869384e-01 5.200297286429783963e-03
4.816053511705685963e+00 1.535140031776498215e-01 5.242190658605505073e-03
4.856187290969899983e+00 1.494909878857092755e-01 5.284421651839727244e-03
4.896321070234114003e+00 1.492532611365179340e-01 5.326992987039680036e-03
4.936454849498328024e+00 1.470476001539966771e-01 5.369907407040535978e-03
4.976588628762542044e+00 1.495701507443031875e-01 5.413167676782131184e-03
5.016722408026756064e+00 1.560902586355915611e-01 5.456776583487111046e-03
5.056856187290970084e+00 1.431961754746411131e-01 5.500736936840502737e-03
5.096989966555184104e+00 1.375647653182089647e-01 5.545051569170746618e-03
5.137123745819398124e+00 1.380518327384912536e-01 5.589723335632178734e-03
5.177257525083612144e+00 1.439944956922614150e-01 5.634755114388981766e-03
5.217391304347826164e+00 1.434031086878636285e-01 5.680149806800631300e-03
5.257525083612040184e+00 1.308591001099980999e-01 5.725910337608820094e-03
5.297658862876254204e+00 1.377414201251812020e-01 5.772039655125901954e-03
5.337792642140468224e+00 1.221887875042354937e-01 5.818540731424843952e-03
5.377926421404682245e+00 1.379327384848548499e-01 5.865416562530721689e-03
5.418060200668896265e+00 1.197372576757895490e-01 5.912670168613740236e-03
5.458193979933110285e+00 1.286983030677954498e-01 5.960304594183835417e-03
5.498327759197324305e+00 1.327302254041771434e-01 6.008322908286814652e-03
5.538461538461538325e+00 1.242110953142645385e-01 6.056728204702102429e-03
5.578595317725752345e+00 1.240764669380657464e-01 6.105523602142065229e-03
5.618729096989966365e+00 1.143368976582925522e-01 6.154712244452948018e-03
5.658862876254180385e+00 1.130619730888036689e-01 6.204297300817434441e-03
5.698996655518394405e+00 1.097919645611743489e-01 6.254281965958829841e-03
5.739130434782608425e+00 1.174988416773804778e-01 6.304669460346893142e-03
5.779264214046822445e+00 1.117493020815533561e-01 6.355463030405331462e-03
5.819397993311037354e+00 1.238290266651098925e-01 6.406665948720966994e-03
5.859531772575251374e+00 1.135408006259927827e-01 6.458281514254582238e-03
5.899665551839465394e+00 1.113653082303300429e-01 6.510313052553473936e-03
5.939799331103679414e+00 1.191410172742606022e-01 6.562763915965709634e-03
5.979933110367893434e+00 1.209890753534071106e-01 6.615637483856120701e-03
6.020066889632107454e+00 1.072828047585118044e-01 6.668937162824034419e-03
6.060200668896321474e+00 1.206777459091097071e-01 6.722666386922750321e-03
6.100334448160535494e+00 1.099278172097491457e-01 6.776828617880799842e-03
6.140468227424749514e+00 1.116886047376140639e-01 6.831427345324980575e-03
6.180602006688963534e+00 1.144199265196187837e-01 6.886466087005191188e-03
6.220735785953177555e+00 1.120108356055194293e-01 6.941948389021071301e-03
6.260869565217391575e+00 1.030434422483745144e-01 6.997877826050487131e-03
6.301003344481605595e+00 1.023662777439873911e-01 7.054258001579827297e-03
6.341137123745819615e+00 1.045070942291139032e-01 7.111092548136186894e-03
6.381270903010033635e+00 1.129996709829440699e-01 7.168385127521399898e-03
6.421404682274247655e+00 8.372204886250267375e-02 7.226139431047965897e-03
6.461538461538461675e+00 8.564936352066225556e-02 7.284359179776891957e-03
6.501672240802675695e+00 1.005434459083198034e-01 7.343048124757413191e-03
6.541806020066889715e+00 9.566789675104213353e-02 7.402210047268690044e-03
6.581939799331103735e+00 9.346325253646020625e-02 7.461848759063424187e-03
6.622073578595317755e+00 1.112564811196354309e-01 7.521968102613447657e-03
6.662207357859531776e+00 1.126378549158734699e-01 7.582571951357293047e-03
6.702341137123745796e+00 1.011981015139597762e-01 7.643664209949751695e-03
6.742474916387959816e+00 8.038073754893326761e-02 7.705248814513446752e-03
6.782608695652173836e+00 8.821967993005584707e-02 7.767329732892441080e-03
6.822742474916387856e+00 9.246965014760442914e-02 7.829910964907871307e-03
6.862876254180601876e+00 9.680072803332125109e-02 7.892996542615668756e-03
6.903010033444815896e+00 9.936300382070531456e-02 7.956590530566321276e-03
6.943143812709029916e+00 9.108128364637416152e-02 8.020697026066765309e-03
6.983277591973243936e+00 9.235392077477036499e-02 8.085320159444363969e-03
7.023411371237457956e+00 8.680860916681615302e-02 8.150464094313022295e-03
7.063545150501672865e+00 8.723994998143717872e-02 8.216133027841450095e-03
7.103678929765886885e+00 8.112656345844834749e-02 8.282331191023567171e-03
7.143812709030100905e+00 8.588956720622403784e-02 8.349062848951127255e-03
7.183946488294314925e+00 8.087119545099394347e-02 8.416332301088480863e-03
7.224080267558528945e+00 8.451738566295090294e-02 8.484143881549627980e-03
7.264214046822742965e+00 7.547291374167242051e-02 8.552501959377420068e-03
7.304347826086956985e+00 9.210958295728546852e-02 8.621410938825083137e-03
7.344481605351171005e+00 7.751104294698585306e-02 8.690875259639962991e-03
7.384615384615385025e+00 8.573115878455506156e-02 8.760899397349582868e-03
7.424749163879599045e+00 6.167498143512032543e-02 8.831487863549999581e-03
7.464882943143813065e+00 8.055388411532418691e-02 8.902645206196472052e-03
7.505016722408027086e+00 6.945366813775176451e-02 8.974376009896490800e-03
7.545150501672241106e+00 8.623916715880033945e-02 9.046684896205157977e-03
7.585284280936455126e+00 6.477764676912890762e-02 9.119576523922945724e-03
7.625418060200669146e+00 7.929904379338156839e-02 9.193055589395874444e-03
7.665551839464883166e+00 5.972114698406316008e-02 9.267126826818071136e-03
7.705685618729097186e+00 7.209026378185207085e-02 9.341795008536806638e-03
7.745819397993311206e+00 6.327756563134329104e-02 9.417064945359966688e-03
7.785953177257525226e+00 6.520785834937678493e-02 9.492941486866008846e-03
7.826086956521739246e+00 6.339438394855745340e-02 9.569429521716424358e-03
7.866220735785953266e+00 5.696485339540631465e-02 9.646533977970701487e-03
7.906354515050167286e+00 8.035154516943830705e-02 9.724259823403833686e-03
7.946488294314381307e+00 6.836463191790324856e-02 9.802612065826400364e-03
7.986622073578595327e+00 4.975304588959611474e-02 9.881595753407204641e-03
8.026755852842809347e+00 6.089946080296949199e-02 9.961215974998535727e-03
8.066889632107024255e+00 4.775424574164629371e-02 1.004147786046402993e-02
8.107023411371237387e+00 6.601984255813460323e-02 1.012238658100917191e-02
8.147157190635452295e+00 3.466628625054968271e-02 1.020394734951450208e-02
8.187290969899665427e+00 6.072292423587605237e-02 1.028616542087145043e-02
8.227424749163880335e+00 6.474192054274367780e-02 1.036904609232091982e-02
8.267558528428093467e+00 5.631331365144062046e-02 1.045259470379456858e-02
8.307692307692308376e+00 7.322137455401744877e-02 1.053681663825888071e-02
8.347826086956521507e+00 5.602650379030853223e-02 1.062171732206195277e-02
8.387959866220736416e+00 5.126851706901167788e-02 1.070730222528314818e-02
8.428093645484949548e+00 4.874695802801692901e-02 1.079357686208549244e-02
8.468227424749164456e+00 4.733504887600922112e-02 1.088054679107098265e-02
8.508361204013377588e+00 5.117757295442075527e-02 1.096821761563867952e-02
8.548494983277592496e+00 5.466743008719001512e-02 1.105659498434577274e-02
8.588628762541805628e+00 5.236323506969293301e-02 1.114568459127148782e-02
8.628762541806020536e+00 5.888840332012466872e-02 1.123549217638396443e-02
8.668896321070233668e+00 4.526852497394664304e-02 1.132602352591005265e-02
8.709030100334448576e+00 6.017740889867403964e-02 1.141728447270815364e-02
8.749163879598661708e+00 6.493492122468144667e-02 1.150928089664398669e-02
8.789297658862876617e+00 3.997714766517432294e-02 1.160201872496945466e-02
8.829431438127089748e+00 3.469376621272615008e-02 1.169550393270451030e-02
8.869565217391304657e+00 4.908168111482375667e-02 1.178974254302214177e-02
8.909698996655517789e+00 3.440510858237495057e-02 1.188474062763641287e-02
8.949832775919732697e+00 5.155107201159302155e-02 1.198050430719369182e-02
8.989966555183947605e+00 5.127108669919923367e-02 1.207703975166697294e-02
9.030100334448160737e+00 6.796306760605427821e-02 1.217435318075340937e-02
9.070234113712375645e+00 3.829768109198056908e-02 1.227245086427505849e-02
9.110367892976588777e+00 3.504089106531037279e-02 1.237133912258281052e-02
9.150501672240803686e+00 5.527292940895021933e-02 1.247102432696364088e-02
9.190635451505016817e+00 3.690119749530094972e-02 1.257151290005107010e-02
9.230769230769231726e+00 2.970619038547264723e-02 1.267281131623900631e-02
9.270903010033444858e+00 2.677880894820440505e-02 1.277492610209883875e-02
9.311036789297659766e+00 1.140796125305785017e-02 1.287786383679998675e-02
9.351170568561872898e+00 3.662900002619585288e-02 1.298163115253375514e-02
9.391304347826087806e+00 2.367984842015154884e-02 1.308623473494066949e-02
9.431438127090300938e+00 2.316808184750984365e-02 1.319168132354118714e-02
9.471571906354515846e+00 5.329718197811629532e-02 1.329797771216996959e-02
9.511705685618728978e+00 4.804342951370028231e-02 1.340513074941354806e-02
9.551839464882943886e+00 2.300483759767689429e-02 1.351314733905163018e-02
9.591973244147157018e+00 2.499049799721923815e-02 1.362203444050184842e-02
9.632107023411371927e+00 2.279135484902863884e-02 1.373179906926819994e-02
9.672240802675585059e+00 5.684568150021482302e-02 1.384244829739300110e-02
9.712374581939799967e+00 4.647511422470637643e-02 1.395398925391257844e-02
9.752508361204013099e+00 3.024309204842516585e-02 1.406642912531655583e-02
9.792642140468228007e+00 1.265204326438660112e-02 1.417977515601089034e-02
9.832775919732441139e+00 -8.135507876522108522e-03 1.429403464878460303e-02
9.872909698996656047e+00 4.411063734833079591e-03 1.440921496528032968e-02
9.913043478260869179e+00 4.935944986060424033e-02 1.452532352646856637e-02
9.953177257525084087e+00 9.495749310253501219e-03 1.464236781312586687e-02
9.993311036789297219e+00 5.475758473036541896e-02 1.476035536631676096e-02
1.003344481605351213e+01 3.512598283599159543e-02 1.487929378787965912e-02
1.007357859531772526e+01 4.544727550437827751e-02 1.499919074091660663e-02
1.011371237458194017e+01 3.781083133756285575e-02 1.512005395028703965e-02
1.015384615384615330e+01 3.309700087443186167e-02 1.524189120310544612e-02
1.019397993311036821e+01 4.620943678524754017e-02 1.536471034924314326e-02
1.023411371237458134e+01 3.234082419381960338e-02 1.548851930183397368e-02
1.027424749163879625e+01 -1.680107475075399287e-03 1.561332603778420140e-02
1.031438127090301116e+01 2.186659437789640129e-02 1.573913859828641668e-02
1.035451505016722429e+01 2.925180485371374484e-02 1.586596508933761987e-02
1.039464882943143920e+01 2.467197657226244054e-02 1.599381368226153455e-02
1.043478260869565233e+01 1.806472170694268034e-02 1.612269261423502145e-02
1.047491638795986724e+01 3.828689466734240543e-02 1.625261018881883276e-02
1.051505016722408037e+01 2.788548501589396128e-02 1.638357477649255919e-02
1.055518394648829528e+01 2.156119141774225090e-02 1.651559481519399367e-02
1.059531772575250841e+01 2.807661660863648712e-02 1.664867881086271734e-02
1.063545150501672332e+01 -1.330659411761836788e-02 1.678283533798818894e-02
1.067558528428093645e+01 -3.066616706233812190e-03 1.691807304016213279e-02
1.071571906354515136e+01 1.963700536565372856e-02 1.705440063063549949e-02
1.075585284280936449e+01 -1.881582447592053398e-03 1.719182689287978780e-02
1.079598662207357940e+01 1.477240259441160025e-02 1.733036068115302933e-02
1.083612040133779253e+01 1.168632492010996185e-02 1.747001092107018996e-02
1.087625418060200744e+01 5.185934488311409740e-02 1.761078661017830352e-02
1.091638795986622057e+01 2.447155420141360407e-02 1.775269681853609838e-02
1.095652173913043548e+01 1.206655226106229106e-02 1.789575068929847440e-02
1.099665551839464861e+01 1.351815520699848651e-02 1.803995743930549012e-02
1.103678929765886352e+01 2.771068252359808887e-02 1.818532635967626959e-02
1.107692307692307665e+01 2.970677635391327787e-04 1.833186681640757223e-02
1.111705685618729156e+01 3.414019896881336641e-02 1.847958825097726840e-02
1.115719063545150469e+01 1.676978314052396737e-02 1.862850018095262364e-02
1.119732441471571960e+01 1.832707320562580733e-02 1.877861220060352346e-02
1.123745819397993273e+01 8.631416045302431339e-04 1.892993398152061427e-02
1.127759197324414764e+01 4.719723038419983141e-02 1.908247527323845422e-02
1.131772575250836077e+01 -1.787252298851994825e-02 1.923624590386361841e-02
1.135785953177257568e+01 -1.169028779139250247e-02 1.939125578070799438e-02
1.139799331103678881e+01 2.322396717951145939e-02 1.954751489092700426e-02
1.143812709030100372e+01 1.838955508383841031e-02 1.970503330216317669e-02
1.147826086956521685e+01 -9.326915180538311589e-03 1.986382116319469412e-02
1.151839464882943176e+01 -1.185243788872594739e-02 2.002388870458935224e-02
1.155852842809364489e+01 -3.018103729712642153e-03 2.018524623936364740e-02
1.159866220735785980e+01 7.684642910568504487e-04 2.034790416364726934e-02
1.163879598662207471e+01 -2.628741772489776377e-02 2.051187295735291960e-02
1.167892976588628784e+01 3.054622183287331733e-02 2.067716318485147628e-02
1.171906354515050275e+01 -4.839065428201250185e-02 2.084378549565272035e-02
1.175919732441471588e+01 2.524222867381464147e-02 2.101175062509139796e-02
1.179933110367893079e+01 -2.324091672447360299e-03 2.118106939501895880e-02
1.183946488294314392e+01 2.974644325997262417e-02 2.135175271450073103e-02
1.187959866220735883e+01 -5.029944644334172557e-03 2.152381158051885554e-02
1.191973244147157196e+01 1.992045441804758676e-02 2.169725707868074352e-02
1.195986622073578687e+01 -3.043366847969870143e-02 2.187210038393336275e-02
1.200000000000000000e+01 2.456540982947201870e-02 2.204835276128321031e-02
