0.000000000000000000e+00 2.589342898916909275e-01 4.040000000000000188e-03
4.013377926421404784e-02 2.587532279646800881e-01 4.072236226492920684e-03
8.026755852842809569e-02 2.534921248463172239e-01 4.104732246560466313e-03
1.204013377926421435e-01 2.659235117883694821e-01 4.137490153893765531e-03
1.605351170568561914e-01 2.685116063820628951e-01 4.170512059057123258e-03
2.006688963210702392e-01 2.654111354001205125e-01 4.203800089623998919e-03
2.408026755852842871e-01 2.603623371133421682e-01 4.237356390314089491e-03
2.809364548494983627e-01 2.619486348925798014e-01 4.271183123131507171e-03
3.210702341137123828e-01 2.629673831615322310e-01 4.305282467504080272e-03
3.612040133779264028e-01 2.511872118402470044e-01 4.339656620423765210e-03
4.013377926421404784e-01 2.570766116469366258e-01 4.374307796588206010e-03
4.414715719063545540e-01 2.564296455060601776e-01 4.409238228543417917e-03
4.816053511705685741e-01 2.531007669557602258e-01 4.444450166827630666e-03
5.217391304347825942e-01 2.490728363757107322e-01 4.479945880116289678e-03
5.618729096989967253e-01 2.526123986339960381e-01 4.515727655368223861e-03
6.020066889632107454e-01 2.477484732652057708e-01 4.551797797972993026e-03
6.421404682274247655e-01 2.476602393064722685e-01 4.588158631899422711e-03
6.822742474916387856e-01 2.411326747377500190e-01 4.624812499845331638e-03
7.224080267558528057e-01 2.455904206714095706e-01 4.661761763388478676e-03
7.625418060200669368e-01 2.488724760143647130e-01 4.699008803138705892e-03
8.026755852842809569e-01 2.535873985518044549e-01 4.736556018891328011e-03
8.428093645484949770e-01 2.417520447292093588e-01 4.774405829781745714e-03
8.829431438127091081e-01 2.463606986242360131e-01 4.812560674441307071e-03
9.230769230769231282e-01 2.495022042922124261e-01 4.851023011154430124e-03
9.632107023411371483e-01 2.448871383084203213e-01 4.889795318016986608e-03
1.003344481605351168e+00 2.389207648434761855e-01 4.928880093095961562e-03
1.043478260869565188e+00 2.508896908230576761e-01 4.968279854590403576e-03
1.083612040133779209e+00 2.494824853950125820e-01 5.007997140993671742e-03
1.123745819397993451e+00 2.355023471496711096e-01 5.048034511256984519e-03
1.163879598662207471e+00 2.494967696923762190e-01 5.088394544954294788e-03
1.204013377926421491e+00 2.294155771684255607e-01 5.129079842448487636e-03
1.244147157190635511e+00 2.448030085825377566e-01 5.170093025058919087e-03
1.284280936454849531e+00 2.348503540022672254e-01 5.211436735230306171e-03
1.324414715719063551e+00 2.366751974809468417e-01 5.253113636702979629e-03
1.364548494983277571e+00 2.333545790337652193e-01 5.295126414684500973e-03
1.404682274247491591e+00 2.315637276400412947e-01 5.337477776022675133e-03
1.444816053511705611e+00 2.389891760235197393e-01 5.380170449379944805e-03
1.484949832775919853e+00 2.338700617903622936e-01 5.423207185409197745e-03
1.525083612040133874e+00 2.333097729079163241e-01 5.466590756930989579e-03
1.565217391304347894e+00 2.335050952876943364e-01 5.510323959112192575e-03
1.605351170568561914e+00 2.222268723417066827e-01 5.554409609646090290e-03
1.645484949832775934e+00 2.213109649387840216e-01 5.598850548933912048e-03
1.685618729096989954e+00 2.163871393114504271e-01 5.643649640267844533e-03
1.725752508361203974e+00 2.168140454100323244e-01 5.688809770015504884e-03
1.765886287625418216e+00 2.231871587748341657e-01 5.734333847805915194e-03
1.806020066889632236e+00 2.227365598997289586e-01 5.780224806716958465e-03
1.846153846153846256e+00 2.153569174556822508e-01 5.826485603464360251e-03
1.886287625418060276e+00 2.091997299679842215e-01 5.873119218592185581e-03
1.926421404682274297e+00 2.091124776492019333e-01 5.920128656664871113e-03
1.966555183946488317e+00 2.059785287081689065e-01 5.967516946460810733e-03
2.006688963210702337e+00 2.140617273740580417e-01 6.015287141167493731e-03
2.046822742474916357e+00 2.061889353913299028e-01 6.063442318578220712e-03
2.086956521739130377e+00 2.084520237534358000e-01 6.111985581290403299e-03
2.127090301003344397e+00 2.043403102153312778e-01 6.160920056905458929e-03
2.167224080267558417e+00 1.846155907847314981e-01 6.210248898230324131e-03
2.207357859531772437e+00 2.187454291513648563e-01 6.259975283480585448e-03
2.247491638795986901e+00 2.106486493488910205e-01 6.310102416485247057e-03
2.287625418060200921e+00 1.912427103826802310e-01 6.360633526893153325e-03
2.327759197324414941e+00 1.940200275050532885e-01 6.411571870381071493e-03
2.367892976588628962e+00 1.976444330405630889e-01 6.462920728863452702e-03
2.408026755852842982e+00 1.943208185512968200e-01 6.514683410703881773e-03
2.448160535117057002e+00 1.899658325785247848e-01 6.566863250928231359e-03
2.488294314381271022e+00 1.936466859294327658e-01 6.619463611439541269e-03
2.528428093645485042e+00 1.803201282518670512e-01 6.672487881234614310e-03
2.568561872909699062e+00 1.984005727038391509e-01 6.725939476622371134e-03
2.608695652173913082e+00 1.844713342336456730e-01 6.779821841443959760e-03
2.648829431438127102e+00 1.846500608214273476e-01 6.834138447294639714e-03
2.688963210702341122e+00 1.879462717515608394e-01 6.888892793747452073e-03
2.729096989966555142e+00 1.884802626855046626e-01 6.944088408578694485e-03
2.769230769230769162e+00 1.695649983853829423e-01 6.999728847995216781e-03
2.809364548494983183e+00 1.765691059049612210e-01 7.055817696863537179e-03
2.849498327759197203e+00 1.761611808183581040e-01 7.112358568940820719e-03
2.889632107023411223e+00 1.871008365294765663e-01 7.169355107107699965e-03
2.929765886287625687e+00 1.585827627637100001e-01 7.226810983602996105e-03
2.969899665551839707e+00 1.696163810077302436e-01 7.284729900260304009e-03
3.010033444816053727e+00 1.629550042190994752e-01 7.343115588746509763e-03
3.050167224080267747e+00 1.533774915976766628e-01 7.401971810802212073e-03
3.090301003344481767e+00 1.722165000799510126e-01 7.461302358484090021e-03
3.130434782608695787e+00 1.620092018775385889e-01 7.521111054409224117e-03
3.170568561872909807e+00 1.587647792637211785e-01 7.581401752001381070e-03
3.210702341137123828e+00 1.691448555223249439e-01 7.642178335739285670e-03
3.250836120401337848e+00 1.541606028205257106e-01 7.703444721406901494e-03
3.290969899665551868e+00 1.471798986982588708e-01 7.765204856345713468e-03
3.331103678929765888e+00 1.499487976892500130e-01 7.827462719709054814e-03
3.371237458193979908e+00 1.409198356126856178e-01 7.890222322718484435e-03
3.411371237458193928e+00 1.505295434327983684e-01 7.953487708922216473e-03
3.451505016722407948e+00 1.461039845614881261e-01 8.017262954455654095e-03
3.491638795986621968e+00 1.326371055944380872e-01 8.081552168304008410e-03
3.531772575250836432e+00 1.443523110026720679e-01 8.146359492567029417e-03
3.571906354515050452e+00 1.260148612760495224e-01 8.211689102725884537e-03
3.612040133779264472e+00 1.328271139976128501e-01 8.277545207912184733e-03
3.652173913043478493e+00 1.428205166093763356e-01 8.343932051179166892e-03
3.692307692307692513e+00 1.362442213545556891e-01 8.410853909775074105e-03
3.732441471571906533e+00 1.286528379397000599e-01 8.478315095418739039e-03
3.772575250836120553e+00 1.257846539093654403e-01 8.546319954577373881e-03
3.812709030100334573e+00 1.311920086898895055e-01 8.614872868746625834e-03
3.852842809364548593e+00 1.238279780537643177e-01 8.683978254732853050e-03
3.892976588628762613e+00 1.228062501781347626e-01 8.753640564937712962e-03
3.933110367892976633e+00 1.281332289729869844e-01 8.823864287645021356e-03
3.973244147157190653e+00 1.359079657809526831e-01 8.894653947309922107e-03
4.013377926421404673e+00 1.199121667442230865e-01 8.966014104850400512e-03
4.053511705685618693e+00 1.012438906713246933e-01 9.037949357941138517e-03
4.093645484949832714e+00 1.061162485634945113e-01 9.110464341309741296e-03
4.133779264214046734e+00 1.141998393075942669e-01 9.183563727035347346e-03
4.173913043478260754e+00 1.190169009948516265e-01 9.257252224849637709e-03
4.214046822742474774e+00 9.868548934653018079e-02 9.331534582440292880e-03
4.254180602006688794e+00 1.031480258027239888e-01 9.406415585756880068e-03
4.294314381270902814e+00 9.292817192801555715e-02 9.481900059319198562e-03
4.334448160535116834e+00 1.071010752512113196e-01 9.557992866528131765e-03
4.374581939799330854e+00 9.094756725537224418e-02 9.634698909978981624e-03
4.414715719063544874e+00 1.080890516721200734e-01 9.712023131777344429e-03
4.454849498327758894e+00 1.173610900090819170e-01 9.789970513857531448e-03
4.494983277591973803e+00 1.049005171811911025e-01 9.868546078303532670e-03
4.535117056856187823e+00 1.241148553130171917e-01 9.947754887672606919e-03
4.575250836120401843e+00 8.957278088251706405e-02 1.002760204532144456e-02
4.615384615384615863e+00 9.995969941934151892e-02 1.010809269573497912e-02
4.655518394648829883e+00 8.629915458140784146e-02 1.018923202485783573e-02
4.695652173913043903e+00 1.058579149463796387e-01 1.027102526042846485e-02
4.735785953177257923e+00 6.481261520015180189e-02 1.035347767231595620e-02
4.775919732441471943e+00 7.895765027754957088e-02 1.043659457285956750e-02
4.816053511705685963e+00 9.382691795978945204e-02 1.052038131721100972e-02
4.856187290969899983e+00 7.280363406273845928e-02 1.060484330367945406e-02
4.896321070234114003e+00 8.019471297698436973e-02 1.068998597407935965e-02
4.936454849498328024e+00 7.660037350435434933e-02 1.077581481408107153e-02
4.976588628762542044e+00 8.616317011620408528e-02 1.086233535356426194e-02
5.016722408026756064e+00 6.894282521272508679e-02 1.094955316697422167e-02
5.056856187290970084e+00 6.541116258191924382e-02 1.103747387368100505e-02
5.096989966555184104e+00 7.884617056844070437e-02 1.112610313834149454e-02
5.137123745819398124e+00 7.312877690099874040e-02 1.121544667126435704e-02
5.177257525083612144e+00 6.484006987178249359e-02 1.130551022877796311e-02
5.217391304347826164e+00 8.467274232341202855e-02 1.139629961360126217e-02
5.257525083612040184e+00 5.080453108724211631e-02 1.148782067521763976e-02
5.297658862876254204e+00 8.146082783298502772e-02 1.158007931025180348e-02
5.337792642140468224e+00 6.442737109142165908e-02 1.167308146284968748e-02
5.377926421404682245e+00 8.346171948001437912e-02 1.176683312506144295e-02
5.418060200668896265e+00 6.507802620460306775e-02 1.186134033722748005e-02
5.458193979933110285e+00 6.116291649969386734e-02 1.195660918836767041e-02
5.498327759197324305e+00 5.921024815775111083e-02 1.205264581657362888e-02
5.538461538461538325e+00 4.925840860613789340e-02 1.214945640940420443e-02
5.578595317725752345e+00 3.686533764103625682e-02 1.224704720428413003e-02
5.618729096989966365e+00 5.196397168745712364e-02 1.234542448890589561e-02
5.658862876254180385e+00 5.107351657962502789e-02 1.244459460163486846e-02
5.698996655518394405e+00 4.192083727271929405e-02 1.254456393191765926e-02
5.739130434782608425e+00 4.270262946063788784e-02 1.264533892069378586e-02
5.779264214046822445e+00 6.753288869107133829e-02 1.274692606081066250e-02
5.819397993311037354e+00 3.201942533764559617e-02 1.284933189744193356e-02
5.859531772575251374e+00 6.204335835026855706e-02 1.295256302850916405e-02
5.899665551839465394e+00 3.910239856193419017e-02 1.305662610510694745e-02
5.939799331103679414e+00 6.538499180052181892e-02 1.316152783193141884e-02
5.979933110367893434e+00 3.566035759055045939e-02 1.326727496771224098e-02
6.020066889632107454e+00 4.804542182857874516e-02 1.337387432564806841e-02
6.060200668896321474e+00 5.965286259041416295e-02 1.348133277384550022e-02
6.100334448160535494e+00 6.058992031511353099e-02 1.358965723576159926e-02
6.140468227424749514e+00 2.096469574904407523e-02 1.369885469064996072e-02
6.180602006688963534e+00 5.096183956696725970e-02 1.380893217401038195e-02
6.220735785953177555e+00 5.900719608664831833e-02 1.391989677804214218e-02
6.260869565217391575e+00 3.458859858498011114e-02 1.403175565210097384e-02
6.301003344481605595e+00 5.018516456928527603e-02 1.414451600315965417e-02
6.341137123745819615e+00 5.652533452330073260e-02 1.425818509627237336e-02
6.381270903010033635e+00 1.690799900605385181e-02 1.437277025504279937e-02
6.421404682274247655e+00 1.917628386502886334e-02 1.448827886209593137e-02
6.461538461538461675e+00 4.235243115814067011e-02 1.460471835955378349e-02
6.501672240802675695e+00 2.452096990552238634e-02 1.472209624951482596e-02
6.541806020066889715e+00 3.672967352923280776e-02 1.484042009453737966e-02
6.581939799331103735e+00 1.007948419722711278e-02 1.495969751812684795e-02
6.622073578595317755e+00 2.590755441450651175e-02 1.507993620522689489e-02
6.662207357859531776e+00 2.083703870578503328e-02 1.520114390271458567e-02
6.702341137123745796e+00 -9.337977104893733366e-03 1.532332841989950296e-02
6.742474916387959816e+00 2.427241592564052114e-02 1.544649762902689308e-02
6.782608695652173836e+00 2.161802523037674104e-02 1.557065946578488173e-02
6.822742474916387856e+00 3.157260655153622947e-02 1.569582192981574392e-02
6.862876254180601876e+00 2.277213785857240200e-02 1.582199308523133535e-02
6.903010033444815896e+00 1.384731026565568651e-02 1.594918106113264039e-02
6.943143812709029916e+00 1.657311400881891078e-02 1.607739405213352846e-02
6.983277591973243936e+00 3.161885742004703903e-02 1.620664031888872578e-02
7.023411371237457956e+00 2.010976335350059957e-02 1.633692818862604243e-02
7.063545150501672865e+00 2.377379544311021900e-02 1.646826605568289803e-02
7.103678929765886885e+00 3.165441809090888126e-02 1.660066238204713218e-02
7.143812709030100905e+00 2.208193609392002793e-02 1.673412569790225235e-02
7.183946488294314925e+00 4.086529743898442008e-02 1.686866460217695957e-02
7.224080267558528945e+00 2.927185192522590088e-02 1.700428776309925380e-02
7.264214046822742965e+00 3.662686880682963775e-02 1.714100391875483798e-02
7.304347826086956985e+00 5.751276440906505361e-02 1.727882187765016411e-02
7.344481605351171005e+00 9.859617857949642961e-03 1.741775051927992382e-02
7.384615384615385025e+00 3.206795508937240746e-02 1.755779879469916357e-02
7.424749163879599045e+00 9.954912099814781229e-03 1.769897572709999700e-02
7.464882943143813065e+00 3.093777844888689205e-03 1.784129041239294194e-02
7.505016722408027086e+00 -1.570084049116625066e-03 1.798475201979297944e-02
7.545150501672241106e+00 2.684146401162773934e-02 1.812936979241031379e-02
7.585284280936455126e+00 5.528786257813972371e-02 1.827515304784588929e-02
7.625418060200669146e+00 1.623020879640334202e-02 1.842211117879174673e-02
7.665551839464883166e+00 1.318906696182027376e-02 1.857025365363614011e-02
7.705685618729097186e+00 1.303299346280173757e-02 1.871959001707361112e-02
7.745819397993311206e+00 2.410802585209718962e-02 1.887012989071993121e-02
7.785953177257525226e+00 1.040906565592718269e-02 1.902188297373201553e-02
7.826086956521739246e+00 -4.609004351436324365e-03 1.917485904343284656e-02
7.866220735785953266e+00 2.186551095387499061e-02 1.932906795594140081e-02
7.906354515050167286e+00 5.407327165614880804e-02 1.948451964680766521e-02
7.946488294314381307e+00 -2.769082648104082695e-02 1.964122413165279857e-02
7.986622073578595327e+00 3.738042827632265253e-02 1.979919150681440712e-02
8.026755852842809347e+00 8.285647685376516108e-03 1.995843194999706929e-02
8.066889632107024255e+00 -5.690843573879110148e-03 2.011895572092805770e-02
8.107023411371237387e+00 -5.753365587444264975e-03 2.028077316201834165e-02
8.147157190635452295e+00 1.212961578348336830e-02 2.044389469902900200e-02
8.187290969899665427e+00 -2.286480434040325666e-02 2.060833084174289870e-02
8.227424749163880335e+00 2.591169914111259714e-02 2.077409218464183749e-02
8.267558528428093467e+00 1.967149930784757236e-02 2.094118940758913500e-02
8.307692307692308376e+00 1.145249570037201389e-02 2.110963327651775925e-02
8.347826086956521507e+00 3.535090430603115425e-02 2.127943464412390337e-02
8.387959866220736416e+00 2.190721750607341201e-02 2.145060445056629420e-02
8.428093645484949548e+00 3.209491551397004525e-03 2.162315372417098272e-02
8.468227424749164456e+00 -5.890540219239286113e-03 2.179709358214196313e-02
8.508361204013377588e+00 -5.164865877998262890e-03 2.197243523127735687e-02
8.548494983277592496e+00 4.526283546137466716e-03 2.214918996869154333e-02
8.588628762541805628e+00 1.291708024342516636e-02 2.232736918254297348e-02
8.628762541806020536e+00 5.073732643848311019e-02 2.250698435276792669e-02
8.668896321070233668e+00 -1.121396714778649314e-02 2.268804705182010314e-02
8.709030100334448576e+00 9.456193826350118431e-03 2.287056894541630511e-02
8.749163879598661708e+00 3.911780440464605879e-02 2.305456179328797123e-02
8.789297658862876617e+00 -4.070246751841169637e-03 2.324003744993890716e-02
8.829431438127089748e+00 5.604312102286501673e-02 2.342700786540901844e-02
8.869565217391304657e+00 2.346771199495309435e-02 2.361548508604428137e-02
8.909698996655517789e+00 -2.453499845943873936e-02 2.380548125527282358e-02
8.949832775919732697e+00 -7.605597047696290025e-04 2.399700861438738148e-02
8.989966555183947605e+00 1.453306646351683329e-02 2.419007950333394372e-02
9.030100334448160737e+00 4.553879409984808863e-02 2.438470636150681659e-02
9.070234113712375645e+00 -1.688122584164683179e-02 2.458090172855011482e-02
9.110367892976588777e+00 -1.286138875929372649e-02 2.477867824516561887e-02
9.150501672240803686e+00 5.683899618007515198e-02 2.497804865392727960e-02
9.190635451505016817e+00 8.013448455263156439e-03 2.517902580010213803e-02
9.230769230769231726e+00 3.300862640224130895e-02 2.538162263247801045e-02
9.270903010033444858e+00 2.572891905070632049e-03 2.558585220419767534e-02
9.311036789297659766e+00 2.947845895717333270e-02 2.579172767359997134e-02
9.351170568561872898e+00 2.760331645902677766e-02 2.599926230506750813e-02
9.391304347826087806e+00 -3.183551065940639496e-02 2.620846946988133683e-02
9.431438127090300938e+00 -4.620924531327320200e-02 2.641936264708237211e-02
9.471571906354515846e+00 2.186449097694481876e-03 2.663195542433993701e-02
9.511705685618728978e+00 3.081566961187912068e-02 2.684626149882709395e-02
9.551839464882943886e+00 -1.490398976436435943e-02 2.706229467810325820e-02
9.591973244147157018e+00 9.016607488466169690e-03 2.728006888100369468e-02
9.632107023411371927e+00 1.809176466286709778e-02 2.749959813853639773e-02
9.672240802675585059e+00 2.421338734636113363e-02 2.772089659478600004e-02
9.712374581939799967e+00 5.199312678699555962e-02 2.794397850782515472e-02
9.752508361204013099e+00 7.055621279413662982e-03 2.816885825063310950e-02
9.792642140468228007e+00 1.210211811066969761e-02 2.839555031202177851e-02
9.832775919732441139e+00 6.389977974672386707e-02 2.862406929756920390e-02
9.872909698996656047e+00 -3.037409075886382537e-02 2.885442993056065719e-02
9.913043478260869179e+00 1.518769941953831970e-02 2.908664705293713057e-02
9.953177257525084087e+00 2.051165802944526773e-02 2.932073562625173158e-02
9.993311036789297219e+00 -1.160590952462027363e-02 2.955671073263351975e-02
1.003344481605351213e+01 7.004644979665080803e-03 2.979458757575931607e-02
1.007357859531772526e+01 3.568134217674227837e-02 3.003438148183321110e-02
1.011371237458194017e+01 2.320053769399739452e-02 3.027610790057407714e-02
1.015384615384615330e+01 1.760788756884846054e-02 3.051978240621089009e-02
1.019397993311036821e+01 -1.842029208462591175e-02 3.076542069848628436e-02
1.023411371237458134e+01 9.530900178395403100e-02 3.101303860366794521e-02
1.027424749163879625e+01 1.038606708969356043e-02 3.126265207556840064e-02
1.031438127090301116e+01 -1.020433216450308475e-02 3.151427719657282772e-02
1.035451505016722429e+01 4.329704008948061233e-02 3.176793017867524105e-02
1.039464882943143920e+01 -1.536987157262591913e-02 3.202362736452306347e-02
1.043478260869565233e+01 2.465003153136061803e-02 3.228138522847004421e-02
1.047491638795986724e+01 2.398848071008748140e-02 3.254122037763766684e-02
1.051505016722408037e+01 4.383895819125502302e-04 3.280314955298511970e-02
1.055518394648829528e+01 1.839100415097739624e-02 3.306718963038798864e-02
1.059531772575250841e+01 2.038985022657534285e-02 3.333335762172543598e-02
1.063545150501672332e+01 6.723317508244408547e-02 3.360167067597637919e-02
1.067558528428093645e+01 -2.143498207862505611e-03 3.387214608032426688e-02
1.071571906354515136e+01 1.633338077177562409e-02 3.414480126127100029e-02
1.075585284280936449e+01 3.172872177884746014e-02 3.441965378575957690e-02
1.079598662207357940e+01 6.504750172695113533e-03 3.469672136230605997e-02
1.083612040133779253e+01 3.816296334624644238e-04 3.497602184214038123e-02
1.087625418060200744e+01 2.690387189637152149e-02 3.525757322035660835e-02
1.091638795986622057e+01 8.075795270419289240e-02 3.554139363707219806e-02
1.095652173913043548e+01 5.436739855115736708e-02 3.582750137859695011e-02
1.099665551839464861e+01 2.072961058989725505e-02 3.611591487861098154e-02
1.103678929765886352e+01 9.752755387934491926e-03 3.640665271935254049e-02
1.107692307692307665e+01 2.157306532340023258e-02 3.669973363281514578e-02
1.111705685618729156e+01 6.440707739123938125e-02 3.699517650195453811e-02
1.115719063545150469e+01 8.024598239553670798e-02 3.729300036190524859e-02
1.119732441471571960e+01 4.470649900097577872e-02 3.759322440120704822e-02
1.123745819397993273e+01 1.795166766073000297e-02 3.789586796304122984e-02
1.127759197324414764e+01 5.650869692131330058e-02 3.820095054647690974e-02
1.131772575250836077e+01 1.828452991756471940e-02 3.850849180772723812e-02
1.135785953177257568e+01 7.595754551245686992e-02 3.881851156141599007e-02
1.139799331103678881e+01 6.639507649401897582e-02 3.913102978185400982e-02
1.143812709030100372e+01 -1.047795126609739336e-02 3.944606660432635470e-02
1.147826086956521685e+01 -1.711290191529770896e-02 3.976364232638938956e-02
1.151839464882943176e+01 2.961072193583942636e-02 4.008377740917870580e-02
1.155852842809364489e+01 -2.153296915919843818e-02 4.040649247872729610e-02
1.159866220735785980e+01 1.317088491787599298e-02 4.073180832729453998e-02
1.163879598662207471e+01 5.087597834326665347e-02 4.105974591470584051e-02
1.167892976588628784e+01 6.554273007267770457e-02 4.139032636970295387e-02
1.171906354515050275e+01 3.061496733289718886e-02 4.172357099130544200e-02
1.175919732441471588e+01 1.121010011846478860e-01 4.205950125018279723e-02
1.179933110367893079e+01 3.743584404648993280e-02 4.239813879003791891e-02
1.183946488294314392e+01 1.114818882123643981e-02 4.273950542900146338e-02
1.187959866220735883e+01 2.546750903697384688e-02 4.308362316103771239e-02
1.191973244147157196e+01 1.403119472236445675e-03 4.343051415736148835e-02
1.195986622073578687e+01 -1.827140901352391350e-02 4.378020076786672682e-02
1.200000000000000000e+01 6.030021214566233523e-02 4.413270552256642193e-02
