0.000000000000000000e+00 2.659857180218299089e-01 4.040000000000000188e-03
4.013377926421404784e-02 2.569382388400692219e-01 4.072236226492920684e-03
8.026755852842809569e-02 2.587076874904876700e-01 4.104732246560466313e-03
1.204013377926421435e-01 2.578233521159649655e-01 4.137490153893765531e-03
1.605351170568561914e-01 2.612810439131729723e-01 4.170512059057123258e-03
2.006688963210702392e-01 2.655383244035402490e-01 4.203800089623998919e-03
2.408026755852842871e-01 2.597141075655524656e-01 4.237356390314089491e-03
2.809364548494983627e-01 2.539955189004631242e-01 4.271183123131507171e-03
3.210702341137123828e-01 2.600834352491195323e-01 4.305282467504080272e-03
3.612040133779264028e-01 2.615498984998924636e-01 4.339656620423765210e-03
4.013377926421404784e-01 2.575492040186968534e-01 4.374307796588206010e-03
4.414715719063545540e-01 2.615981210498049547e-01 4.409238228543417917e-03
4.816053511705685741e-01 2.512659763291609227e-01 4.444450166827630666e-03
5.217391304347825942e-01 2.475126468769520971e-01 4.479945880116289678e-03
5.618729096989967253e-01 2.468569482254859837e-01 4.515727655368223861e-03
6.020066889632107454e-01 2.503063551048581581e-01 4.551797797972993026e-03
6.421404682274247655e-01 2.527033114755842802e-01 4.588158631899422711e-03
6.822742474916387856e-01 2.461752342053870335e-01 4.624812499845331638e-03
7.224080267558528057e-01 2.476006306625042619e-01 4.661761763388478676e-03
7.625418060200669368e-01 2.479191615926868986e-01 4.699008803138705892e-03
8.026755852842809569e-01 2.443071365174155907e-01 4.736556018891328011e-03
8.428093645484949770e-01 2.461471671239893466e-01 4.774405829781745714e-03
8.829431438127091081e-01 2.430388308495604888e-01 4.812560674441307071e-03
9.230769230769231282e-01 2.448862871470323110e-01 4.851023011154430124e-03
9.632107023411371483e-01 2.405620901081866880e-01 4.889795318016986608e-03
1.003344481605351168e+00 2.367377659940625434e-01 4.928880093095961562e-03
1.043478260869565188e+00 2.358303090667810686e-01 4.968279854590403576e-03
1.083612040133779209e+00 2.444046975252252563e-01 5.007997140993671742e-03
1.123745819397993451e+00 2.353667062491364426e-01 5.048034511256984519e-03
1.163879598662207471e+00 2.399581681032303127e-01 5.088394544954294788e-03
1.204013377926421491e+00 2.353478267626138987e-01 5.129079842448487636e-03
1.244147157190635511e+00 2.319347267850061511e-01 5.170093025058919087e-03
1.284280936454849531e+00 2.374284932087026567e-01 5.211436735230306171e-03
1.324414715719063551e+00 2.285069031537256268e-01 5.253113636702979629e-03
1.364548494983277571e+00 2.357397023070551267e-01 5.295126414684500973e-03
1.404682274247491591e+00 2.283124423179554163e-01 5.337477776022675133e-03
1.444816053511705611e+00 2.272740501937227375e-01 5.380170449379944805e-03
1.484949832775919853e+00 2.153945962920185420e-01 5.423207185409197745e-03
1.525083612040133874e+00 2.175450479371235091e-01 5.466590756930989579e-03
1.565217391304347894e+00 2.198540185095126942e-01 5.510323959112192575e-03
1.605351170568561914e+00 2.181105370222591322e-01 5.554409609646090290e-03
1.645484949832775934e+00 2.145915523311669459e-01 5.598850548933912048e-03
1.685618729096989954e+00 2.063518879826707619e-01 5.643649640267844533e-03
1.725752508361203974e+00 2.064981374015345539e-01 5.688809770015504884e-03
1.765886287625418216e+00 2.091092419900474342e-01 5.734333847805915194e-03
1.806020066889632236e+00 2.115982195792795451e-01 5.780224806716958465e-03
1.846153846153846256e+00 2.123347213827513347e-01 5.826485603464360251e-03
1.886287625418060276e+00 1.992797531722678983e-01 5.873119218592185581e-03
1.926421404682274297e+00 2.022802181430844448e-01 5.920128656664871113e-03
1.966555183946488317e+00 2.122725816630122997e-01 5.967516946460810733e-03
2.006688963210702337e+00 1.961388382611158332e-01 6.015287141167493731e-03
2.046822742474916357e+00 2.061222812439074958e-01 6.063442318578220712e-03
2.086956521739130377e+00 1.887918646051006122e-01 6.111985581290403299e-03
2.127090301003344397e+00 1.946201254733951613e-01 6.160920056905458929e-03
2.167224080267558417e+00 1.894289815480141859e-01 6.210248898230324131e-03
2.207357859531772437e+00 1.913125617536509671e-01 6.259975283480585448e-03
2.247491638795986901e+00 1.931635515559954053e-01 6.310102416485247057e-03
2.287625418060200921e+00 1.906760789896375097e-01 6.360633526893153325e-03
2.327759197324414941e+00 1.790602518403094090e-01 6.411571870381071493e-03
2.367892976588628962e+00 1.870911599316229523e-01 6.462920728863452702e-03
2.408026755852842982e+00 1.759723185185572136e-01 6.514683410703881773e-03
2.448160535117057002e+00 1.741489265282080978e-01 6.566863250928231359e-03
2.488294314381271022e+00 1.798067119327116381e-01 6.619463611439541269e-03
2.528428093645485042e+00 1.685165865872192692e-01 6.672487881234614310e-03
2.568561872909699062e+00 1.643587083174234686e-01 6.725939476622371134e-03
2.608695652173913082e+00 1.739301999583584835e-01 6.779821841443959760e-03
2.648829431438127102e+00 1.577129102866311472e-01 6.834138447294639714e-03
2.688963210702341122e+00 1.648665425415259123e-01 6.888892793747452073e-03
2.729096989966555142e+00 1.623369937030547383e-01 6.944088408578694485e-03
2.769230769230769162e+00 1.625282890596473906e-01 6.999728847995216781e-03
2.809364548494983183e+00 1.526280626161056475e-01 7.055817696863537179e-03
2.849498327759197203e+00 1.551148051834319308e-01 7.112358568940820719e-03
2.889632107023411223e+00 1.484275366641155391e-01 7.169355107107699965e-03
2.929765886287625687e+00 1.464603280131896723e-01 7.226810983602996105e-03
2.969899665551839707e+00 1.434387277189937693e-01 7.284729900260304009e-03
3.010033444816053727e+00 1.548587409313945673e-01 7.343115588746509763e-03
3.050167224080267747e+00 1.466573933224861181e-01 7.401971810802212073e-03
3.090301003344481767e+00 1.361449087168573324e-01 7.461302358484090021e-03
3.130434782608695787e+00 1.342982950075634063e-01 7.521111054409224117e-03
3.170568561872909807e+00 1.448296609716914485e-01 7.581401752001381070e-03
3.210702341137123828e+00 1.474303203281423780e-01 7.642178335739285670e-03
3.250836120401337848e+00 1.207175489778487820e-01 7.703444721406901494e-03
3.290969899665551868e+00 1.237586794729164524e-01 7.765204856345713468e-03
3.331103678929765888e+00 1.321604204825485018e-01 7.827462719709054814e-03
3.371237458193979908e+00 1.396085541701337362e-01 7.890222322718484435e-03
3.411371237458193928e+00 1.380179730564058127e-01 7.953487708922216473e-03
3.451505016722407948e+00 1.223591979912113520e-01 8.017262954455654095e-03
3.491638795986621968e+00 1.055649364216857122e-01 8.081552168304008410e-03
3.531772575250836432e+00 1.228463160647317032e-01 8.146359492567029417e-03
3.571906354515050452e+00 1.132993447723429220e-01 8.211689102725884537e-03
3.612040133779264472e+00 1.156884455574424403e-01 8.277545207912184733e-03
3.652173913043478493e+00 1.131333422908368941e-01 8.343932051179166892e-03
3.692307692307692513e+00 1.093545317468485600e-01 8.410853909775074105e-03
3.732441471571906533e+00 1.084373388364660851e-01 8.478315095418739039e-03
3.772575250836120553e+00 1.017242967871630904e-01 8.546319954577373881e-03
3.812709030100334573e+00 1.031760775019150977e-01 8.614872868746625834e-03
3.852842809364548593e+00 1.125877387809590680e-01 8.683978254732853050e-03
3.892976588628762613e+00 1.231237989076808537e-01 8.753640564937712962e-03
3.933110367892976633e+00 9.564323420507619966e-02 8.823864287645021356e-03
3.973244147157190653e+00 9.827899061444121676e-02 8.894653947309922107e-03
4.013377926421404673e+00 1.004621982067391978e-01 8.966014104850400512e-03
4.053511705685618693e+00 9.100016306326827453e-02 9.037949357941138517e-03
4.093645484949832714e+00 9.465279915059902904e-02 9.110464341309741296e-03
4.133779264214046734e+00 1.015430634255876235e-01 9.183563727035347346e-03
4.173913043478260754e+00 7.783841398018449820e-02 9.257252224849637709e-03
4.214046822742474774e+00 7.650922457929189291e-02 9.331534582440292880e-03
4.254180602006688794e+00 7.746322395146106043e-02 9.406415585756880068e-03
4.294314381270902814e+00 6.608440253319358693e-02 9.481900059319198562e-03
4.334448160535116834e+00 6.868117612937757466e-02 9.557992866528131765e-03
4.374581939799330854e+00 6.890538803898517417e-02 9.634698909978981624e-03
4.414715719063544874e+00 6.141353535261047381e-02 9.712023131777344429e-03
4.454849498327758894e+00 6.170992220864048028e-02 9.789970513857531448e-03
4.494983277591973803e+00 8.272555637352063673e-02 9.868546078303532670e-03
4.535117056856187823e+00 6.302911358982626888e-02 9.947754887672606919e-03
4.575250836120401843e+00 5.956555388810182150e-02 1.002760204532144456e-02
4.615384615384615863e+00 5.125199521667549163e-02 1.010809269573497912e-02
4.655518394648829883e+00 6.967143162528637024e-02 1.018923202485783573e-02
4.695652173913043903e+00 6.718859237298206721e-02 1.027102526042846485e-02
4.735785953177257923e+00 6.142908126994545831e-02 1.035347767231595620e-02
4.775919732441471943e+00 4.939813932335355290e-02 1.043659457285956750e-02
4.816053511705685963e+00 4.589044749055109368e-02 1.052038131721100972e-02
4.856187290969899983e+00 6.185311739676715992e-02 1.060484330367945406e-02
4.896321070234114003e+00 4.150694792134922151e-02 1.068998597407935965e-02
4.936454849498328024e+00 3.323965585769211861e-02 1.077581481408107153e-02
4.976588628762542044e+00 2.837791432864088248e-02 1.086233535356426194e-02
5.016722408026756064e+00 5.354100415580621830e-02 1.094955316697422167e-02
5.056856187290970084e+00 4.813244352281450394e-02 1.103747387368100505e-02
5.096989966555184104e+00 4.787895053886635083e-02 1.112610313834149454e-02
5.137123745819398124e+00 3.783288481904083234e-02 1.121544667126435704e-02
5.177257525083612144e+00 3.806469149318419953e-02 1.130551022877796311e-02
5.217391304347826164e+00 2.933485325160035961e-02 1.139629961360126217e-02
5.257525083612040184e+00 4.502237775370208223e-02 1.148782067521763976e-02
5.297658862876254204e+00 2.049947625885425312e-02 1.158007931025180348e-02
5.337792642140468224e+00 4.084265664194079715e-02 1.167308146284968748e-02
5.377926421404682245e+00 4.194690582603351203e-02 1.176683312506144295e-02
5.418060200668896265e+00 2.444170751726325655e-02 1.186134033722748005e-02
5.458193979933110285e+00 5.363412680184105608e-02 1.195660918836767041e-02
5.498327759197324305e+00 4.304764683442743878e-02 1.205264581657362888e-02
5.538461538461538325e+00 3.463567595082313322e-02 1.214945640940420443e-02
5.578595317725752345e+00 4.462845643839056381e-02 1.224704720428413003e-02
5.618729096989966365e+00 2.326134504272495823e-02 1.234542448890589561e-02
5.658862876254180385e+00 3.987523092123727853e-02 1.244459460163486846e-02
5.698996655518394405e+00 3.763310374284464799e-02 1.254456393191765926e-02
5.739130434782608425e+00 2.156617608977217174e-02 1.264533892069378586e-02
5.779264214046822445e+00 7.600063863694186267e-03 1.274692606081066250e-02
5.819397993311037354e+00 4.603091943650424595e-02 1.284933189744193356e-02
5.859531772575251374e+00 3.451454825970104445e-02 1.295256302850916405e-02
5.899665551839465394e+00 2.686013969657130920e-02 1.305662610510694745e-02
5.939799331103679414e+00 3.702946947063469330e-02 1.316152783193141884e-02
5.979933110367893434e+00 2.586455993757361474e-02 1.326727496771224098e-02
6.020066889632107454e+00 3.479931184885231427e-02 1.337387432564806841e-02
6.060200668896321474e+00 1.120273576690408203e-02 1.348133277384550022e-02
6.100334448160535494e+00 8.363168105150451531e-03 1.358965723576159926e-02
6.140468227424749514e+00 1.293400669525434851e-02 1.369885469064996072e-02
6.180602006688963534e+00 1.862015431153240391e-02 1.380893217401038195e-02
6.220735785953177555e+00 3.552267618170508456e-02 1.391989677804214218e-02
6.260869565217391575e+00 -1.014586762794604524e-02 1.403175565210097384e-02
6.301003344481605595e+00 9.780041498254045396e-03 1.414451600315965417e-02
6.341137123745819615e+00 3.382436759293780404e-02 1.425818509627237336e-02
6.381270903010033635e+00 1.298985936285838860e-02 1.437277025504279937e-02
6.421404682274247655e+00 4.102394106512399774e-02 1.448827886209593137e-02
6.461538461538461675e+00 1.943028640959954673e-02 1.460471835955378349e-02
6.501672240802675695e+00 2.524513227562499504e-02 1.472209624951482596e-02
6.541806020066889715e+00 1.890221145653181445e-02 1.484042009453737966e-02
6.581939799331103735e+00 4.364783379152338549e-03 1.495969751812684795e-02
6.622073578595317755e+00 1.858391605323796159e-02 1.507993620522689489e-02
6.662207357859531776e+00 2.217340046077734966e-02 1.520114390271458567e-02
6.702341137123745796e+00 3.037644596280027198e-02 1.532332841989950296e-02
6.742474916387959816e+00 1.016857069958410596e-02 1.544649762902689308e-02
6.782608695652173836e+00 8.365347789131493197e-03 1.557065946578488173e-02
6.822742474916387856e+00 2.968869196519760209e-02 1.569582192981574392e-02
6.862876254180601876e+00 1.899706474625909025e-02 1.582199308523133535e-02
6.903010033444815896e+00 1.288904440598733631e-02 1.594918106113264039e-02
6.943143812709029916e+00 1.485293749240688618e-02 1.607739405213352846e-02
6.983277591973243936e+00 4.291623990021473101e-02 1.620664031888872578e-02
7.023411371237457956e+00 1.911562022598343666e-02 1.633692818862604243e-02
7.063545150501672865e+00 -6.904500253969990051e-03 1.646826605568289803e-02
7.103678929765886885e+00 1.840593608910962020e-02 1.660066238204713218e-02
7.143812709030100905e+00 1.520028026193439782e-02 1.673412569790225235e-02
7.183946488294314925e+00 1.985301914328683158e-03 1.686866460217695957e-02
7.224080267558528945e+00 8.755026569887152180e-03 1.700428776309925380e-02
7.264214046822742965e+00 -4.468885586035090812e-03 1.714100391875483798e-02
7.304347826086956985e+00 9.602979948837176566e-04 1.727882187765016411e-02
7.344481605351171005e+00 3.640187083772841725e-02 1.741775051927992382e-02
7.384615384615385025e+00 -6.387914124072618244e-03 1.755779879469916357e-02
7.424749163879599045e+00 -1.495337484720274390e-02 1.769897572709999700e-02
7.464882943143813065e+00 1.316775164033059942e-02 1.784129041239294194e-02
7.505016722408027086e+00 2.330939242823139301e-02 1.798475201979297944e-02
7.545150501672241106e+00 3.491396344623183198e-03 1.812936979241031379e-02
7.585284280936455126e+00 2.395571510210025776e-02 1.827515304784588929e-02
7.625418060200669146e+00 -1.407370517007552543e-02 1.842211117879174673e-02
7.665551839464883166e+00 -2.863452894105566332e-02 1.857025365363614011e-02
7.705685618729097186e+00 1.176776183050833556e-02 1.871959001707361112e-02
7.745819397993311206e+00 -1.931204746143852513e-02 1.887012989071993121e-02
7.785953177257525226e+00 1.522576867594189164e-02 1.902188297373201553e-02
7.826086956521739246e+00 3.720032002821927614e-02 1.917485904343284656e-02
7.866220735785953266e+00 5.382262910456266439e-03 1.932906795594140081e-02
7.906354515050167286e+00 1.946998527885610009e-02 1.948451964680766521e-02
7.946488294314381307e+00 -6.076010022283433523e-03 1.964122413165279857e-02
7.986622073578595327e+00 9.499481796199979802e-03 1.979919150681440712e-02
8.026755852842809347e+00 -1.989466932705988289e-02 1.995843194999706929e-02
8.066889632107024255e+00 -1.077566119753249098e-02 2.011895572092805770e-02
8.107023411371237387e+00 -1.303112771192505362e-02 2.028077316201834165e-02
8.147157190635452295e+00 -4.521121108112384837e-03 2.044389469902900200e-02
8.187290969899665427e+00 4.155435279968471875e-03 2.060833084174289870e-02
8.227424749163880335e+00 2.001762252391797031e-02 2.077409218464183749e-02
8.267558528428093467e+00 1.956631754863368336e-02 2.094118940758913500e-02
8.307692307692308376e+00 -1.617203511137997596e-02 2.110963327651775925e-02
8.347826086956521507e+00 1.133808843898868879e-02 2.127943464412390337e-02
8.387959866220736416e+00 1.543409150753437438e-02 2.145060445056629420e-02
8.428093645484949548e+00 3.623008122123012875e-02 2.162315372417098272e-02
8.468227424749164456e+00 5.509518800784140961e-03 2.179709358214196313e-02
8.508361204013377588e+00 4.501981163805038322e-02 2.197243523127735687e-02
8.548494983277592496e+00 -1.404021079556235646e-02 2.214918996869154333e-02
8.588628762541805628e+00 -2.259364712715258156e-02 2.232736918254297348e-02
8.628762541806020536e+00 -2.505725047132576627e-02 2.250698435276792669e-02
8.668896321070233668e+00 6.274863757747282771e-03 2.268804705182010314e-02
8.709030100334448576e+00 3.714482270651450757e-02 2.287056894541630511e-02
8.749163879598661708e+00 1.300260503951369655e-02 2.305456179328797123e-02
8.789297658862876617e+00 4.306661534671976654e-02 2.324003744993890716e-02
8.829431438127089748e+00 3.857347490429074988e-02 2.342700786540901844e-02
8.869565217391304657e+00 4.321962155408751172e-02 2.361548508604428137e-02
8.909698996655517789e+00 -3.590857620213523671e-02 2.380548125527282358e-02
8.949832775919732697e+00 3.458681378379625804e-02 2.399700861438738148e-02
8.989966555183947605e+00 1.518898105972546139e-03 2.419007950333394372e-02
9.030100334448160737e+00 9.938953175915952315e-04 2.438470636150681659e-02
9.070234113712375645e+00 2.031478859057005495e-02 2.458090172855011482e-02
9.110367892976588777e+00 -2.034121738839250737e-02 2.477867824516561887e-02
9.150501672240803686e+00 5.065569627177889112e-02 2.497804865392727960e-02
9.190635451505016817e+00 -2.872802894111074756e-02 2.517902580010213803e-02
9.230769230769231726e+00 1.917228437263161778e-02 2.538162263247801045e-02
9.270903010033444858e+00 2.333894426220062962e-02 2.558585220419767534e-02
9.311036789297659766e+00 5.693429143529268183e-02 2.579172767359997134e-02
9.351170568561872898e+00 8.736913403626473187e-03 2.599926230506750813e-02
9.391304347826087806e+00 -1.463884560211370714e-02 2.620846946988133683e-02
9.431438127090300938e+00 5.690347227103965261e-02 2.641936264708237211e-02
9.471571906354515846e+00 6.790857953152540372e-06 2.663195542433993701e-02
9.511705685618728978e+00 1.890709020432850690e-03 2.684626149882709395e-02
9.551839464882943886e+00 9.563378952510751679e-03 2.706229467810325820e-02
9.591973244147157018e+00 4.347378714470835626e-02 2.728006888100369468e-02
9.632107023411371927e+00 2.267520575126245538e-02 2.749959813853639773e-02
9.672240802675585059e+00 -4.180290865092185087e-02 2.772089659478600004e-02
9.712374581939799967e+00 8.084875001300350500e-03 2.794397850782515472e-02
9.752508361204013099e+00 6.704786808664400105e-03 2.816885825063310950e-02
9.792642140468228007e+00 3.963084829792039993e-02 2.839555031202177851e-02
9.832775919732441139e+00 7.705653489168065584e-02 2.862406929756920390e-02
9.872909698996656047e+00 1.351760899723490790e-02 2.885442993056065719e-02
9.913043478260869179e+00 -2.509744385400443020e-02 2.908664705293713057e-02
9.953177257525084087e+00 4.442660240433375651e-02 2.932073562625173158e-02
9.993311036789297219e+00 3.022748211175003974e-02 2.955671073263351975e-02
1.003344481605351213e+01 5.128557187292082098e-02 2.979458757575931607e-02
1.007357859531772526e+01 4.179684144814451580e-02 3.003438148183321110e-02
1.011371237458194017e+01 6.501069495784003727e-02 3.027610790057407714e-02
1.015384615384615330e+01 7.502117791905307809e-02 3.051978240621089009e-02
1.019397993311036821e+01 5.389305383145587269e-02 3.076542069848628436e-02
1.023411371237458134e+01 1.197190192530773328e-02 3.101303860366794521e-02
1.027424749163879625e+01 4.527609177453720962e-02 3.126265207556840064e-02
1.031438127090301116e+01 3.143965969998052667e-02 3.151427719657282772e-02
1.035451505016722429e+01 4.693931586622120122e-02 3.176793017867524105e-02
1.039464882943143920e+01 8.963248525428436919e-03 3.202362736452306347e-02
1.043478260869565233e+01 3.232479156530540521e-02 3.228138522847004421e-02
1.047491638795986724e+01 4.435117695136079480e-02 3.254122037763766684e-02
1.051505016722408037e+01 3.792347633702624482e-02 3.280314955298511970e-02
1.055518394648829528e+01 4.832351009457135776e-02 3.306718963038798864e-02
1.059531772575250841e+01 2.682757788126171120e-02 3.333335762172543598e-02
1.063545150501672332e+01 7.677085060604371680e-02 3.360167067597637919e-02
1.067558528428093645e+01 2.953738503525932951e-02 3.387214608032426688e-02
1.071571906354515136e+01 7.201141620016671130e-02 3.414480126127100029e-02
1.075585284280936449e+01 7.980565403030315252e-02 3.441965378575957690e-02
1.079598662207357940e+01 7.798197622247086958e-03 3.469672136230605997e-02
1.083612040133779253e+01 2.027701352205043411e-02 3.497602184214038123e-02
1.087625418060200744e+01 6.527211845472564999e-02 3.525757322035660835e-02
1.091638795986622057e+01 -3.620153838942729435e-02 3.554139363707219806e-02
1.095652173913043548e+01 2.344999959098027081e-02 3.582750137859695011e-02
1.099665551839464861e+01 -7.492886544730395504e-02 3.611591487861098154e-02
1.103678929765886352e+01 -1.921078537418499654e-02 3.640665271935254049e-02
1.107692307692307665e+01 -3.295419034112810619e-03 3.669973363281514578e-02
1.111705685618729156e+01 3.069262740230054021e-03 3.699517650195453811e-02
1.115719063545150469e+01 9.823671610617017852e-03 3.729300036190524859e-02
1.119732441471571960e+01 3.481351164187292124e-02 3.759322440120704822e-02
1.123745819397993273e+01 4.036455336535953176e-02 3.789586796304122984e-02
1.127759197324414764e+01 -3.633659220538078272e-03 3.820095054647690974e-02
1.131772575250836077e+01 4.068394417931739393e-02 3.850849180772723812e-02
1.135785953177257568e+01 7.764854537225986120e-02 3.881851156141599007e-02
1.139799331103678881e+01 7.397483929342960063e-02 3.913102978185400982e-02
1.143812709030100372e+01 6.441872510752127967e-02 3.944606660432635470e-02
1.147826086956521685e+01 7.389339850735697490e-02 3.976364232638938956e-02
1.151839464882943176e+01 1.875646509295195163e-02 4.008377740917870580e-02
1.155852842809364489e+01 1.052777576380367758e-01 4.040649247872729610e-02
1.159866220735785980e+01 2.138456893765862746e-02 4.073180832729453998e-02
1.163879598662207471e+01 1.161015946466195103e-01 4.105974591470584051e-02
1.167892976588628784e+01 4.481558431273412885e-02 4.139032636970295387e-02
1.171906354515050275e+01 5.138088817005914688e-02 4.172357099130544200e-02
1.175919732441471588e+01 2.364037825410005358e-02 4.205950125018279723e-02
1.179933110367893079e+01 6.460865375593066728e-02 4.239813879003791891e-02
1.183946488294314392e+01 7.646865210452689909e-02 4.273950542900146338e-02
1.187959866220735883e+01 1.446477485646357475e-01 4.308362316103771239e-02
1.191973244147157196e+01 8.208913624062272318e-02 4.343051415736148835e-02
1.195986622073578687e+01 4.047463844233951946e-02 4.378020076786672682e-02
1.200000000000000000e+01 1.479802340201458732e-01 4.413270552256642193e-02
