0.000000000000000000e+00 2.567110238401706379e-01 4.040000000000000188e-03
4.013377926421404784e-02 2.643266999872880829e-01 4.072236226492920684e-03
8.026755852842809569e-02 2.647158578732146661e-01 4.104732246560466313e-03
1.204013377926421435e-01 2.573513099372905510e-01 4.137490153893765531e-03
1.605351170568561914e-01 2.603858003624143214e-01 4.170512059057123258e-03
2.006688963210702392e-01 2.599883693277947883e-01 4.203800089623998919e-03
2.408026755852842871e-01 2.594561683713863531e-01 4.237356390314089491e-03
2.809364548494983627e-01 2.581580601073468206e-01 4.271183123131507171e-03
3.210702341137123828e-01 2.516397280462394637e-01 4.305282467504080272e-03
3.612040133779264028e-01 2.556559971462334380e-01 4.339656620423765210e-03
4.013377926421404784e-01 2.590191068085553328e-01 4.374307796588206010e-03
4.414715719063545540e-01 2.523591076204655947e-01 4.409238228543417917e-03
4.816053511705685741e-01 2.575090871732370612e-01 4.444450166827630666e-03
5.217391304347825942e-01 2.529226091199370252e-01 4.479945880116289678e-03
5.618729096989967253e-01 2.529056318258938174e-01 4.515727655368223861e-03
6.020066889632107454e-01 2.425291481293414819e-01 4.551797797972993026e-03
6.421404682274247655e-01 2.496680312297458737e-01 4.588158631899422711e-03
6.822742474916387856e-01 2.423472575864474010e-01 4.624812499845331638e-03
7.224080267558528057e-01 2.576807907765514272e-01 4.661761763388478676e-03
7.625418060200669368e-01 2.381051326615253871e-01 4.699008803138705892e-03
8.026755852842809569e-01 2.457045138819529406e-01 4.736556018891328011e-03
8.428093645484949770e-01 2.493561148194989308e-01 4.774405829781745714e-03
8.829431438127091081e-01 2.395636022753217520e-01 4.812560674441307071e-03
9.230769230769231282e-01 2.457936500511941347e-01 4.851023011154430124e-03
9.632107023411371483e-01 2.372432211733885299e-01 4.889795318016986608e-03
1.003344481605351168e+00 2.429549472842116586e-01 4.928880093095961562e-03
1.043478260869565188e+00 2.317244049826859553e-01 4.968279854590403576e-03
1.083612040133779209e+00 2.257828961860015027e-01 5.007997140993671742e-03
1.123745819397993451e+00 2.270668111757836727e-01 5.048034511256984519e-03
1.163879598662207471e+00 2.228373886452934827e-01 5.088394544954294788e-03
1.204013377926421491e+00 2.254319801480861585e-01 5.129079842448487636e-03
1.244147157190635511e+00 2.299667687563995422e-01 5.170093025058919087e-03
1.284280936454849531e+00 2.323488205480709057e-01 5.211436735230306171e-03
1.324414715719063551e+00 2.194746746570649110e-01 5.253113636702979629e-03
1.364548494983277571e+00 2.210495059072212221e-01 5.295126414684500973e-03
1.404682274247491591e+00 2.170853928575463554e-01 5.337477776022675133e-03
1.444816053511705611e+00 2.164889638467042965e-01 5.380170449379944805e-03
1.484949832775919853e+00 2.163538579319690125e-01 5.423207185409197745e-03
1.525083612040133874e+00 2.151341065570946953e-01 5.466590756930989579e-03
1.565217391304347894e+00 2.258628738353021803e-01 5.510323959112192575e-03
1.605351170568561914e+00 2.109118949393250231e-01 5.554409609646090290e-03
1.645484949832775934e+00 2.138950868815042983e-01 5.598850548933912048e-03
1.685618729096989954e+00 2.166149017615816019e-01 5.643649640267844533e-03
1.725752508361203974e+00 2.111787168924966485e-01 5.688809770015504884e-03
1.765886287625418216e+00 2.054429860816344711e-01 5.734333847805915194e-03
1.806020066889632236e+00 2.065954707515075539e-01 5.780224806716958465e-03
1.846153846153846256e+00 2.001401519590857991e-01 5.826485603464360251e-03
1.886287625418060276e+00 1.815498022829555025e-01 5.873119218592185581e-03
1.926421404682274297e+00 1.863465328877295935e-01 5.920128656664871113e-03
1.966555183946488317e+00 1.899344779691511387e-01 5.967516946460810733e-03
2.006688963210702337e+00 1.936170102929595516e-01 6.015287141167493731e-03
2.046822742474916357e+00 1.860585383047408947e-01 6.063442318578220712e-03
2.086956521739130377e+00 1.821375533101256272e-01 6.111985581290403299e-03
2.127090301003344397e+00 1.862531113126055515e-01 6.160920056905458929e-03
2.167224080267558417e+00 1.744814228785103449e-01 6.210248898230324131e-03
2.207357859531772437e+00 1.768140285688903357e-01 6.259975283480585448e-03
2.247491638795986901e+00 1.768860103786796256e-01 6.310102416485247057e-03
2.287625418060200921e+00 1.602996295943711347e-01 6.360633526893153325e-03
2.327759197324414941e+00 1.706792571953909543e-01 6.411571870381071493e-03
2.367892976588628962e+00 1.572321942689302865e-01 6.462920728863452702e-03
2.408026755852842982e+00 1.694611060994814788e-01 6.514683410703881773e-03
2.448160535117057002e+00 1.645391540145554887e-01 6.566863250928231359e-03
2.488294314381271022e+00 1.519037628572184329e-01 6.619463611439541269e-03
2.528428093645485042e+00 1.604933332196036566e-01 6.672487881234614310e-03
2.568561872909699062e+00 1.511621871593396282e-01 6.725939476622371134e-03
2.608695652173913082e+00 1.425131174447750448e-01 6.779821841443959760e-03
2.648829431438127102e+00 1.457688642167388471e-01 6.834138447294639714e-03
2.688963210702341122e+00 1.442273005369853200e-01 6.888892793747452073e-03
2.729096989966555142e+00 1.533416898004651419e-01 6.944088408578694485e-03
2.769230769230769162e+00 1.397406901509896382e-01 6.999728847995216781e-03
2.809364548494983183e+00 1.488865723316718792e-01 7.055817696863537179e-03
2.849498327759197203e+00 1.366996979415900093e-01 7.112358568940820719e-03
2.889632107023411223e+00 1.388310711095224470e-01 7.169355107107699965e-03
2.929765886287625687e+00 1.363375915124259985e-01 7.226810983602996105e-03
2.969899665551839707e+00 1.255700711583358220e-01 7.284729900260304009e-03
3.010033444816053727e+00 1.316171444091008835e-01 7.343115588746509763e-03
3.050167224080267747e+00 1.221508119049976027e-01 7.401971810802212073e-03
3.090301003344481767e+00 1.323241923853182844e-01 7.461302358484090021e-03
3.130434782608695787e+00 1.232981985827263649e-01 7.521111054409224117e-03
3.170568561872909807e+00 1.399779460099871420e-01 7.581401752001381070e-03
3.210702341137123828e+00 1.121778538844648149e-01 7.642178335739285670e-03
3.250836120401337848e+00 1.073463819805959008e-01 7.703444721406901494e-03
3.290969899665551868e+00 1.018181346079394117e-01 7.765204856345713468e-03
3.331103678929765888e+00 1.102084260298712565e-01 7.827462719709054814e-03
3.371237458193979908e+00 1.035895135433407693e-01 7.890222322718484435e-03
3.411371237458193928e+00 1.162772365195670621e-01 7.953487708922216473e-03
3.451505016722407948e+00 9.364632321616583877e-02 8.017262954455654095e-03
3.491638795986621968e+00 1.015236191355432388e-01 8.081552168304008410e-03
3.531772575250836432e+00 9.371860207475024573e-02 8.146359492567029417e-03
3.571906354515050452e+00 9.167058706130173928e-02 8.211689102725884537e-03
3.612040133779264472e+00 9.106750267683236255e-02 8.277545207912184733e-03
3.652173913043478493e+00 8.536159098545656465e-02 8.343932051179166892e-03
3.692307692307692513e+00 8.640153642142713031e-02 8.410853909775074105e-03
3.732441471571906533e+00 9.821502113762227426e-02 8.478315095418739039e-03
3.772575250836120553e+00 8.676498525828373054e-02 8.546319954577373881e-03
3.812709030100334573e+00 9.215030234795490438e-02 8.614872868746625834e-03
3.852842809364548593e+00 8.713568615541704421e-02 8.683978254732853050e-03
3.892976588628762613e+00 7.275293114052922006e-02 8.753640564937712962e-03
3.933110367892976633e+00 7.646256125111494661e-02 8.823864287645021356e-03
3.973244147157190653e+00 6.438006309559451967e-02 8.894653947309922107e-03
4.013377926421404673e+00 8.018753625910916838e-02 8.966014104850400512e-03
4.053511705685618693e+00 8.145969647853446016e-02 9.037949357941138517e-03
4.093645484949832714e+00 6.971388453203056224e-02 9.110464341309741296e-03
4.133779264214046734e+00 6.436596279833065037e-02 9.183563727035347346e-03
4.173913043478260754e+00 7.372799989206241245e-02 9.257252224849637709e-03
4.214046822742474774e+00 7.159360177329569808e-02 9.331534582440292880e-03
4.254180602006688794e+00 5.745435933520784411e-02 9.406415585756880068e-03
4.294314381270902814e+00 5.847543888848456134e-02 9.481900059319198562e-03
4.334448160535116834e+00 6.079303283993082313e-02 9.557992866528131765e-03
4.374581939799330854e+00 4.450384363962849033e-02 9.634698909978981624e-03
4.414715719063544874e+00 4.239183486963931519e-02 9.712023131777344429e-03
4.454849498327758894e+00 4.513557900267023415e-02 9.789970513857531448e-03
4.494983277591973803e+00 4.886180173103112784e-02 9.868546078303532670e-03
4.535117056856187823e+00 3.354879559656660792e-02 9.947754887672606919e-03
4.575250836120401843e+00 3.386544260340015877e-02 1.002760204532144456e-02
4.615384615384615863e+00 6.526185061064933290e-02 1.010809269573497912e-02
4.655518394648829883e+00 5.233508795186804508e-02 1.018923202485783573e-02
4.695652173913043903e+00 2.658861272894945393e-02 1.027102526042846485e-02
4.735785953177257923e+00 4.747044681024833318e-02 1.035347767231595620e-02
4.775919732441471943e+00 3.008152302282698920e-02 1.043659457285956750e-02
4.816053511705685963e+00 2.930171385383283089e-02 1.052038131721100972e-02
4.856187290969899983e+00 3.638353327971395601e-02 1.060484330367945406e-02
4.896321070234114003e+00 4.821785650324962591e-02 1.068998597407935965e-02
4.936454849498328024e+00 5.397601095984178032e-02 1.077581481408107153e-02
4.976588628762542044e+00 2.647995045215302545e-02 1.086233535356426194e-02
5.016722408026756064e+00 3.003521186530731107e-02 1.094955316697422167e-02
5.056856187290970084e+00 2.842157326061907699e-02 1.103747387368100505e-02
5.096989966555184104e+00 3.208130392823427268e-02 1.112610313834149454e-02
5.137123745819398124e+00 1.024260804920392592e-02 1.121544667126435704e-02
5.177257525083612144e+00 1.613771334819328468e-03 1.130551022877796311e-02
5.217391304347826164e+00 2.504900457301543690e-02 1.139629961360126217e-02
5.257525083612040184e+00 2.934718945140395857e-02 1.148782067521763976e-02
5.297658862876254204e+00 4.272817159160420541e-02 1.158007931025180348e-02
5.337792642140468224e+00 1.376745762499709431e-02 1.167308146284968748e-02
5.377926421404682245e+00 1.063712119295200098e-02 1.176683312506144295e-02
5.418060200668896265e+00 3.956506723547895121e-02 1.186134033722748005e-02
5.458193979933110285e+00 1.118964616041646411e-02 1.195660918836767041e-02
5.498327759197324305e+00 1.867217669278788822e-02 1.205264581657362888e-02
5.538461538461538325e+00 2.309476572327229943e-02 1.214945640940420443e-02
5.578595317725752345e+00 9.253530168494648184e-03 1.224704720428413003e-02
5.618729096989966365e+00 -6.695777307882469498e-03 1.234542448890589561e-02
5.658862876254180385e+00 3.027922146393899339e-02 1.244459460163486846e-02
5.698996655518394405e+00 -2.285285078661472569e-02 1.254456393191765926e-02
5.739130434782608425e+00 2.537824980056645544e-02 1.264533892069378586e-02
5.779264214046822445e+00 1.790514755289965634e-02 1.274692606081066250e-02
5.819397993311037354e+00 2.354732381779825467e-02 1.284933189744193356e-02
5.859531772575251374e+00 1.660037199165328298e-02 1.295256302850916405e-02
5.899665551839465394e+00 2.807813131311814175e-02 1.305662610510694745e-02
5.939799331103679414e+00 7.102630149098797946e-03 1.316152783193141884e-02
5.979933110367893434e+00 -2.495849833076799890e-02 1.326727496771224098e-02
6.020066889632107454e+00 2.024108791331522689e-02 1.337387432564806841e-02
6.060200668896321474e+00 1.336691129135774217e-02 1.348133277384550022e-02
6.100334448160535494e+00 2.170735746858868526e-02 1.358965723576159926e-02
6.140468227424749514e+00 3.334396597013146446e-02 1.369885469064996072e-02
6.180602006688963534e+00 2.713382726235082087e-02 1.380893217401038195e-02
6.220735785953177555e+00 2.236119430208986444e-02 1.391989677804214218e-02
6.260869565217391575e+00 1.942089826405123815e-02 1.403175565210097384e-02
6.301003344481605595e+00 1.067881654344579774e-02 1.414451600315965417e-02
6.341137123745819615e+00 1.648000146949831629e-02 1.425818509627237336e-02
6.381270903010033635e+00 1.713300567185922774e-02 1.437277025504279937e-02
6.421404682274247655e+00 2.856856754540872123e-02 1.448827886209593137e-02
6.461538461538461675e+00 -1.224164326409841498e-02 1.460471835955378349e-02
6.501672240802675695e+00 1.831484602056574623e-02 1.472209624951482596e-02
6.541806020066889715e+00 7.497386114861223812e-03 1.484042009453737966e-02
6.581939799331103735e+00 2.445424444646755908e-03 1.495969751812684795e-02
6.622073578595317755e+00 -7.835073878790208696e-03 1.507993620522689489e-02
6.662207357859531776e+00 -1.037063996191102400e-02 1.520114390271458567e-02
6.702341137123745796e+00 9.420128315676359887e-03 1.532332841989950296e-02
6.742474916387959816e+00 2.655203528585905332e-02 1.544649762902689308e-02
6.782608695652173836e+00 -1.200379137291773118e-02 1.557065946578488173e-02
6.822742474916387856e+00 8.016920461387069471e-03 1.569582192981574392e-02
6.862876254180601876e+00 -9.493620527947282603e-03 1.582199308523133535e-02
6.903010033444815896e+00 -1.442588625235694672e-04 1.594918106113264039e-02
6.943143812709029916e+00 -2.755856615326234688e-02 1.607739405213352846e-02
6.983277591973243936e+00 8.357094615812679303e-03 1.620664031888872578e-02
7.023411371237457956e+00 -1.427818048396404908e-02 1.633692818862604243e-02
7.063545150501672865e+00 9.129746090586858542e-03 1.646826605568289803e-02
7.103678929765886885e+00 -1.325554891715419875e-03 1.660066238204713218e-02
7.143812709030100905e+00 6.965270056377616953e-04 1.673412569790225235e-02
7.183946488294314925e+00 -1.441232047526775847e-02 1.686866460217695957e-02
7.224080267558528945e+00 6.551283890527129228e-03 1.700428776309925380e-02
7.264214046822742965e+00 6.907150275004634438e-03 1.714100391875483798e-02
7.304347826086956985e+00 1.590114991168013053e-02 1.727882187765016411e-02
7.344481605351171005e+00 9.072580698291022455e-03 1.741775051927992382e-02
7.384615384615385025e+00 9.634358281207764524e-03 1.755779879469916357e-02
7.424749163879599045e+00 2.477294291363883391e-02 1.769897572709999700e-02
7.464882943143813065e+00 2.825346342132763200e-02 1.784129041239294194e-02
7.505016722408027086e+00 1.477127634289571168e-02 1.798475201979297944e-02
7.545150501672241106e+00 1.162637641549290300e-02 1.812936979241031379e-02
7.585284280936455126e+00 8.786469615756856838e-03 1.827515304784588929e-02
7.625418060200669146e+00 3.006878830593212940e-02 1.842211117879174673e-02
7.665551839464883166e+00 1.287955829006027370e-02 1.857025365363614011e-02
7.705685618729097186e+00 1.526872407835276786e-02 1.871959001707361112e-02
7.745819397993311206e+00 7.462332857606675252e-05 1.887012989071993121e-02
7.785953177257525226e+00 4.728987152240965441e-02 1.902188297373201553e-02
7.826086956521739246e+00 2.791262587217360064e-02 1.917485904343284656e-02
7.866220735785953266e+00 -1.875514271805731742e-02 1.932906795594140081e-02
7.906354515050167286e+00 8.382685396296635227e-03 1.948451964680766521e-02
7.946488294314381307e+00 3.556692171657705598e-02 1.964122413165279857e-02
7.986622073578595327e+00 1.665698347236429372e-02 1.979919150681440712e-02
8.026755852842809347e+00 -5.321279316751449662e-03 1.995843194999706929e-02
8.066889632107024255e+00 8.734662294468190091e-04 2.011895572092805770e-02
8.107023411371237387e+00 2.169711091768999553e-02 2.028077316201834165e-02
8.147157190635452295e+00 9.652800308737366844e-03 2.044389469902900200e-02
8.187290969899665427e+00 6.356887805985286799e-02 2.060833084174289870e-02
8.227424749163880335e+00 5.237114943531910594e-02 2.077409218464183749e-02
8.267558528428093467e+00 2.725176120478587510e-02 2.094118940758913500e-02
8.307692307692308376e+00 2.215579594393705595e-02 2.110963327651775925e-02
8.347826086956521507e+00 2.538331472131148334e-02 2.127943464412390337e-02
8.387959866220736416e+00 2.188217641968685095e-02 2.145060445056629420e-02
8.428093645484949548e+00 6.217716254982479096e-02 2.162315372417098272e-02
8.468227424749164456e+00 4.492695499410268023e-02 2.179709358214196313e-02
8.508361204013377588e+00 -1.834709261934936927e-02 2.197243523127735687e-02
8.548494983277592496e+00 1.974863896024451823e-02 2.214918996869154333e-02
8.588628762541805628e+00 -7.893054210982297647e-04 2.232736918254297348e-02
8.628762541806020536e+00 2.013183987686257420e-02 2.250698435276792669e-02
8.668896321070233668e+00 2.736819816129052244e-02 2.268804705182010314e-02
8.709030100334448576e+00 1.872745090978404636e-02 2.287056894541630511e-02
8.749163879598661708e+00 6.322830060358580750e-02 2.305456179328797123e-02
8.789297658862876617e+00 7.880584209075981728e-03 2.324003744993890716e-02
8.829431438127089748e+00 6.524177851677241680e-03 2.342700786540901844e-02
8.869565217391304657e+00 2.516760209889917776e-03 2.361548508604428137e-02
8.909698996655517789e+00 -1.354271801908411843e-02 2.380548125527282358e-02
8.949832775919732697e+00 -6.634383222662965096e-03 2.399700861438738148e-02
8.989966555183947605e+00 -1.857344030401772775e-02 2.419007950333394372e-02
9.030100334448160737e+00 5.990400985616553542e-02 2.438470636150681659e-02
9.070234113712375645e+00 -2.553893152311900727e-03 2.458090172855011482e-02
9.110367892976588777e+00 1.189455796017837783e-02 2.477867824516561887e-02
9.150501672240803686e+00 1.501495326729892013e-02 2.497804865392727960e-02
9.190635451505016817e+00 1.291835019147562214e-02 2.517902580010213803e-02
9.230769230769231726e+00 9.508491953637253358e-03 2.538162263247801045e-02
9.270903010033444858e+00 4.178583571312285971e-02 2.558585220419767534e-02
9.311036789297659766e+00 9.820024166763707124e-03 2.579172767359997134e-02
9.351170568561872898e+00 4.430406473256215394e-02 2.599926230506750813e-02
9.391304347826087806e+00 4.673212107376651520e-02 2.620846946988133683e-02
9.431438127090300938e+00 4.170875725598643252e-02 2.641936264708237211e-02
9.471571906354515846e+00 1.547142250980897485e-02 2.663195542433993701e-02
9.511705685618728978e+00 3.151751469481413326e-02 2.684626149882709395e-02
9.551839464882943886e+00 3.972446516604079964e-02 2.706229467810325820e-02
9.591973244147157018e+00 3.384244409258701375e-02 2.728006888100369468e-02
9.632107023411371927e+00 2.193690926002623415e-02 2.749959813853639773e-02
9.672240802675585059e+00 6.713556702561207512e-02 2.772089659478600004e-02
9.712374581939799967e+00 1.312640119198381014e-02 2.794397850782515472e-02
9.752508361204013099e+00 9.044982157403927414e-02 2.816885825063310950e-02
9.792642140468228007e+00 6.375031024833176241e-02 2.839555031202177851e-02
9.832775919732441139e+00 1.128060343346055580e-02 2.862406929756920390e-02
9.872909698996656047e+00 6.528640967579074639e-03 2.885442993056065719e-02
9.913043478260869179e+00 4.697261512418891144e-02 2.908664705293713057e-02
9.953177257525084087e+00 6.455281521426195490e-02 2.932073562625173158e-02
9.993311036789297219e+00 8.264595846665645507e-02 2.955671073263351975e-02
1.003344481605351213e+01 4.334468394022896603e-02 2.979458757575931607e-02
1.007357859531772526e+01 6.699325670245592779e-02 3.003438148183321110e-02
1.011371237458194017e+01 9.646134308707796090e-03 3.027610790057407714e-02
1.015384615384615330e+01 1.700040118503410788e-02 3.051978240621089009e-02
1.019397993311036821e+01 1.117790838734029901e-01 3.076542069848628436e-02
1.023411371237458134e+01 2.833510150812917905e-02 3.101303860366794521e-02
1.027424749163879625e+01 8.074435165956900251e-02 3.126265207556840064e-02
1.031438127090301116e+01 4.788433318710993286e-02 3.151427719657282772e-02
1.035451505016722429e+01 5.551861473563052263e-02 3.176793017867524105e-02
1.039464882943143920e+01 6.323337744805153371e-02 3.202362736452306347e-02
1.043478260869565233e+01 1.317562190256024029e-02 3.228138522847004421e-02
1.047491638795986724e+01 2.771134035992153799e-02 3.254122037763766684e-02
1.051505016722408037e+01 6.353288293597654512e-02 3.280314955298511970e-02
1.055518394648829528e+01 7.447456175574426740e-02 3.306718963038798864e-02
1.059531772575250841e+01 7.771058070718900312e-02 3.333335762172543598e-02
1.063545150501672332e+01 1.053504341759888968e-01 3.360167067597637919e-02
1.067558528428093645e+01 4.161746692756891630e-02 3.387214608032426688e-02
1.071571906354515136e+01 3.504762876029743346e-02 3.414480126127100029e-02
1.075585284280936449e+01 8.212536860332055044e-02 3.441965378575957690e-02
1.079598662207357940e+01 1.298502029781773426e-01 3.469672136230605997e-02
1.083612040133779253e+01 6.534299977353277833e-02 3.497602184214038123e-02
1.087625418060200744e+01 3.725481964911940558e-02 3.525757322035660835e-02
1.091638795986622057e+01 8.385379848060645069e-02 3.554139363707219806e-02
1.095652173913043548e+01 9.057232071954698926e-02 3.582750137859695011e-02
1.099665551839464861e+01 6.649805145961572295e-02 3.611591487861098154e-02
1.103678929765886352e+01 -2.718671621101328983e-03 3.640665271935254049e-02
1.107692307692307665e+01 6.083365275853430676e-02 3.669973363281514578e-02
1.111705685618729156e+01 7.550293969014754136e-02 3.699517650195453811e-02
1.115719063545150469e+01 7.900642098427557158e-02 3.729300036190524859e-02
1.119732441471571960e+01 1.053545317582585267e-01 3.759322440120704822e-02
1.123745819397993273e+01 8.241258864198861001e-02 3.789586796304122984e-02
1.127759197324414764e+01 2.978273636532639823e-02 3.820095054647690974e-02
1.131772575250836077e+01 5.955465583252440159e-02 3.850849180772723812e-02
1.135785953177257568e+01 4.058208602975008072e-02 3.881851156141599007e-02
1.139799331103678881e+01 6.900131610688721440e-02 3.913102978185400982e-02
1.143812709030100372e+01 1.117177847826066051e-01 3.944606660432635470e-02
1.147826086956521685e+01 5.064764043393669285e-02 3.976364232638938956e-02
1.151839464882943176e+01 7.906015664556731437e-02 4.008377740917870580e-02
1.155852842809364489e+01 5.087642206756207847e-02 4.040649247872729610e-02
1.159866220735785980e+01 4.799014067338007450e-02 4.073180832729453998e-02
1.163879598662207471e+01 -6.345903234223806977e-03 4.105974591470584051e-02
1.167892976588628784e+01 6.253632036748539569e-02 4.139032636970295387e-02
1.171906354515050275e+01 -2.918665816508675404e-02 4.172357099130544200e-02
1.175919732441471588e+01 3.271066657960244872e-02 4.205950125018279723e-02
1.179933110367893079e+01 5.173565941380452171e-02 4.239813879003791891e-02
1.183946488294314392e+01 1.977000969063456848e-02 4.273950542900146338e-02
1.187959866220735883e+01 4.551464824241909651e-02 4.308362316103771239e-02
1.191973244147157196e+01 9.958516147064089274e-02 4.343051415736148835e-02
1.195986622073578687e+01 1.030976499080178410e-01 4.378020076786672682e-02
1.200000000000000000e+01 5.947248764769797608e-02 4.413270552256642193e-02
