0.000000000000000000e+00 2.601400600702512556e-01 4.040000000000000188e-03
4.013377926421404784e-02 2.582952495259889236e-01 4.072236226492920684e-03
8.026755852842809569e-02 2.642652972266224531e-01 4.104732246560466313e-03
1.204013377926421435e-01 2.528307430575028047e-01 4.137490153893765531e-03
1.605351170568561914e-01 2.542027255994403490e-01 4.170512059057123258e-03
2.006688963210702392e-01 2.571994950102217126e-01 4.203800089623998919e-03
2.408026755852842871e-01 2.526660998496770838e-01 4.237356390314089491e-03
2.809364548494983627e-01 2.563462331443779885e-01 4.271183123131507171e-03
3.210702341137123828e-01 2.532111386348530058e-01 4.305282467504080272e-03
3.612040133779264028e-01 2.532805283882866298e-01 4.339656620423765210e-03
4.013377926421404784e-01 2.557198085054903092e-01 4.374307796588206010e-03
4.414715719063545540e-01 2.519972530261204713e-01 4.409238228543417917e-03
4.816053511705685741e-01 2.586138954952700852e-01 4.444450166827630666e-03
5.217391304347825942e-01 2.524848157724590703e-01 4.479945880116289678e-03
5.618729096989967253e-01 2.523500995734536123e-01 4.515727655368223861e-03
6.020066889632107454e-01 2.479503495794644075e-01 4.551797797972993026e-03
6.421404682274247655e-01 2.514913573933547641e-01 4.588158631899422711e-03
6.822742474916387856e-01 2.484739261854188308e-01 4.624812499845331638e-03
7.224080267558528057e-01 2.487791766363537105e-01 4.661761763388478676e-03
7.625418060200669368e-01 2.367978367414710905e-01 4.699008803138705892e-03
8.026755852842809569e-01 2.412263170651399724e-01 4.736556018891328011e-03
8.428093645484949770e-01 2.379582064399767549e-01 4.774405829781745714e-03
8.829431438127091081e-01 2.325248942038446454e-01 4.812560674441307071e-03
9.230769230769231282e-01 2.363810301972316674e-01 4.851023011154430124e-03
9.632107023411371483e-01 2.382846845352489806e-01 4.889795318016986608e-03
1.003344481605351168e+00 2.319454671042403271e-01 4.928880093095961562e-03
1.043478260869565188e+00 2.378764433682005741e-01 4.968279854590403576e-03
1.083612040133779209e+00 2.269410616153227922e-01 5.007997140993671742e-03
1.123745819397993451e+00 2.252819686366003826e-01 5.048034511256984519e-03
1.163879598662207471e+00 2.164323219744259952e-01 5.088394544954294788e-03
1.204013377926421491e+00 2.248743057102520759e-01 5.129079842448487636e-03
1.244147157190635511e+00 2.216626626755716090e-01 5.170093025058919087e-03
1.284280936454849531e+00 2.199132608335952754e-01 5.211436735230306171e-03
1.324414715719063551e+00 2.077977011946418040e-01 5.253113636702979629e-03
1.364548494983277571e+00 2.188564757514993575e-01 5.295126414684500973e-03
1.404682274247491591e+00 2.065194250034315115e-01 5.337477776022675133e-03
1.444816053511705611e+00 2.115348714260740226e-01 5.380170449379944805e-03
1.484949832775919853e+00 2.122785351848003321e-01 5.423207185409197745e-03
1.525083612040133874e+00 1.985262824039728535e-01 5.466590756930989579e-03
1.565217391304347894e+00 2.026238364544662440e-01 5.510323959112192575e-03
1.605351170568561914e+00 1.981949592413017325e-01 5.554409609646090290e-03
1.645484949832775934e+00 1.922893139981136090e-01 5.598850548933912048e-03
1.685618729096989954e+00 1.970385242619079880e-01 5.643649640267844533e-03
1.725752508361203974e+00 1.854337084259371493e-01 5.688809770015504884e-03
1.765886287625418216e+00 1.821485965847586819e-01 5.734333847805915194e-03
1.806020066889632236e+00 1.856802657103320542e-01 5.780224806716958465e-03
1.846153846153846256e+00 1.837089196069754127e-01 5.826485603464360251e-03
1.886287625418060276e+00 1.845599755793078112e-01 5.873119218592185581e-03
1.926421404682274297e+00 1.799193229641244951e-01 5.920128656664871113e-03
1.966555183946488317e+00 1.703075727258544780e-01 5.967516946460810733e-03
2.006688963210702337e+00 1.714526881612532805e-01 6.015287141167493731e-03
2.046822742474916357e+00 1.721449777546398829e-01 6.063442318578220712e-03
2.086956521739130377e+00 1.758460213523946325e-01 6.111985581290403299e-03
2.127090301003344397e+00 1.611312868211053628e-01 6.160920056905458929e-03
2.167224080267558417e+00 1.589879237412167023e-01 6.210248898230324131e-03
2.207357859531772437e+00 1.549583387235704268e-01 6.259975283480585448e-03
2.247491638795986901e+00 1.580757807579772634e-01 6.310102416485247057e-03
2.287625418060200921e+00 1.539445473457075053e-01 6.360633526893153325e-03
2.327759197324414941e+00 1.394448184130191448e-01 6.411571870381071493e-03
2.367892976588628962e+00 1.421121079228228890e-01 6.462920728863452702e-03
2.408026755852842982e+00 1.492549062700235241e-01 6.514683410703881773e-03
2.448160535117057002e+00 1.398513185027136507e-01 6.566863250928231359e-03
2.488294314381271022e+00 1.452373137893117894e-01 6.619463611439541269e-03
2.528428093645485042e+00 1.395168776591742821e-01 6.672487881234614310e-03
2.568561872909699062e+00 1.494883069646658069e-01 6.725939476622371134e-03
2.608695652173913082e+00 1.343109611834515937e-01 6.779821841443959760e-03
2.648829431438127102e+00 1.359417344962472740e-01 6.834138447294639714e-03
2.688963210702341122e+00 1.267923677793086901e-01 6.888892793747452073e-03
2.729096989966555142e+00 1.339272623680064778e-01 6.944088408578694485e-03
2.769230769230769162e+00 1.189393467994029480e-01 6.999728847995216781e-03
2.809364548494983183e+00 1.266474696401147237e-01 7.055817696863537179e-03
2.849498327759197203e+00 1.138014788904894020e-01 7.112358568940820719e-03
2.889632107023411223e+00 1.117692945305775870e-01 7.169355107107699965e-03
2.929765886287625687e+00 1.078469791347465706e-01 7.226810983602996105e-03
2.969899665551839707e+00 1.160376410649751888e-01 7.284729900260304009e-03
3.010033444816053727e+00 1.086377669999683410e-01 7.343115588746509763e-03
3.050167224080267747e+00 1.051048968657791460e-01 7.401971810802212073e-03
3.090301003344481767e+00 9.660579141885181076e-02 7.461302358484090021e-03
3.130434782608695787e+00 9.030721617471705598e-02 7.521111054409224117e-03
3.170568561872909807e+00 1.014924167510444369e-01 7.581401752001381070e-03
3.210702341137123828e+00 1.012017815713796703e-01 7.642178335739285670e-03
3.250836120401337848e+00 9.672445845204387382e-02 7.703444721406901494e-03
3.290969899665551868e+00 8.868820283150889716e-02 7.765204856345713468e-03
3.331103678929765888e+00 8.794470620641008096e-02 7.827462719709054814e-03
3.371237458193979908e+00 8.105752443252482731e-02 7.890222322718484435e-03
3.411371237458193928e+00 7.762907498590480848e-02 7.953487708922216473e-03
3.451505016722407948e+00 8.316061928516699231e-02 8.017262954455654095e-03
3.491638795986621968e+00 8.340541951884790361e-02 8.081552168304008410e-03
3.531772575250836432e+00 7.291308441696289777e-02 8.146359492567029417e-03
3.571906354515050452e+00 5.864645473362235795e-02 8.211689102725884537e-03
3.612040133779264472e+00 7.686226216250945098e-02 8.277545207912184733e-03
3.652173913043478493e+00 7.023634323194503926e-02 8.343932051179166892e-03
3.692307692307692513e+00 6.738488469474683551e-02 8.410853909775074105e-03
3.732441471571906533e+00 7.013605007138433434e-02 8.478315095418739039e-03
3.772575250836120553e+00 7.033319175045574245e-02 8.546319954577373881e-03
3.812709030100334573e+00 6.735932928182415680e-02 8.614872868746625834e-03
3.852842809364548593e+00 6.586267088368362443e-02 8.683978254732853050e-03
3.892976588628762613e+00 6.478730925366220361e-02 8.753640564937712962e-03
3.933110367892976633e+00 5.340136671949981956e-02 8.823864287645021356e-03
3.973244147157190653e+00 4.154217621812893863e-02 8.894653947309922107e-03
4.013377926421404673e+00 5.480948422804943904e-02 8.966014104850400512e-03
4.053511705685618693e+00 4.834147832518111143e-02 9.037949357941138517e-03
4.093645484949832714e+00 5.032050719285467016e-02 9.110464341309741296e-03
4.133779264214046734e+00 3.959952345178414240e-02 9.183563727035347346e-03
4.173913043478260754e+00 3.624290892530729336e-02 9.257252224849637709e-03
4.214046822742474774e+00 4.601953314317636101e-02 9.331534582440292880e-03
4.254180602006688794e+00 4.914303642375925790e-02 9.406415585756880068e-03
4.294314381270902814e+00 2.921180854062688931e-02 9.481900059319198562e-03
4.334448160535116834e+00 5.246379433470922671e-02 9.557992866528131765e-03
4.374581939799330854e+00 2.862217774617727140e-02 9.634698909978981624e-03
4.414715719063544874e+00 2.649117996789978474e-02 9.712023131777344429e-03
4.454849498327758894e+00 2.300891185516790172e-02 9.789970513857531448e-03
4.494983277591973803e+00 5.202540843334248905e-02 9.868546078303532670e-03
4.535117056856187823e+00 2.367107327077435860e-02 9.947754887672606919e-03
4.575250836120401843e+00 2.146584878879781097e-02 1.002760204532144456e-02
4.615384615384615863e+00 5.036668492041786876e-03 1.010809269573497912e-02
4.655518394648829883e+00 3.445415371793656562e-02 1.018923202485783573e-02
4.695652173913043903e+00 2.984246100244230052e-02 1.027102526042846485e-02
4.735785953177257923e+00 2.104290911107778439e-02 1.035347767231595620e-02
4.775919732441471943e+00 4.642973572311839825e-02 1.043659457285956750e-02
4.816053511705685963e+00 4.774541709617489971e-03 1.052038131721100972e-02
4.856187290969899983e+00 2.103611555066129887e-02 1.060484330367945406e-02
4.896321070234114003e+00 -3.883916521398730892e-03 1.068998597407935965e-02
4.936454849498328024e+00 4.942769956758748251e-03 1.077581481408107153e-02
4.976588628762542044e+00 1.593815048916260441e-02 1.086233535356426194e-02
5.016722408026756064e+00 1.800811685313471328e-02 1.094955316697422167e-02
5.056856187290970084e+00 1.811862025458076814e-02 1.103747387368100505e-02
5.096989966555184104e+00 3.103785711408612105e-02 1.112610313834149454e-02
5.137123745819398124e+00 1.658109377199944168e-02 1.121544667126435704e-02
5.177257525083612144e+00 1.587957773922029497e-02 1.130551022877796311e-02
5.217391304347826164e+00 1.960851685977404654e-03 1.139629961360126217e-02
5.257525083612040184e+00 1.742715625464355197e-02 1.148782067521763976e-02
5.297658862876254204e+00 1.535549186143506453e-02 1.158007931025180348e-02
5.337792642140468224e+00 1.362703071709481933e-02 1.167308146284968748e-02
5.377926421404682245e+00 -1.219109597871408102e-03 1.176683312506144295e-02
5.418060200668896265e+00 3.646286644436106360e-03 1.186134033722748005e-02
5.458193979933110285e+00 1.589305099013182607e-02 1.195660918836767041e-02
5.498327759197324305e+00 9.159337050170615960e-03 1.205264581657362888e-02
5.538461538461538325e+00 1.286975655388521850e-02 1.214945640940420443e-02
5.578595317725752345e+00 1.409978461197805913e-02 1.224704720428413003e-02
5.618729096989966365e+00 3.458488846224191428e-03 1.234542448890589561e-02
5.658862876254180385e+00 2.761681523132966318e-02 1.244459460163486846e-02
5.698996655518394405e+00 8.761874274295505804e-04 1.254456393191765926e-02
5.739130434782608425e+00 4.943625676943427631e-03 1.264533892069378586e-02
5.779264214046822445e+00 1.195833085800258704e-02 1.274692606081066250e-02
5.819397993311037354e+00 1.166692500738518434e-02 1.284933189744193356e-02
5.859531772575251374e+00 1.825890484791246535e-02 1.295256302850916405e-02
5.899665551839465394e+00 9.261633974120494356e-03 1.305662610510694745e-02
5.939799331103679414e+00 -1.039684179920497692e-03 1.316152783193141884e-02
5.979933110367893434e+00 6.262943531848818440e-03 1.326727496771224098e-02
6.020066889632107454e+00 -1.222787714208260941e-02 1.337387432564806841e-02
6.060200668896321474e+00 -1.685966131432285742e-02 1.348133277384550022e-02
6.100334448160535494e+00 7.352295353465503405e-03 1.358965723576159926e-02
6.140468227424749514e+00 -1.018670630900971388e-02 1.369885469064996072e-02
6.180602006688963534e+00 4.306157928671870000e-02 1.380893217401038195e-02
6.220735785953177555e+00 -2.109792995710825514e-03 1.391989677804214218e-02
6.260869565217391575e+00 2.590644651693994188e-02 1.403175565210097384e-02
6.301003344481605595e+00 7.019334383612059122e-03 1.414451600315965417e-02
6.341137123745819615e+00 -1.432583030411789700e-02 1.425818509627237336e-02
6.381270903010033635e+00 -7.805565550571214040e-03 1.437277025504279937e-02
6.421404682274247655e+00 -7.809168793442934631e-03 1.448827886209593137e-02
6.461538461538461675e+00 -2.863115398185260216e-03 1.460471835955378349e-02
6.501672240802675695e+00 1.496061060151685114e-02 1.472209624951482596e-02
6.541806020066889715e+00 -2.610085260666573231e-04 1.484042009453737966e-02
6.581939799331103735e+00 8.673837692037413699e-03 1.495969751812684795e-02
6.622073578595317755e+00 9.054032784520179775e-03 1.507993620522689489e-02
6.662207357859531776e+00 2.747680586296503621e-02 1.520114390271458567e-02
6.702341137123745796e+00 -1.593967015174425211e-02 1.532332841989950296e-02
6.742474916387959816e+00 1.435984735343717907e-02 1.544649762902689308e-02
6.782608695652173836e+00 1.653347721274568347e-02 1.557065946578488173e-02
6.822742474916387856e+00 1.353014973048754024e-02 1.569582192981574392e-02
6.862876254180601876e+00 8.949652886021702836e-03 1.582199308523133535e-02
6.903010033444815896e+00 2.678030381223861500e-02 1.594918106113264039e-02
6.943143812709029916e+00 1.251402961339501650e-02 1.607739405213352846e-02
6.983277591973243936e+00 1.857309529602714157e-02 1.620664031888872578e-02
7.023411371237457956e+00 6.543068951461198865e-03 1.633692818862604243e-02
7.063545150501672865e+00 4.009373156353544104e-02 1.646826605568289803e-02
7.103678929765886885e+00 -1.609299871511149504e-03 1.660066238204713218e-02
7.143812709030100905e+00 3.155549979954777595e-02 1.673412569790225235e-02
7.183946488294314925e+00 3.917846925453991741e-02 1.686866460217695957e-02
7.224080267558528945e+00 4.225066123722454048e-02 1.700428776309925380e-02
7.264214046822742965e+00 5.449613512895144785e-02 1.714100391875483798e-02
7.304347826086956985e+00 3.767988142835608512e-02 1.727882187765016411e-02
7.344481605351171005e+00 1.375851020212828443e-02 1.741775051927992382e-02
7.384615384615385025e+00 4.425778394081678752e-03 1.755779879469916357e-02
7.424749163879599045e+00 5.125236681608790618e-02 1.769897572709999700e-02
7.464882943143813065e+00 3.542233872934473504e-02 1.784129041239294194e-02
7.505016722408027086e+00 7.154307307768333762e-03 1.798475201979297944e-02
7.545150501672241106e+00 2.685458005913071364e-02 1.812936979241031379e-02
7.585284280936455126e+00 3.582732896728801214e-02 1.827515304784588929e-02
7.625418060200669146e+00 2.254019209644507471e-02 1.842211117879174673e-02
7.665551839464883166e+00 2.326668700771125989e-02 1.857025365363614011e-02
7.705685618729097186e+00 1.662448383909376909e-02 1.871959001707361112e-02
7.745819397993311206e+00 3.861786976813484651e-02 1.887012989071993121e-02
7.785953177257525226e+00 1.011910967027154253e-02 1.902188297373201553e-02
7.826086956521739246e+00 3.268966985983302875e-02 1.917485904343284656e-02
7.866220735785953266e+00 2.474352728557365280e-02 1.932906795594140081e-02
7.906354515050167286e+00 3.165962434318569940e-02 1.948451964680766521e-02
7.946488294314381307e+00 4.893491808363958917e-02 1.964122413165279857e-02
7.986622073578595327e+00 4.609265654200779549e-02 1.979919150681440712e-02
8.026755852842809347e+00 -3.017692003066594492e-03 1.995843194999706929e-02
8.066889632107024255e+00 2.934697813202435251e-02 2.011895572092805770e-02
8.107023411371237387e+00 1.800843331549490875e-02 2.028077316201834165e-02
8.147157190635452295e+00 3.403055718884821779e-02 2.044389469902900200e-02
8.187290969899665427e+00 5.141591845204017408e-02 2.060833084174289870e-02
8.227424749163880335e+00 1.332761285644217669e-02 2.077409218464183749e-02
8.267558528428093467e+00 1.736055008135928279e-02 2.094118940758913500e-02
8.307692307692308376e+00 3.938416412213752854e-02 2.110963327651775925e-02
8.347826086956521507e+00 3.163482714324489936e-02 2.127943464412390337e-02
8.387959866220736416e+00 4.175552455109220185e-03 2.145060445056629420e-02
8.428093645484949548e+00 5.668127431467168825e-02 2.162315372417098272e-02
8.468227424749164456e+00 2.046582438418300884e-02 2.179709358214196313e-02
8.508361204013377588e+00 2.282988228234561490e-02 2.197243523127735687e-02
8.548494983277592496e+00 8.566758629512141732e-02 2.214918996869154333e-02
8.588628762541805628e+00 1.577184101971892960e-02 2.232736918254297348e-02
8.628762541806020536e+00 3.526465134782826721e-02 2.250698435276792669e-02
8.668896321070233668e+00 3.445918130622219189e-02 2.268804705182010314e-02
8.709030100334448576e+00 1.209165027308346102e-02 2.287056894541630511e-02
8.749163879598661708e+00 5.443375991497653027e-02 2.305456179328797123e-02
8.789297658862876617e+00 3.847423986308998872e-02 2.324003744993890716e-02
8.829431438127089748e+00 3.805458665877103908e-02 2.342700786540901844e-02
8.869565217391304657e+00 6.944505193649347374e-02 2.361548508604428137e-02
8.909698996655517789e+00 1.359536666945810462e-02 2.380548125527282358e-02
8.949832775919732697e+00 5.530950380642938452e-02 2.399700861438738148e-02
8.989966555183947605e+00 2.571037319468248011e-02 2.419007950333394372e-02
9.030100334448160737e+00 4.251771574398702930e-02 2.438470636150681659e-02
9.070234113712375645e+00 3.649666620313736509e-02 2.458090172855011482e-02
9.110367892976588777e+00 3.637327381112132746e-02 2.477867824516561887e-02
9.150501672240803686e+00 4.995753414043601487e-02 2.497804865392727960e-02
9.190635451505016817e+00 7.931691684962741129e-02 2.517902580010213803e-02
9.230769230769231726e+00 4.203794766606948341e-02 2.538162263247801045e-02
9.270903010033444858e+00 6.241461378736498644e-02 2.558585220419767534e-02
9.311036789297659766e+00 4.978143638960072503e-02 2.579172767359997134e-02
9.351170568561872898e+00 7.603806589442033137e-02 2.599926230506750813e-02
9.391304347826087806e+00 3.450117401737742145e-02 2.620846946988133683e-02
9.431438127090300938e+00 4.272664102830499994e-02 2.641936264708237211e-02
9.471571906354515846e+00 2.049626084187125205e-02 2.663195542433993701e-02
9.511705685618728978e+00 9.972946402935542465e-03 2.684626149882709395e-02
9.551839464882943886e+00 4.144431935585109195e-02 2.706229467810325820e-02
9.591973244147157018e+00 6.654559257330819322e-02 2.728006888100369468e-02
9.632107023411371927e+00 -1.850571572129201120e-02 2.749959813853639773e-02
9.672240802675585059e+00 7.543673267729100740e-02 2.772089659478600004e-02
9.712374581939799967e+00 1.196868720224245342e-01 2.794397850782515472e-02
9.752508361204013099e+00 3.049093259271958706e-02 2.816885825063310950e-02
9.792642140468228007e+00 3.726605623657067157e-02 2.839555031202177851e-02
9.832775919732441139e+00 8.438549928249508558e-02 2.862406929756920390e-02
9.872909698996656047e+00 3.178293212173352589e-02 2.885442993056065719e-02
9.913043478260869179e+00 7.445505508454308696e-02 2.908664705293713057e-02
9.953177257525084087e+00 4.594910650310061323e-02 2.932073562625173158e-02
9.993311036789297219e+00 8.439054692490730036e-02 2.955671073263351975e-02
1.003344481605351213e+01 5.079827790613322680e-02 2.979458757575931607e-02
1.007357859531772526e+01 6.652171152488958739e-02 3.003438148183321110e-02
1.011371237458194017e+01 2.866822591513961196e-02 3.027610790057407714e-02
1.015384615384615330e+01 8.778029920775584638e-02 3.051978240621089009e-02
1.019397993311036821e+01 7.028234001371416739e-02 3.076542069848628436e-02
1.023411371237458134e+01 1.094921655807381544e-01 3.101303860366794521e-02
1.027424749163879625e+01 4.953996637171306089e-02 3.126265207556840064e-02
1.031438127090301116e+01 2.416997993840612133e-02 3.151427719657282772e-02
1.035451505016722429e+01 4.250132878039462880e-02 3.176793017867524105e-02
1.039464882943143920e+01 3.051402375883852797e-02 3.202362736452306347e-02
1.043478260869565233e+01 3.917160090787247251e-02 3.228138522847004421e-02
1.047491638795986724e+01 3.147866700102996962e-02 3.254122037763766684e-02
1.051505016722408037e+01 6.261653419445030455e-02 3.280314955298511970e-02
1.055518394648829528e+01 3.365325227110864403e-02 3.306718963038798864e-02
1.059531772575250841e+01 1.079717911871238278e-01 3.333335762172543598e-02
1.063545150501672332e+01 2.600564761048199808e-02 3.360167067597637919e-02
1.067558528428093645e+01 5.398158606872592580e-02 3.387214608032426688e-02
1.071571906354515136e+01 7.183985823961366868e-02 3.414480126127100029e-02
1.075585284280936449e+01 7.579735978090189341e-02 3.441965378575957690e-02
1.079598662207357940e+01 7.286357401595228156e-02 3.469672136230605997e-02
1.083612040133779253e+01 4.566491993563631668e-02 3.497602184214038123e-02
1.087625418060200744e+01 9.255054930171781324e-02 3.525757322035660835e-02
1.091638795986622057e+01 7.020864779943347678e-02 3.554139363707219806e-02
1.095652173913043548e+01 5.070766635735231287e-02 3.582750137859695011e-02
1.099665551839464861e+01 1.203050708311435985e-01 3.611591487861098154e-02
1.103678929765886352e+01 7.279453287107552628e-02 3.640665271935254049e-02
1.107692307692307665e+01 7.250393211876642041e-02 3.669973363281514578e-02
1.111705685618729156e+01 3.675304977264184925e-02 3.699517650195453811e-02
1.115719063545150469e+01 7.058188283146345221e-02 3.729300036190524859e-02
1.119732441471571960e+01 3.036200624151400018e-04 3.759322440120704822e-02
1.123745819397993273e+01 4.026673712455941523e-02 3.789586796304122984e-02
1.127759197324414764e+01 1.116909181065585677e-01 3.820095054647690974e-02
1.131772575250836077e+01 8.609789687985092144e-02 3.850849180772723812e-02
1.135785953177257568e+01 1.042518289239902918e-01 3.881851156141599007e-02
1.139799331103678881e+01 1.061569085332829121e-01 3.913102978185400982e-02
1.143812709030100372e+01 7.714241230715011832e-02 3.944606660432635470e-02
1.147826086956521685e+01 9.251051436279997264e-02 3.976364232638938956e-02
1.151839464882943176e+01 3.661746784491239082e-02 4.008377740917870580e-02
1.155852842809364489e+01 4.869206875306918841e-02 4.040649247872729610e-02
1.159866220735785980e+01 1.076215526602177230e-01 4.073180832729453998e-02
1.163879598662207471e+01 1.606252090788927167e-01 4.105974591470584051e-02
1.167892976588628784e+01 3.703192487315108694e-02 4.139032636970295387e-02
1.171906354515050275e+01 5.872633701218309132e-02 4.172357099130544200e-02
1.175919732441471588e+01 1.489445530711371035e-02 4.205950125018279723e-02
1.179933110367893079e+01 9.663427035549201904e-02 4.239813879003791891e-02
1.183946488294314392e+01 6.681314292721948767e-02 4.273950542900146338e-02
1.187959866220735883e+01 4.416045588863676263e-02 4.308362316103771239e-02
1.191973244147157196e+01 2.578462454964648709e-02 4.343051415736148835e-02
1.195986622073578687e+01 2.663442784187716739e-03 4.378020076786672682e-02
1.200000000000000000e+01 8.656172783224708178e-02 4.413270552256642193e-02
