0.000000000000000000e+00 2.662608847103775100e-01 4.040000000000000188e-03
4.013377926421404784e-02 2.544537028171405812e-01 4.072236226492920684e-03
8.026755852842809569e-02 2.564409254640711011e-01 4.104732246560466313e-03
1.204013377926421435e-01 2.519666832344692464e-01 4.137490153893765531e-03
1.605351170568561914e-01 2.553496783424728522e-01 4.170512059057123258e-03
2.006688963210702392e-01 2.601271832167380560e-01 4.203800089623998919e-03
2.408026755852842871e-01 2.561312992126793531e-01 4.237356390314089491e-03
2.809364548494983627e-01 2.536259984226065800e-01 4.271183123131507171e-03
3.210702341137123828e-01 2.626131804008054460e-01 4.305282467504080272e-03
3.612040133779264028e-01 2.610661972799064867e-01 4.339656620423765210e-03
4.013377926421404784e-01 2.548995407311922534e-01 4.374307796588206010e-03
4.414715719063545540e-01 2.515888136697373989e-01 4.409238228543417917e-03
4.816053511705685741e-01 2.539074025038849380e-01 4.444450166827630666e-03
5.217391304347825942e-01 2.546158408784888194e-01 4.479945880116289678e-03
5.618729096989967253e-01 2.548507149773122094e-01 4.515727655368223861e-03
6.020066889632107454e-01 2.463811426167543117e-01 4.551797797972993026e-03
6.421404682274247655e-01 2.498157936910075927e-01 4.588158631899422711e-03
6.822742474916387856e-01 2.383620995221652217e-01 4.624812499845331638e-03
7.224080267558528057e-01 2.379304467504863296e-01 4.661761763388478676e-03
7.625418060200669368e-01 2.418525839032030778e-01 4.699008803138705892e-03
8.026755852842809569e-01 2.385319997436184114e-01 4.736556018891328011e-03
8.428093645484949770e-01 2.408636369694260315e-01 4.774405829781745714e-03
8.829431438127091081e-01 2.314541996644284838e-01 4.812560674441307071e-03
9.230769230769231282e-01 2.346225459484205800e-01 4.851023011154430124e-03
9.632107023411371483e-01 2.382701885527558350e-01 4.889795318016986608e-03
1.003344481605351168e+00 2.360516919411786152e-01 4.928880093095961562e-03
1.043478260869565188e+00 2.269403953743773517e-01 4.968279854590403576e-03
1.083612040133779209e+00 2.316636584873667248e-01 5.007997140993671742e-03
1.123745819397993451e+00 2.191219032866487115e-01 5.048034511256984519e-03
1.163879598662207471e+00 2.145326706303943010e-01 5.088394544954294788e-03
1.204013377926421491e+00 2.201829609384904629e-01 5.129079842448487636e-03
1.244147157190635511e+00 2.127787943060518994e-01 5.170093025058919087e-03
1.284280936454849531e+00 2.157182332297935268e-01 5.211436735230306171e-03
1.324414715719063551e+00 2.184691363057575109e-01 5.253113636702979629e-03
1.364548494983277571e+00 2.062786886101685702e-01 5.295126414684500973e-03
1.404682274247491591e+00 1.940226698315081211e-01 5.337477776022675133e-03
1.444816053511705611e+00 2.053628370455009844e-01 5.380170449379944805e-03
1.484949832775919853e+00 1.917882781593398811e-01 5.423207185409197745e-03
1.525083612040133874e+00 1.895252832342248783e-01 5.466590756930989579e-03
1.565217391304347894e+00 1.887850519335069477e-01 5.510323959112192575e-03
1.605351170568561914e+00 1.946502654882775463e-01 5.554409609646090290e-03
1.645484949832775934e+00 1.835551928822944656e-01 5.598850548933912048e-03
1.685618729096989954e+00 1.939118325851177660e-01 5.643649640267844533e-03
1.725752508361203974e+00 1.714725185982977906e-01 5.688809770015504884e-03
1.765886287625418216e+00 1.780600819415895930e-01 5.734333847805915194e-03
1.806020066889632236e+00 1.731635056283456764e-01 5.780224806716958465e-03
1.846153846153846256e+00 1.737278810629146741e-01 5.826485603464360251e-03
1.886287625418060276e+00 1.647028448973036074e-01 5.873119218592185581e-03
1.926421404682274297e+00 1.618712158347970775e-01 5.920128656664871113e-03
1.966555183946488317e+00 1.580640526165009441e-01 5.967516946460810733e-03
2.006688963210702337e+00 1.642186594895780616e-01 6.015287141167493731e-03
2.046822742474916357e+00 1.491078503421252865e-01 6.063442318578220712e-03
2.086956521739130377e+00 1.566944698190106122e-01 6.111985581290403299e-03
2.127090301003344397e+00 1.475198910956997400e-01 6.160920056905458929e-03
2.167224080267558417e+00 1.480570008602838661e-01 6.210248898230324131e-03
2.207357859531772437e+00 1.502796072236702307e-01 6.259975283480585448e-03
2.247491638795986901e+00 1.614495775040314940e-01 6.310102416485247057e-03
2.287625418060200921e+00 1.448804325060052134e-01 6.360633526893153325e-03
2.327759197324414941e+00 1.412814601194590514e-01 6.411571870381071493e-03
2.367892976588628962e+00 1.328187435252538573e-01 6.462920728863452702e-03
2.408026755852842982e+00 1.267906071614867403e-01 6.514683410703881773e-03
2.448160535117057002e+00 1.179515244044086336e-01 6.566863250928231359e-03
2.488294314381271022e+00 1.293293245667759273e-01 6.619463611439541269e-03
2.528428093645485042e+00 1.187772757192036288e-01 6.672487881234614310e-03
2.568561872909699062e+00 1.134521584704054759e-01 6.725939476622371134e-03
2.608695652173913082e+00 1.358333246318591536e-01 6.779821841443959760e-03
2.648829431438127102e+00 1.148857506008071350e-01 6.834138447294639714e-03
2.688963210702341122e+00 1.049562365974987393e-01 6.888892793747452073e-03
2.729096989966555142e+00 1.025830152683714080e-01 6.944088408578694485e-03
2.769230769230769162e+00 1.010933982510585499e-01 6.999728847995216781e-03
2.809364548494983183e+00 9.485161894459226417e-02 7.055817696863537179e-03
2.849498327759197203e+00 9.862776864633190921e-02 7.112358568940820719e-03
2.889632107023411223e+00 9.286830974159734908e-02 7.169355107107699965e-03
2.929765886287625687e+00 7.969845210655979173e-02 7.226810983602996105e-03
2.969899665551839707e+00 9.598846283938890223e-02 7.284729900260304009e-03
3.010033444816053727e+00 9.216807423171946567e-02 7.343115588746509763e-03
3.050167224080267747e+00 8.859142311871620601e-02 7.401971810802212073e-03
3.090301003344481767e+00 9.642556238238064736e-02 7.461302358484090021e-03
3.130434782608695787e+00 7.662392012065341595e-02 7.521111054409224117e-03
3.170568561872909807e+00 7.073481969623636456e-02 7.581401752001381070e-03
3.210702341137123828e+00 7.193761643856544374e-02 7.642178335739285670e-03
3.250836120401337848e+00 7.469781684729294435e-02 7.703444721406901494e-03
3.290969899665551868e+00 7.718333936945118157e-02 7.765204856345713468e-03
3.331103678929765888e+00 6.014496807087430646e-02 7.827462719709054814e-03
3.371237458193979908e+00 5.477408580946994260e-02 7.890222322718484435e-03
3.411371237458193928e+00 6.197114037808298254e-02 7.953487708922216473e-03
3.451505016722407948e+00 5.629784385434725980e-02 8.017262954455654095e-03
3.491638795986621968e+00 4.648349472690186529e-02 8.081552168304008410e-03
3.531772575250836432e+00 4.179621505573841156e-02 8.146359492567029417e-03
3.571906354515050452e+00 5.254026196640395469e-02 8.211689102725884537e-03
3.612040133779264472e+00 5.881159814022032112e-02 8.277545207912184733e-03
3.652173913043478493e+00 5.429187798017332672e-02 8.343932051179166892e-03
3.692307692307692513e+00 4.571669559669438998e-02 8.410853909775074105e-03
3.732441471571906533e+00 4.413711158295523240e-02 8.478315095418739039e-03
3.772575250836120553e+00 2.908853210841959996e-02 8.546319954577373881e-03
3.812709030100334573e+00 4.086609802913752920e-02 8.614872868746625834e-03
3.852842809364548593e+00 4.269782730407732652e-02 8.683978254732853050e-03
3.892976588628762613e+00 4.840109351677781419e-02 8.753640564937712962e-03
3.933110367892976633e+00 3.741614634173690696e-02 8.823864287645021356e-03
3.973244147157190653e+00 5.615024297129286857e-02 8.894653947309922107e-03
4.013377926421404673e+00 2.656875716049027225e-02 8.966014104850400512e-03
4.053511705685618693e+00 1.932389878123160973e-02 9.037949357941138517e-03
4.093645484949832714e+00 4.656599088587874691e-02 9.110464341309741296e-03
4.133779264214046734e+00 2.902779072176997488e-02 9.183563727035347346e-03
4.173913043478260754e+00 2.932991571255900293e-02 9.257252224849637709e-03
4.214046822742474774e+00 2.563197332954313123e-02 9.331534582440292880e-03
4.254180602006688794e+00 6.570233462689398923e-03 9.406415585756880068e-03
4.294314381270902814e+00 3.407842030904992270e-02 9.481900059319198562e-03
4.334448160535116834e+00 2.025217750280040169e-02 9.557992866528131765e-03
4.374581939799330854e+00 1.307336919843280452e-02 9.634698909978981624e-03
4.414715719063544874e+00 1.833142813876656105e-02 9.712023131777344429e-03
4.454849498327758894e+00 1.640016821319476709e-02 9.789970513857531448e-03
4.494983277591973803e+00 4.157413266696891041e-02 9.868546078303532670e-03
4.535117056856187823e+00 1.887754740531340930e-02 9.947754887672606919e-03
4.575250836120401843e+00 3.503859043488644770e-03 1.002760204532144456e-02
4.615384615384615863e+00 1.182426814582100000e-02 1.010809269573497912e-02
4.655518394648829883e+00 3.735837488403285361e-03 1.018923202485783573e-02
4.695652173913043903e+00 -6.996059384148253790e-03 1.027102526042846485e-02
4.735785953177257923e+00 2.139868804438562269e-02 1.035347767231595620e-02
4.775919732441471943e+00 4.986894108099248699e-03 1.043659457285956750e-02
4.816053511705685963e+00 1.844185994434384065e-02 1.052038131721100972e-02
4.856187290969899983e+00 3.334166980172645345e-02 1.060484330367945406e-02
4.896321070234114003e+00 2.842155482563514177e-03 1.068998597407935965e-02
4.936454849498328024e+00 6.230108182598568904e-03 1.077581481408107153e-02
4.976588628762542044e+00 6.220880818442140262e-03 1.086233535356426194e-02
5.016722408026756064e+00 1.799527877529604608e-02 1.094955316697422167e-02
5.056856187290970084e+00 3.646292317359563218e-02 1.103747387368100505e-02
5.096989966555184104e+00 -5.551998032890612805e-03 1.112610313834149454e-02
5.137123745819398124e+00 -1.347889015899977200e-03 1.121544667126435704e-02
5.177257525083612144e+00 1.448546376852607662e-02 1.130551022877796311e-02
5.217391304347826164e+00 -1.252669442338586077e-02 1.139629961360126217e-02
5.257525083612040184e+00 2.270366602466265815e-02 1.148782067521763976e-02
5.297658862876254204e+00 9.868810415806245767e-03 1.158007931025180348e-02
5.337792642140468224e+00 -7.044946449083678078e-03 1.167308146284968748e-02
5.377926421404682245e+00 8.865495032966838607e-03 1.176683312506144295e-02
5.418060200668896265e+00 -5.599872995025295327e-03 1.186134033722748005e-02
5.458193979933110285e+00 8.843215366832033256e-03 1.195660918836767041e-02
5.498327759197324305e+00 -1.466967787066425326e-02 1.205264581657362888e-02
5.538461538461538325e+00 2.456062324493737611e-02 1.214945640940420443e-02
5.578595317725752345e+00 5.843520201263717115e-04 1.224704720428413003e-02
5.618729096989966365e+00 1.238983598043534064e-02 1.234542448890589561e-02
5.658862876254180385e+00 3.541237452544262337e-02 1.244459460163486846e-02
5.698996655518394405e+00 1.901552612260779332e-02 1.254456393191765926e-02
5.739130434782608425e+00 9.341111183022820022e-03 1.264533892069378586e-02
5.779264214046822445e+00 3.978312012824963655e-03 1.274692606081066250e-02
5.819397993311037354e+00 6.545917374103269251e-03 1.284933189744193356e-02
5.859531772575251374e+00 6.160066976738713847e-03 1.295256302850916405e-02
5.899665551839465394e+00 1.767591498190007604e-02 1.305662610510694745e-02
5.939799331103679414e+00 1.465038617896341488e-02 1.316152783193141884e-02
5.979933110367893434e+00 4.458447482606216900e-02 1.326727496771224098e-02
6.020066889632107454e+00 3.596054861136627721e-03 1.337387432564806841e-02
6.060200668896321474e+00 1.380601856385454962e-02 1.348133277384550022e-02
6.100334448160535494e+00 1.336998091878108426e-02 1.358965723576159926e-02
6.140468227424749514e+00 -8.161230156063655275e-03 1.369885469064996072e-02
6.180602006688963534e+00 1.180553531932530993e-02 1.380893217401038195e-02
6.220735785953177555e+00 3.891494608011818526e-03 1.391989677804214218e-02
6.260869565217391575e+00 4.277900545631539361e-03 1.403175565210097384e-02
6.301003344481605595e+00 3.152497981729640575e-02 1.414451600315965417e-02
6.341137123745819615e+00 1.204807554351741000e-02 1.425818509627237336e-02
6.381270903010033635e+00 3.308483876441908195e-02 1.437277025504279937e-02
6.421404682274247655e+00 1.282531057223847831e-02 1.448827886209593137e-02
6.461538461538461675e+00 1.699936706207454823e-02 1.460471835955378349e-02
6.501672240802675695e+00 1.540246019323898360e-02 1.472209624951482596e-02
6.541806020066889715e+00 -8.136184013082789490e-03 1.484042009453737966e-02
6.581939799331103735e+00 4.585929670864644092e-02 1.495969751812684795e-02
6.622073578595317755e+00 3.792727799643723363e-02 1.507993620522689489e-02
6.662207357859531776e+00 4.035219451634654286e-02 1.520114390271458567e-02
6.702341137123745796e+00 5.595475190989994407e-02 1.532332841989950296e-02
6.742474916387959816e+00 3.071361911039085374e-02 1.544649762902689308e-02
6.782608695652173836e+00 3.032451382316980748e-02 1.557065946578488173e-02
6.822742474916387856e+00 -1.148291496672212975e-03 1.569582192981574392e-02
6.862876254180601876e+00 2.917216666533205272e-02 1.582199308523133535e-02
6.903010033444815896e+00 3.140203139642279428e-02 1.594918106113264039e-02
6.943143812709029916e+00 4.365178404648333010e-02 1.607739405213352846e-02
6.983277591973243936e+00 4.279023388404239181e-02 1.620664031888872578e-02
7.023411371237457956e+00 2.128799588730804701e-02 1.633692818862604243e-02
7.063545150501672865e+00 -9.648632814055726342e-03 1.646826605568289803e-02
7.103678929765886885e+00 2.742778382293024897e-03 1.660066238204713218e-02
7.143812709030100905e+00 8.393285755481025290e-05 1.673412569790225235e-02
7.183946488294314925e+00 5.987682798075832230e-03 1.686866460217695957e-02
7.224080267558528945e+00 2.321950007934770605e-02 1.700428776309925380e-02
7.264214046822742965e+00 3.169728239880340720e-02 1.714100391875483798e-02
7.304347826086956985e+00 -1.507698679485927271e-02 1.727882187765016411e-02
7.344481605351171005e+00 3.381761294221889702e-02 1.741775051927992382e-02
7.384615384615385025e+00 4.605757583889490830e-02 1.755779879469916357e-02
7.424749163879599045e+00 3.121889510838633114e-02 1.769897572709999700e-02
7.464882943143813065e+00 7.266761954814592028e-03 1.784129041239294194e-02
7.505016722408027086e+00 6.182425271354036189e-02 1.798475201979297944e-02
7.545150501672241106e+00 3.537347815341474605e-02 1.812936979241031379e-02
7.585284280936455126e+00 3.574026166034686980e-02 1.827515304784588929e-02
7.625418060200669146e+00 5.343646577747175608e-02 1.842211117879174673e-02
7.665551839464883166e+00 1.638139403406294048e-02 1.857025365363614011e-02
7.705685618729097186e+00 7.981671371772575130e-02 1.871959001707361112e-02
7.745819397993311206e+00 2.895765758131538248e-02 1.887012989071993121e-02
7.785953177257525226e+00 3.979844498205152570e-02 1.902188297373201553e-02
7.826086956521739246e+00 4.909228633528958663e-02 1.917485904343284656e-02
7.866220735785953266e+00 1.783909300668823361e-03 1.932906795594140081e-02
7.906354515050167286e+00 3.633030715290685997e-02 1.948451964680766521e-02
7.946488294314381307e+00 3.433298638870695141e-02 1.964122413165279857e-02
7.986622073578595327e+00 2.797705042191555094e-02 1.979919150681440712e-02
8.026755852842809347e+00 2.358302076475447123e-02 1.995843194999706929e-02
8.066889632107024255e+00 5.165581917714597709e-02 2.011895572092805770e-02
8.107023411371237387e+00 2.067719186687050695e-02 2.028077316201834165e-02
8.147157190635452295e+00 2.195148964630776883e-02 2.044389469902900200e-02
8.187290969899665427e+00 2.632100389759535475e-02 2.060833084174289870e-02
8.227424749163880335e+00 2.456004657445530134e-02 2.077409218464183749e-02
8.267558528428093467e+00 1.380348020341414655e-02 2.094118940758913500e-02
8.307692307692308376e+00 6.151614447082665027e-02 2.110963327651775925e-02
8.347826086956521507e+00 1.859657566551015107e-02 2.127943464412390337e-02
8.387959866220736416e+00 6.021706200822946053e-02 2.145060445056629420e-02
8.428093645484949548e+00 1.502847041316028587e-02 2.162315372417098272e-02
8.468227424749164456e+00 5.028822165477613709e-02 2.179709358214196313e-02
8.508361204013377588e+00 4.678794585949708901e-02 2.197243523127735687e-02
8.548494983277592496e+00 6.781107437951031103e-02 2.214918996869154333e-02
8.588628762541805628e+00 5.198567090791818279e-02 2.232736918254297348e-02
8.628762541806020536e+00 7.121663219585437632e-02 2.250698435276792669e-02
8.668896321070233668e+00 4.026482998376777062e-02 2.268804705182010314e-02
8.709030100334448576e+00 3.801172154352921301e-02 2.287056894541630511e-02
8.749163879598661708e+00 4.775747643790845265e-02 2.305456179328797123e-02
8.789297658862876617e+00 5.574759888012085357e-02 2.324003744993890716e-02
8.829431438127089748e+00 6.289026865049296422e-02 2.342700786540901844e-02
8.869565217391304657e+00 7.741053895059062107e-02 2.361548508604428137e-02
8.909698996655517789e+00 7.427991291028468446e-02 2.380548125527282358e-02
8.949832775919732697e+00 7.411036710313928522e-02 2.399700861438738148e-02
8.989966555183947605e+00 3.871610300265197757e-02 2.419007950333394372e-02
9.030100334448160737e+00 6.834560973155288932e-02 2.438470636150681659e-02
9.070234113712375645e+00 6.911837208897965434e-02 2.458090172855011482e-02
9.110367892976588777e+00 5.135173647008511866e-02 2.477867824516561887e-02
9.150501672240803686e+00 1.206736196257322119e-02 2.497804865392727960e-02
9.190635451505016817e+00 5.128960664002225195e-02 2.517902580010213803e-02
9.230769230769231726e+00 5.777957151233775734e-02 2.538162263247801045e-02
9.270903010033444858e+00 4.074267981124409660e-02 2.558585220419767534e-02
9.311036789297659766e+00 7.300896215707186609e-02 2.579172767359997134e-02
9.351170568561872898e+00 7.062559219911039576e-02 2.599926230506750813e-02
9.391304347826087806e+00 3.156236576959755430e-02 2.620846946988133683e-02
9.431438127090300938e+00 5.754982409681880934e-02 2.641936264708237211e-02
9.471571906354515846e+00 9.240400091054820630e-02 2.663195542433993701e-02
9.511705685618728978e+00 7.920385548136704701e-02 2.684626149882709395e-02
9.551839464882943886e+00 5.356786449336697897e-02 2.706229467810325820e-02
9.591973244147157018e+00 2.001596998524807214e-02 2.728006888100369468e-02
9.632107023411371927e+00 4.100538042403216454e-02 2.749959813853639773e-02
9.672240802675585059e+00 1.002522739032505883e-01 2.772089659478600004e-02
9.712374581939799967e+00 4.243977849788383577e-02 2.794397850782515472e-02
9.752508361204013099e+00 7.896271089930100018e-02 2.816885825063310950e-02
9.792642140468228007e+00 7.940139297019600806e-02 2.839555031202177851e-02
9.832775919732441139e+00 9.737564885048245744e-02 2.862406929756920390e-02
9.872909698996656047e+00 4.385264377457223639e-02 2.885442993056065719e-02
9.913043478260869179e+00 2.749750002683232913e-02 2.908664705293713057e-02
9.953177257525084087e+00 4.083492407835530302e-02 2.932073562625173158e-02
9.993311036789297219e+00 1.206791650109974579e-01 2.955671073263351975e-02
1.003344481605351213e+01 9.842139645010719584e-02 2.979458757575931607e-02
1.007357859531772526e+01 6.370177038664444347e-02 3.003438148183321110e-02
1.011371237458194017e+01 5.344203734434243430e-02 3.027610790057407714e-02
1.015384615384615330e+01 9.896303012344273564e-02 3.051978240621089009e-02
1.019397993311036821e+01 9.901265521033694728e-03 3.076542069848628436e-02
1.023411371237458134e+01 2.697705075321299439e-03 3.101303860366794521e-02
1.027424749163879625e+01 4.450009641528893806e-02 3.126265207556840064e-02
1.031438127090301116e+01 4.024008789849209400e-02 3.151427719657282772e-02
1.035451505016722429e+01 5.947174702661026796e-02 3.176793017867524105e-02
1.039464882943143920e+01 9.524242101649124659e-02 3.202362736452306347e-02
1.043478260869565233e+01 -1.109694681050444470e-02 3.228138522847004421e-02
1.047491638795986724e+01 8.602638841300605521e-02 3.254122037763766684e-02
1.051505016722408037e+01 8.353997920438997749e-02 3.280314955298511970e-02
1.055518394648829528e+01 6.705605500826436471e-02 3.306718963038798864e-02
1.059531772575250841e+01 4.280038638921816047e-02 3.333335762172543598e-02
1.063545150501672332e+01 9.066964218730426406e-03 3.360167067597637919e-02
1.067558528428093645e+01 9.693173968469874502e-02 3.387214608032426688e-02
1.071571906354515136e+01 1.004640627546787013e-01 3.414480126127100029e-02
1.075585284280936449e+01 7.277848635328500182e-02 3.441965378575957690e-02
1.079598662207357940e+01 7.386873310059219322e-02 3.469672136230605997e-02
1.083612040133779253e+01 9.196934870776250770e-02 3.497602184214038123e-02
1.087625418060200744e+01 8.200361579797152412e-02 3.525757322035660835e-02
1.091638795986622057e+01 4.462520036964894715e-02 3.554139363707219806e-02
1.095652173913043548e+01 6.300003323318781323e-02 3.582750137859695011e-02
1.099665551839464861e+01 8.921869924606279367e-02 3.611591487861098154e-02
1.103678929765886352e+01 2.844146637574949260e-02 3.640665271935254049e-02
1.107692307692307665e+01 -1.857714403634527778e-02 3.669973363281514578e-02
1.111705685618729156e+01 7.705679415014582423e-02 3.699517650195453811e-02
1.115719063545150469e+01 6.875816379087731911e-02 3.729300036190524859e-02
1.119732441471571960e+01 3.195089138848097865e-02 3.759322440120704822e-02
1.123745819397993273e+01 8.163205579010562873e-02 3.789586796304122984e-02
1.127759197324414764e+01 3.073787795817853330e-02 3.820095054647690974e-02
1.131772575250836077e+01 1.130655781505898599e-01 3.850849180772723812e-02
1.135785953177257568e+01 8.580938922973323224e-02 3.881851156141599007e-02
1.139799331103678881e+01 9.678521771305267918e-02 3.913102978185400982e-02
1.143812709030100372e+01 1.157740035413481750e-01 3.944606660432635470e-02
1.147826086956521685e+01 7.392884103183466893e-02 3.976364232638938956e-02
1.151839464882943176e+01 7.482492175211033492e-03 4.008377740917870580e-02
1.155852842809364489e+01 3.082128405590585374e-02 4.040649247872729610e-02
1.159866220735785980e+01 7.389650927969967920e-02 4.073180832729453998e-02
1.163879598662207471e+01 -1.025930112255961368e-02 4.105974591470584051e-02
1.167892976588628784e+01 1.997989340867319802e-02 4.139032636970295387e-02
1.171906354515050275e+01 5.034972278098132081e-02 4.172357099130544200e-02
1.175919732441471588e+01 3.678475908187443799e-02 4.205950125018279723e-02
1.179933110367893079e+01 4.047563040528488060e-02 4.239813879003791891e-02
1.183946488294314392e+01 5.889404925352337977e-02 4.273950542900146338e-02
1.187959866220735883e+01 -6.166992919378652682e-03 4.308362316103771239e-02
1.191973244147157196e+01 4.775546155434047535e-02 4.343051415736148835e-02
1.195986622073578687e+01 1.233468216025416508e-01 4.378020076786672682e-02
1.200000000000000000e+01 9.786468474445877974e-03 4.413270552256642193e-02
