0.000000000000000000e+00 2.578635846673457133e-01 4.040000000000000188e-03
4.013377926421404784e-02 2.563421281445996680e-01 4.072236226492920684e-03
8.026755852842809569e-02 2.563930754257194855e-01 4.104732246560466313e-03
1.204013377926421435e-01 2.550502955162720076e-01 4.137490153893765531e-03
1.605351170568561914e-01 2.629457023493239620e-01 4.170512059057123258e-03
2.006688963210702392e-01 2.601421515788032712e-01 4.203800089623998919e-03
2.408026755852842871e-01 2.550682260308785865e-01 4.237356390314089491e-03
2.809364548494983627e-01 2.567691617718321773e-01 4.271183123131507171e-03
3.210702341137123828e-01 2.554925074570037480e-01 4.305282467504080272e-03
3.612040133779264028e-01 2.620334945033030993e-01 4.339656620423765210e-03
4.013377926421404784e-01 2.443735426765691610e-01 4.374307796588206010e-03
4.414715719063545540e-01 2.499663589665149233e-01 4.409238228543417917e-03
4.816053511705685741e-01 2.425679267350185353e-01 4.444450166827630666e-03
5.217391304347825942e-01 2.454869366420137644e-01 4.479945880116289678e-03
5.618729096989967253e-01 2.474357839894459621e-01 4.515727655368223861e-03
6.020066889632107454e-01 2.463692642113847198e-01 4.551797797972993026e-03
6.421404682274247655e-01 2.524632918111156532e-01 4.588158631899422711e-03
6.822742474916387856e-01 2.382966051292383647e-01 4.624812499845331638e-03
7.224080267558528057e-01 2.472913935262227025e-01 4.661761763388478676e-03
7.625418060200669368e-01 2.487180239157120998e-01 4.699008803138705892e-03
8.026755852842809569e-01 2.349839749638188702e-01 4.736556018891328011e-03
8.428093645484949770e-01 2.331169753629982189e-01 4.774405829781745714e-03
8.829431438127091081e-01 2.348834211166165586e-01 4.812560674441307071e-03
9.230769230769231282e-01 2.324962958419322656e-01 4.851023011154430124e-03
9.632107023411371483e-01 2.209889848903142939e-01 4.889795318016986608e-03
1.003344481605351168e+00 2.231494833361439833e-01 4.928880093095961562e-03
1.043478260869565188e+00 2.175211432131327338e-01 4.968279854590403576e-03
1.083612040133779209e+00 2.162497284138467368e-01 5.007997140993671742e-03
1.123745819397993451e+00 2.150457598253429914e-01 5.048034511256984519e-03
1.163879598662207471e+00 2.190961331644120658e-01 5.088394544954294788e-03
1.204013377926421491e+00 2.141908272458930562e-01 5.129079842448487636e-03
1.244147157190635511e+00 2.139024361298135779e-01 5.170093025058919087e-03
1.284280936454849531e+00 2.034558156330208700e-01 5.211436735230306171e-03
1.324414715719063551e+00 2.040585811394365900e-01 5.253113636702979629e-03
1.364548494983277571e+00 1.994448021754503531e-01 5.295126414684500973e-03
1.404682274247491591e+00 1.988596653762322308e-01 5.337477776022675133e-03
1.444816053511705611e+00 1.877139856614126190e-01 5.380170449379944805e-03
1.484949832775919853e+00 1.925523619310553769e-01 5.423207185409197745e-03
1.525083612040133874e+00 1.956093394176978140e-01 5.466590756930989579e-03
1.565217391304347894e+00 1.832469831604269794e-01 5.510323959112192575e-03
1.605351170568561914e+00 1.838497698283490245e-01 5.554409609646090290e-03
1.645484949832775934e+00 1.752659679825478156e-01 5.598850548933912048e-03
1.685618729096989954e+00 1.865533999215283345e-01 5.643649640267844533e-03
1.725752508361203974e+00 1.643675866752086490e-01 5.688809770015504884e-03
1.765886287625418216e+00 1.493786795529820910e-01 5.734333847805915194e-03
1.806020066889632236e+00 1.663224245609535856e-01 5.780224806716958465e-03
1.846153846153846256e+00 1.675542042293148570e-01 5.826485603464360251e-03
1.886287625418060276e+00 1.622516869146728713e-01 5.873119218592185581e-03
1.926421404682274297e+00 1.539821187955240644e-01 5.920128656664871113e-03
1.966555183946488317e+00 1.555094270634129749e-01 5.967516946460810733e-03
2.006688963210702337e+00 1.430038880347638264e-01 6.015287141167493731e-03
2.046822742474916357e+00 1.391922029932568805e-01 6.063442318578220712e-03
2.086956521739130377e+00 1.361892757538350762e-01 6.111985581290403299e-03
2.127090301003344397e+00 1.431699266121392866e-01 6.160920056905458929e-03
2.167224080267558417e+00 1.322928526655727521e-01 6.210248898230324131e-03
2.207357859531772437e+00 1.378326311193073528e-01 6.259975283480585448e-03
2.247491638795986901e+00 1.279081551017846596e-01 6.310102416485247057e-03
2.287625418060200921e+00 1.288539784073488292e-01 6.360633526893153325e-03
2.327759197324414941e+00 1.183821782802649963e-01 6.411571870381071493e-03
2.367892976588628962e+00 1.171245814881267666e-01 6.462920728863452702e-03
2.408026755852842982e+00 1.160408380493514469e-01 6.514683410703881773e-03
2.448160535117057002e+00 1.198283272541887656e-01 6.566863250928231359e-03
2.488294314381271022e+00 1.190567310191771172e-01 6.619463611439541269e-03
2.528428093645485042e+00 1.021963031749732881e-01 6.672487881234614310e-03
2.568561872909699062e+00 1.000577645362610707e-01 6.725939476622371134e-03
2.608695652173913082e+00 9.812417319263487536e-02 6.779821841443959760e-03
2.648829431438127102e+00 9.573815402245960948e-02 6.834138447294639714e-03
2.688963210702341122e+00 8.559274497987989783e-02 6.888892793747452073e-03
2.729096989966555142e+00 8.737314506946948500e-02 6.944088408578694485e-03
2.769230769230769162e+00 8.440837942885821843e-02 6.999728847995216781e-03
2.809364548494983183e+00 7.506213728850923139e-02 7.055817696863537179e-03
2.849498327759197203e+00 8.126860729265784899e-02 7.112358568940820719e-03
2.889632107023411223e+00 7.601975484696735230e-02 7.169355107107699965e-03
2.929765886287625687e+00 7.115473374016412222e-02 7.226810983602996105e-03
2.969899665551839707e+00 7.206129431531856089e-02 7.284729900260304009e-03
3.010033444816053727e+00 7.092542907653791306e-02 7.343115588746509763e-03
3.050167224080267747e+00 5.417024070525093549e-02 7.401971810802212073e-03
3.090301003344481767e+00 6.788168038958429518e-02 7.461302358484090021e-03
3.130434782608695787e+00 7.101786795375689132e-02 7.521111054409224117e-03
3.170568561872909807e+00 6.225963068321439114e-02 7.581401752001381070e-03
3.210702341137123828e+00 5.503790824968052969e-02 7.642178335739285670e-03
3.250836120401337848e+00 5.301846670319416283e-02 7.703444721406901494e-03
3.290969899665551868e+00 4.517231777152346667e-02 7.765204856345713468e-03
3.331103678929765888e+00 4.761656295238316655e-02 7.827462719709054814e-03
3.371237458193979908e+00 5.111083190303884749e-02 7.890222322718484435e-03
3.411371237458193928e+00 4.324491488370686004e-02 7.953487708922216473e-03
3.451505016722407948e+00 4.068820011804103604e-02 8.017262954455654095e-03
3.491638795986621968e+00 4.677793487233013886e-02 8.081552168304008410e-03
3.531772575250836432e+00 5.018747663384338920e-02 8.146359492567029417e-03
3.571906354515050452e+00 2.998669164170018192e-02 8.211689102725884537e-03
3.612040133779264472e+00 4.768237703707840780e-02 8.277545207912184733e-03
3.652173913043478493e+00 3.535292816943613747e-02 8.343932051179166892e-03
3.692307692307692513e+00 3.744795366513822138e-02 8.410853909775074105e-03
3.732441471571906533e+00 3.727587228589876456e-02 8.478315095418739039e-03
3.772575250836120553e+00 3.215782572583095883e-02 8.546319954577373881e-03
3.812709030100334573e+00 1.849428764918597048e-02 8.614872868746625834e-03
3.852842809364548593e+00 2.940320087065649221e-02 8.683978254732853050e-03
3.892976588628762613e+00 3.371224027767308340e-02 8.753640564937712962e-03
3.933110367892976633e+00 3.228208386697666021e-02 8.823864287645021356e-03
3.973244147157190653e+00 4.154570152107513181e-02 8.894653947309922107e-03
4.013377926421404673e+00 2.771620271147606784e-02 8.966014104850400512e-03
4.053511705685618693e+00 1.452689630619685354e-02 9.037949357941138517e-03
4.093645484949832714e+00 1.374184527868346772e-02 9.110464341309741296e-03
4.133779264214046734e+00 3.503299979408659032e-02 9.183563727035347346e-03
4.173913043478260754e+00 5.269270175412451435e-03 9.257252224849637709e-03
4.214046822742474774e+00 2.853857070572754853e-02 9.331534582440292880e-03
4.254180602006688794e+00 2.617681928573430128e-03 9.406415585756880068e-03
4.294314381270902814e+00 3.211620280999168825e-02 9.481900059319198562e-03
4.334448160535116834e+00 1.997621702407582217e-02 9.557992866528131765e-03
4.374581939799330854e+00 9.685394149595212901e-03 9.634698909978981624e-03
4.414715719063544874e+00 7.615703798784166992e-03 9.712023131777344429e-03
4.454849498327758894e+00 1.562456661824774759e-02 9.789970513857531448e-03
4.494983277591973803e+00 1.750988321160389799e-02 9.868546078303532670e-03
4.535117056856187823e+00 9.899446885045619371e-03 9.947754887672606919e-03
4.575250836120401843e+00 -7.278483858827155747e-03 1.002760204532144456e-02
4.615384615384615863e+00 5.203036558887382847e-03 1.010809269573497912e-02
4.655518394648829883e+00 -3.981427062125380417e-03 1.018923202485783573e-02
4.695652173913043903e+00 5.106093136868218064e-03 1.027102526042846485e-02
4.735785953177257923e+00 6.951788790329257312e-04 1.035347767231595620e-02
4.775919732441471943e+00 -1.334160417365247431e-02 1.043659457285956750e-02
4.816053511705685963e+00 1.415202787951279698e-02 1.052038131721100972e-02
4.856187290969899983e+00 4.018809872261623097e-03 1.060484330367945406e-02
4.896321070234114003e+00 1.569159642495354667e-02 1.068998597407935965e-02
4.936454849498328024e+00 1.162706572119276763e-02 1.077581481408107153e-02
4.976588628762542044e+00 6.115954231851147491e-03 1.086233535356426194e-02
5.016722408026756064e+00 1.111104874793510111e-02 1.094955316697422167e-02
5.056856187290970084e+00 -6.004675579819370584e-04 1.103747387368100505e-02
5.096989966555184104e+00 7.839672717599690394e-03 1.112610313834149454e-02
5.137123745819398124e+00 2.300294766824781401e-02 1.121544667126435704e-02
5.177257525083612144e+00 8.204503221829789056e-03 1.130551022877796311e-02
5.217391304347826164e+00 1.634169903918344241e-03 1.139629961360126217e-02
5.257525083612040184e+00 2.655117555494619294e-02 1.148782067521763976e-02
5.297658862876254204e+00 9.564297749176182278e-03 1.158007931025180348e-02
5.337792642140468224e+00 -5.350150697811868750e-03 1.167308146284968748e-02
5.377926421404682245e+00 3.671887070913303075e-02 1.176683312506144295e-02
5.418060200668896265e+00 1.663446220212148885e-02 1.186134033722748005e-02
5.458193979933110285e+00 2.424899463773374370e-02 1.195660918836767041e-02
5.498327759197324305e+00 3.406322062843181175e-02 1.205264581657362888e-02
5.538461538461538325e+00 2.263175599539964111e-02 1.214945640940420443e-02
5.578595317725752345e+00 2.135291006240214173e-02 1.224704720428413003e-02
5.618729096989966365e+00 2.599415875286748001e-02 1.234542448890589561e-02
5.658862876254180385e+00 1.240404841085917913e-02 1.244459460163486846e-02
5.698996655518394405e+00 -1.708523766831058360e-02 1.254456393191765926e-02
5.739130434782608425e+00 8.747831478736131650e-05 1.264533892069378586e-02
5.779264214046822445e+00 1.511606986510369635e-02 1.274692606081066250e-02
5.819397993311037354e+00 5.966881340241560888e-04 1.284933189744193356e-02
5.859531772575251374e+00 7.998106405586541401e-03 1.295256302850916405e-02
5.899665551839465394e+00 1.298385663918269310e-02 1.305662610510694745e-02
5.939799331103679414e+00 1.618297501788674292e-02 1.316152783193141884e-02
5.979933110367893434e+00 1.731702082830042025e-02 1.326727496771224098e-02
6.020066889632107454e+00 8.281703749924767752e-03 1.337387432564806841e-02
6.060200668896321474e+00 1.820478840917260852e-02 1.348133277384550022e-02
6.100334448160535494e+00 2.050887326234911850e-03 1.358965723576159926e-02
6.140468227424749514e+00 2.630616272041041287e-02 1.369885469064996072e-02
6.180602006688963534e+00 3.248151630482282171e-02 1.380893217401038195e-02
6.220735785953177555e+00 3.593415574101078980e-02 1.391989677804214218e-02
6.260869565217391575e+00 1.529920560277437357e-02 1.403175565210097384e-02
6.301003344481605595e+00 1.522867070311131887e-02 1.414451600315965417e-02
6.341137123745819615e+00 2.140388830472192416e-02 1.425818509627237336e-02
6.381270903010033635e+00 4.580928243621952556e-02 1.437277025504279937e-02
6.421404682274247655e+00 5.545743861291142773e-02 1.448827886209593137e-02
6.461538461538461675e+00 3.276251876105604199e-02 1.460471835955378349e-02
6.501672240802675695e+00 3.670539202531557244e-02 1.472209624951482596e-02
6.541806020066889715e+00 3.826986974269052516e-02 1.484042009453737966e-02
6.581939799331103735e+00 2.744673383928347352e-02 1.495969751812684795e-02
6.622073578595317755e+00 5.198613059746347298e-02 1.507993620522689489e-02
6.662207357859531776e+00 2.789119205376204558e-02 1.520114390271458567e-02
6.702341137123745796e+00 1.264881300041299783e-02 1.532332841989950296e-02
6.742474916387959816e+00 2.023087423167740234e-02 1.544649762902689308e-02
6.782608695652173836e+00 1.056761163426421166e-02 1.557065946578488173e-02
6.822742474916387856e+00 1.844700243417729188e-02 1.569582192981574392e-02
6.862876254180601876e+00 3.580224683072390918e-02 1.582199308523133535e-02
6.903010033444815896e+00 3.882828153902138923e-02 1.594918106113264039e-02
6.943143812709029916e+00 2.679202264198868311e-02 1.607739405213352846e-02
6.983277591973243936e+00 5.221154641075055614e-02 1.620664031888872578e-02
7.023411371237457956e+00 1.980990063704804460e-02 1.633692818862604243e-02
7.063545150501672865e+00 5.391947975471268750e-02 1.646826605568289803e-02
7.103678929765886885e+00 3.448291797816714632e-02 1.660066238204713218e-02
7.143812709030100905e+00 2.717112288012566573e-02 1.673412569790225235e-02
7.183946488294314925e+00 1.525199489296845748e-02 1.686866460217695957e-02
7.224080267558528945e+00 5.527386007695849618e-02 1.700428776309925380e-02
7.264214046822742965e+00 3.081367027227935318e-02 1.714100391875483798e-02
7.304347826086956985e+00 4.584238340872899553e-02 1.727882187765016411e-02
7.344481605351171005e+00 3.094702463178272689e-02 1.741775051927992382e-02
7.384615384615385025e+00 3.639867359702889105e-02 1.755779879469916357e-02
7.424749163879599045e+00 5.266520735715465862e-02 1.769897572709999700e-02
7.464882943143813065e+00 1.931804418197543075e-02 1.784129041239294194e-02
7.505016722408027086e+00 5.771480086022282019e-02 1.798475201979297944e-02
7.545150501672241106e+00 4.690017851779882535e-02 1.812936979241031379e-02
7.585284280936455126e+00 4.838410414237188234e-02 1.827515304784588929e-02
7.625418060200669146e+00 4.372446751553899641e-02 1.842211117879174673e-02
7.665551839464883166e+00 5.193622080641899230e-02 1.857025365363614011e-02
7.705685618729097186e+00 4.795408968067884498e-02 1.871959001707361112e-02
7.745819397993311206e+00 6.382288892981960449e-02 1.887012989071993121e-02
7.785953177257525226e+00 4.469342713785184190e-02 1.902188297373201553e-02
7.826086956521739246e+00 6.787115689939945962e-02 1.917485904343284656e-02
7.866220735785953266e+00 4.791929493535736218e-02 1.932906795594140081e-02
7.906354515050167286e+00 2.896111724176676436e-02 1.948451964680766521e-02
7.946488294314381307e+00 6.935899349497197386e-02 1.964122413165279857e-02
7.986622073578595327e+00 4.615398956982324358e-02 1.979919150681440712e-02
8.026755852842809347e+00 7.579230470365055927e-02 1.995843194999706929e-02
8.066889632107024255e+00 4.937490000491104314e-02 2.011895572092805770e-02
8.107023411371237387e+00 3.714562126741910442e-02 2.028077316201834165e-02
8.147157190635452295e+00 5.596385883188158966e-02 2.044389469902900200e-02
8.187290969899665427e+00 5.126444738310333843e-02 2.060833084174289870e-02
8.227424749163880335e+00 7.826358757195658877e-02 2.077409218464183749e-02
8.267558528428093467e+00 4.998509497866517048e-02 2.094118940758913500e-02
8.307692307692308376e+00 8.174635574872768373e-02 2.110963327651775925e-02
8.347826086956521507e+00 7.654585582301670632e-02 2.127943464412390337e-02
8.387959866220736416e+00 2.833213812893507419e-02 2.145060445056629420e-02
8.428093645484949548e+00 1.112109778428851253e-01 2.162315372417098272e-02
8.468227424749164456e+00 7.151272358949019303e-02 2.179709358214196313e-02
8.508361204013377588e+00 1.052242431072680784e-02 2.197243523127735687e-02
8.548494983277592496e+00 9.449065869772289850e-02 2.214918996869154333e-02
8.588628762541805628e+00 8.034704776714710062e-02 2.232736918254297348e-02
8.628762541806020536e+00 1.791427498899581666e-02 2.250698435276792669e-02
8.668896321070233668e+00 8.155578474889693674e-03 2.268804705182010314e-02
8.709030100334448576e+00 4.147148628957406796e-02 2.287056894541630511e-02
8.749163879598661708e+00 4.189358937656227633e-02 2.305456179328797123e-02
8.789297658862876617e+00 7.931054540171979250e-02 2.324003744993890716e-02
8.829431438127089748e+00 5.123389169350741484e-02 2.342700786540901844e-02
8.869565217391304657e+00 4.959930327261980604e-02 2.361548508604428137e-02
8.909698996655517789e+00 7.319119774995462568e-02 2.380548125527282358e-02
8.949832775919732697e+00 6.353695604360781735e-02 2.399700861438738148e-02
8.989966555183947605e+00 2.675899684737208933e-02 2.419007950333394372e-02
9.030100334448160737e+00 5.678859263292168613e-02 2.438470636150681659e-02
9.070234113712375645e+00 6.715980757540933321e-02 2.458090172855011482e-02
9.110367892976588777e+00 3.713592109488375592e-02 2.477867824516561887e-02
9.150501672240803686e+00 6.047297052674620310e-02 2.497804865392727960e-02
9.190635451505016817e+00 5.436616800024320073e-02 2.517902580010213803e-02
9.230769230769231726e+00 7.870562860675808792e-02 2.538162263247801045e-02
9.270903010033444858e+00 9.308208787743578461e-02 2.558585220419767534e-02
9.311036789297659766e+00 3.582008141562068038e-02 2.579172767359997134e-02
9.351170568561872898e+00 8.525536916754268557e-02 2.599926230506750813e-02
9.391304347826087806e+00 7.232255549082604318e-02 2.620846946988133683e-02
9.431438127090300938e+00 5.126825242424595808e-02 2.641936264708237211e-02
9.471571906354515846e+00 6.794144865912461750e-02 2.663195542433993701e-02
9.511705685618728978e+00 6.612173283787994849e-02 2.684626149882709395e-02
9.551839464882943886e+00 6.403094321503129127e-02 2.706229467810325820e-02
9.591973244147157018e+00 5.159282933500308060e-02 2.728006888100369468e-02
9.632107023411371927e+00 7.425236134899607099e-02 2.749959813853639773e-02
9.672240802675585059e+00 1.451445602843921823e-02 2.772089659478600004e-02
9.712374581939799967e+00 7.970235301965356012e-02 2.794397850782515472e-02
9.752508361204013099e+00 2.640361170136039382e-02 2.816885825063310950e-02
9.792642140468228007e+00 3.250018921516380221e-02 2.839555031202177851e-02
9.832775919732441139e+00 1.073854726854311659e-01 2.862406929756920390e-02
9.872909698996656047e+00 8.094972657412113914e-02 2.885442993056065719e-02
9.913043478260869179e+00 5.242288056557849879e-02 2.908664705293713057e-02
9.953177257525084087e+00 4.239258158345748928e-02 2.932073562625173158e-02
9.993311036789297219e+00 8.046537763446175162e-02 2.955671073263351975e-02
1.003344481605351213e+01 3.991229397967944320e-02 2.979458757575931607e-02
1.007357859531772526e+01 1.974618868129433824e-02 3.003438148183321110e-02
1.011371237458194017e+01 5.499800943989498203e-02 3.027610790057407714e-02
1.015384615384615330e+01 7.679187569204902475e-03 3.051978240621089009e-02
1.019397993311036821e+01 6.053720880264922000e-02 3.076542069848628436e-02
1.023411371237458134e+01 2.641575859316260683e-02 3.101303860366794521e-02
1.027424749163879625e+01 6.912450315749935070e-02 3.126265207556840064e-02
1.031438127090301116e+01 8.933207873397200349e-02 3.151427719657282772e-02
1.035451505016722429e+01 6.021468432077396044e-02 3.176793017867524105e-02
1.039464882943143920e+01 3.533164317671939891e-02 3.202362736452306347e-02
1.043478260869565233e+01 1.237328220149749858e-02 3.228138522847004421e-02
1.047491638795986724e+01 5.533945997458329658e-03 3.254122037763766684e-02
1.051505016722408037e+01 1.365167534197965771e-01 3.280314955298511970e-02
1.055518394648829528e+01 1.316484416114485356e-01 3.306718963038798864e-02
1.059531772575250841e+01 6.976650637446422942e-02 3.333335762172543598e-02
1.063545150501672332e+01 5.377799226372127761e-02 3.360167067597637919e-02
1.067558528428093645e+01 4.637827622006161776e-02 3.387214608032426688e-02
1.071571906354515136e+01 3.031668800339467479e-02 3.414480126127100029e-02
1.075585284280936449e+01 6.438523335769333333e-02 3.441965378575957690e-02
1.079598662207357940e+01 1.815704751150643698e-02 3.469672136230605997e-02
1.083612040133779253e+01 1.798161861508532078e-02 3.497602184214038123e-02
1.087625418060200744e+01 7.143237903613332274e-02 3.525757322035660835e-02
1.091638795986622057e+01 -1.552957453828628098e-02 3.554139363707219806e-02
1.095652173913043548e+01 9.750494604718001890e-02 3.582750137859695011e-02
1.099665551839464861e+01 7.285808914934269187e-02 3.611591487861098154e-02
1.103678929765886352e+01 7.961887515609168686e-02 3.640665271935254049e-02
1.107692307692307665e+01 9.570695908814964847e-02 3.669973363281514578e-02
1.111705685618729156e+01 2.969221143041735067e-02 3.699517650195453811e-02
1.115719063545150469e+01 7.730382746781276626e-02 3.729300036190524859e-02
1.119732441471571960e+01 7.842447514715540635e-02 3.759322440120704822e-02
1.123745819397993273e+01 6.202097161643701367e-02 3.789586796304122984e-02
1.127759197324414764e+01 6.356155889928198632e-02 3.820095054647690974e-02
1.131772575250836077e+01 4.049046249304047440e-02 3.850849180772723812e-02
1.135785953177257568e+01 9.409793255130208256e-03 3.881851156141599007e-02
1.139799331103678881e+01 3.567570582361420661e-02 3.913102978185400982e-02
1.143812709030100372e+01 7.367546627365580136e-02 3.944606660432635470e-02
1.147826086956521685e+01 1.275091604350704344e-01 3.976364232638938956e-02
1.151839464882943176e+01 7.173224522949366022e-02 4.008377740917870580e-02
1.155852842809364489e+01 -9.366749458127696104e-03 4.040649247872729610e-02
1.159866220735785980e+01 4.079259878285836083e-02 4.073180832729453998e-02
1.163879598662207471e+01 2.407182422010654271e-02 4.105974591470584051e-02
1.167892976588628784e+01 6.980591608751265942e-03 4.139032636970295387e-02
1.171906354515050275e+01 -1.139712722908550746e-02 4.172357099130544200e-02
1.175919732441471588e+01 5.422187233032547959e-02 4.205950125018279723e-02
1.179933110367893079e+01 2.069211401835974878e-02 4.239813879003791891e-02
1.183946488294314392e+01 8.128398795075257588e-03 4.273950542900146338e-02
1.187959866220735883e+01 8.144125793547962733e-02 4.308362316103771239e-02
1.191973244147157196e+01 -1.352881568939812151e-04 4.343051415736148835e-02
1.195986622073578687e+01 2.363651979731120484e-02 4.378020076786672682e-02
1.200000000000000000e+01 7.645633469680983285e-02 4.413270552256642193e-02
