0.000000000000000000e+00 2.593422380108890146e-01 4.040000000000000188e-03
4.013377926421404784e-02 2.610119867614871803e-01 4.072236226492920684e-03
8.026755852842809569e-02 2.596494743982732389e-01 4.104732246560466313e-03
1.204013377926421435e-01 2.638140109225544094e-01 4.137490153893765531e-03
1.605351170568561914e-01 2.574571308828357830e-01 4.170512059057123258e-03
2.006688963210702392e-01 2.538026958635282160e-01 4.203800089623998919e-03
2.408026755852842871e-01 2.573650431281349626e-01 4.237356390314089491e-03
2.809364548494983627e-01 2.556419448171209363e-01 4.271183123131507171e-03
3.210702341137123828e-01 2.490753630095013937e-01 4.305282467504080272e-03
3.612040133779264028e-01 2.577779521802620044e-01 4.339656620423765210e-03
4.013377926421404784e-01 2.575236261909563673e-01 4.374307796588206010e-03
4.414715719063545540e-01 2.493842766417836143e-01 4.409238228543417917e-03
4.816053511705685741e-01 2.500267102096753180e-01 4.444450166827630666e-03
5.217391304347825942e-01 2.459984330976855427e-01 4.479945880116289678e-03
5.618729096989967253e-01 2.449312954437528334e-01 4.515727655368223861e-03
6.020066889632107454e-01 2.413694430392341883e-01 4.551797797972993026e-03
6.421404682274247655e-01 2.359303941401178772e-01 4.588158631899422711e-03
6.822742474916387856e-01 2.410687266737091272e-01 4.624812499845331638e-03
7.224080267558528057e-01 2.394615390053675685e-01 4.661761763388478676e-03
7.625418060200669368e-01 2.333142729770860402e-01 4.699008803138705892e-03
8.026755852842809569e-01 2.366920575064532239e-01 4.736556018891328011e-03
8.428093645484949770e-01 2.341906283767073438e-01 4.774405829781745714e-03
8.829431438127091081e-01 2.248930266592398253e-01 4.812560674441307071e-03
9.230769230769231282e-01 2.205431934402017069e-01 4.851023011154430124e-03
9.632107023411371483e-01 2.345949135574400268e-01 4.889795318016986608e-03
1.003344481605351168e+00 2.293346901854919628e-01 4.928880093095961562e-03
1.043478260869565188e+00 2.289257424232088445e-01 4.968279854590403576e-03
1.083612040133779209e+00 2.139972868879342627e-01 5.007997140993671742e-03
1.123745819397993451e+00 2.100911079238266532e-01 5.048034511256984519e-03
1.163879598662207471e+00 2.087469326596661512e-01 5.088394544954294788e-03
1.204013377926421491e+00 2.064660832771857968e-01 5.129079842448487636e-03
1.244147157190635511e+00 1.987467524774925443e-01 5.170093025058919087e-03
1.284280936454849531e+00 2.018504174547073315e-01 5.211436735230306171e-03
1.324414715719063551e+00 2.075565685277784289e-01 5.253113636702979629e-03
1.364548494983277571e+00 1.981880724222006840e-01 5.295126414684500973e-03
1.404682274247491591e+00 1.954517757807177625e-01 5.337477776022675133e-03
1.444816053511705611e+00 1.939115911804165648e-01 5.380170449379944805e-03
1.484949832775919853e+00 1.916850063609500110e-01 5.423207185409197745e-03
1.525083612040133874e+00 1.836955702466120111e-01 5.466590756930989579e-03
1.565217391304347894e+00 1.760896524936852447e-01 5.510323959112192575e-03
1.605351170568561914e+00 1.789985933192095313e-01 5.554409609646090290e-03
1.645484949832775934e+00 1.773578013056753555e-01 5.598850548933912048e-03
1.685618729096989954e+00 1.701097968496358137e-01 5.643649640267844533e-03
1.725752508361203974e+00 1.745470704391467454e-01 5.688809770015504884e-03
1.765886287625418216e+00 1.766478296129102010e-01 5.734333847805915194e-03
1.806020066889632236e+00 1.638706329966592712e-01 5.780224806716958465e-03
1.846153846153846256e+00 1.669157629442376833e-01 5.826485603464360251e-03
1.886287625418060276e+00 1.623646343805764669e-01 5.873119218592185581e-03
1.926421404682274297e+00 1.423083839139489548e-01 5.920128656664871113e-03
1.966555183946488317e+00 1.474843212721961005e-01 5.967516946460810733e-03
2.006688963210702337e+00 1.506649999528941741e-01 6.015287141167493731e-03
2.046822742474916357e+00 1.501429100839669628e-01 6.063442318578220712e-03
2.086956521739130377e+00 1.449614120548328444e-01 6.111985581290403299e-03
2.127090301003344397e+00 1.347650341978375022e-01 6.160920056905458929e-03
2.167224080267558417e+00 1.362114571747264913e-01 6.210248898230324131e-03
2.207357859531772437e+00 1.327338973213525453e-01 6.259975283480585448e-03
2.247491638795986901e+00 1.317953894695316486e-01 6.310102416485247057e-03
2.287625418060200921e+00 1.164474279491255621e-01 6.360633526893153325e-03
2.327759197324414941e+00 1.243172479863211832e-01 6.411571870381071493e-03
2.367892976588628962e+00 1.149337030190513281e-01 6.462920728863452702e-03
2.408026755852842982e+00 1.240716382222959713e-01 6.514683410703881773e-03
2.448160535117057002e+00 1.117515313505433733e-01 6.566863250928231359e-03
2.488294314381271022e+00 1.120813633719500990e-01 6.619463611439541269e-03
2.528428093645485042e+00 9.565627330672181461e-02 6.672487881234614310e-03
2.568561872909699062e+00 1.076933139355478047e-01 6.725939476622371134e-03
2.608695652173913082e+00 9.814029609453908676e-02 6.779821841443959760e-03
2.648829431438127102e+00 9.087842835186109303e-02 6.834138447294639714e-03
2.688963210702341122e+00 1.033678949144131720e-01 6.888892793747452073e-03
2.729096989966555142e+00 8.316552975305631368e-02 6.944088408578694485e-03
2.769230769230769162e+00 7.448214960678155305e-02 6.999728847995216781e-03
2.809364548494983183e+00 8.210821136300315570e-02 7.055817696863537179e-03
2.849498327759197203e+00 6.994379662961074107e-02 7.112358568940820719e-03
2.889632107023411223e+00 7.891824959465837397e-02 7.169355107107699965e-03
2.929765886287625687e+00 7.984299729488228414e-02 7.226810983602996105e-03
2.969899665551839707e+00 7.581735671705433499e-02 7.284729900260304009e-03
3.010033444816053727e+00 6.931021226820351100e-02 7.343115588746509763e-03
3.050167224080267747e+00 6.516398327021069581e-02 7.401971810802212073e-03
3.090301003344481767e+00 6.785033832528439279e-02 7.461302358484090021e-03
3.130434782608695787e+00 7.507895480461689031e-02 7.521111054409224117e-03
3.170568561872909807e+00 6.209382560379506089e-02 7.581401752001381070e-03
3.210702341137123828e+00 6.757129617173822378e-02 7.642178335739285670e-03
3.250836120401337848e+00 5.322641320650765839e-02 7.703444721406901494e-03
3.290969899665551868e+00 4.548070731268354788e-02 7.765204856345713468e-03
3.331103678929765888e+00 3.700292353970263681e-02 7.827462719709054814e-03
3.371237458193979908e+00 4.430340886917771143e-02 7.890222322718484435e-03
3.411371237458193928e+00 4.631078368619537255e-02 7.953487708922216473e-03
3.451505016722407948e+00 3.983331459848370171e-02 8.017262954455654095e-03
3.491638795986621968e+00 5.433156406285019613e-02 8.081552168304008410e-03
3.531772575250836432e+00 4.483103969503249298e-02 8.146359492567029417e-03
3.571906354515050452e+00 3.541461279977271143e-02 8.211689102725884537e-03
3.612040133779264472e+00 3.387377403969210610e-02 8.277545207912184733e-03
3.652173913043478493e+00 3.910926167937886500e-02 8.343932051179166892e-03
3.692307692307692513e+00 3.139411393620467061e-02 8.410853909775074105e-03
3.732441471571906533e+00 2.982947802935515674e-02 8.478315095418739039e-03
3.772575250836120553e+00 3.015295150648353295e-02 8.546319954577373881e-03
3.812709030100334573e+00 3.592973693331038415e-02 8.614872868746625834e-03
3.852842809364548593e+00 3.035315038557917511e-02 8.683978254732853050e-03
3.892976588628762613e+00 2.199019795325827392e-02 8.753640564937712962e-03
3.933110367892976633e+00 8.853894706792451996e-03 8.823864287645021356e-03
3.973244147157190653e+00 3.072783204518070993e-02 8.894653947309922107e-03
4.013377926421404673e+00 7.131870699051075929e-03 8.966014104850400512e-03
4.053511705685618693e+00 2.616660135879587956e-02 9.037949357941138517e-03
4.093645484949832714e+00 2.900244190931939789e-02 9.110464341309741296e-03
4.133779264214046734e+00 1.949252787854890978e-02 9.183563727035347346e-03
4.173913043478260754e+00 3.068092872396305931e-02 9.257252224849637709e-03
4.214046822742474774e+00 2.900634453572572061e-02 9.331534582440292880e-03
4.254180602006688794e+00 4.174302072020730919e-04 9.406415585756880068e-03
4.294314381270902814e+00 1.429137856162134707e-02 9.481900059319198562e-03
4.334448160535116834e+00 3.597701770702838031e-02 9.557992866528131765e-03
4.374581939799330854e+00 8.927185250719484044e-04 9.634698909978981624e-03
4.414715719063544874e+00 2.028117986591826405e-02 9.712023131777344429e-03
4.454849498327758894e+00 1.906476686996240108e-02 9.789970513857531448e-03
4.494983277591973803e+00 1.020780929773521320e-02 9.868546078303532670e-03
4.535117056856187823e+00 3.010456111291959919e-03 9.947754887672606919e-03
4.575250836120401843e+00 8.701433469191853509e-03 1.002760204532144456e-02
4.615384615384615863e+00 1.681020278538890994e-02 1.010809269573497912e-02
4.655518394648829883e+00 -7.631452663425537103e-04 1.018923202485783573e-02
4.695652173913043903e+00 -9.615032074489321748e-03 1.027102526042846485e-02
4.735785953177257923e+00 -6.755386726180605608e-03 1.035347767231595620e-02
4.775919732441471943e+00 2.069833613260639235e-02 1.043659457285956750e-02
4.816053511705685963e+00 2.364729700636601997e-02 1.052038131721100972e-02
4.856187290969899983e+00 3.028345781689069371e-03 1.060484330367945406e-02
4.896321070234114003e+00 9.573242104959257467e-03 1.068998597407935965e-02
4.936454849498328024e+00 9.004578943175158695e-03 1.077581481408107153e-02
4.976588628762542044e+00 1.127530232887620845e-02 1.086233535356426194e-02
5.016722408026756064e+00 1.450101518148169677e-02 1.094955316697422167e-02
5.056856187290970084e+00 4.408124510856908235e-03 1.103747387368100505e-02
5.096989966555184104e+00 1.022320587447760401e-02 1.112610313834149454e-02
5.137123745819398124e+00 1.721457284411607308e-02 1.121544667126435704e-02
5.177257525083612144e+00 -1.438031680793758725e-02 1.130551022877796311e-02
5.217391304347826164e+00 2.262341426180404513e-02 1.139629961360126217e-02
5.257525083612040184e+00 -1.964711805695390848e-02 1.148782067521763976e-02
5.297658862876254204e+00 1.626655047630878176e-02 1.158007931025180348e-02
5.337792642140468224e+00 1.939518619229600033e-02 1.167308146284968748e-02
5.377926421404682245e+00 -4.407151975837004729e-03 1.176683312506144295e-02
5.418060200668896265e+00 -1.762225607106515657e-02 1.186134033722748005e-02
5.458193979933110285e+00 1.086987019158700864e-02 1.195660918836767041e-02
5.498327759197324305e+00 7.472220357246372145e-03 1.205264581657362888e-02
5.538461538461538325e+00 1.854622403769172478e-02 1.214945640940420443e-02
5.578595317725752345e+00 1.871511101194186372e-02 1.224704720428413003e-02
5.618729096989966365e+00 1.910548332772748700e-02 1.234542448890589561e-02
5.658862876254180385e+00 2.637499925020241054e-02 1.244459460163486846e-02
5.698996655518394405e+00 1.234591266750744050e-02 1.254456393191765926e-02
5.739130434782608425e+00 9.045558001607320597e-03 1.264533892069378586e-02
5.779264214046822445e+00 1.466157892461236734e-02 1.274692606081066250e-02
5.819397993311037354e+00 2.770590602399435748e-02 1.284933189744193356e-02
5.859531772575251374e+00 2.011746655616242219e-02 1.295256302850916405e-02
5.899665551839465394e+00 2.315300645636796800e-03 1.305662610510694745e-02
5.939799331103679414e+00 1.294755683298052899e-02 1.316152783193141884e-02
5.979933110367893434e+00 1.880563432467998591e-02 1.326727496771224098e-02
6.020066889632107454e+00 9.890500549637542063e-03 1.337387432564806841e-02
6.060200668896321474e+00 1.363978143148126577e-02 1.348133277384550022e-02
6.100334448160535494e+00 1.730031404477240867e-02 1.358965723576159926e-02
6.140468227424749514e+00 1.075578239329805751e-02 1.369885469064996072e-02
6.180602006688963534e+00 1.032458921102137606e-02 1.380893217401038195e-02
6.220735785953177555e+00 -1.641943425165836787e-02 1.391989677804214218e-02
6.260869565217391575e+00 1.257915419380505745e-02 1.403175565210097384e-02
6.301003344481605595e+00 1.525667516202751546e-02 1.414451600315965417e-02
6.341137123745819615e+00 2.402752223063472914e-02 1.425818509627237336e-02
6.381270903010033635e+00 3.466387748167732569e-02 1.437277025504279937e-02
6.421404682274247655e+00 2.860420273464877108e-02 1.448827886209593137e-02
6.461538461538461675e+00 5.550559860243210047e-03 1.460471835955378349e-02
6.501672240802675695e+00 3.721959224644259823e-02 1.472209624951482596e-02
6.541806020066889715e+00 2.842693069411119516e-02 1.484042009453737966e-02
6.581939799331103735e+00 3.175005573840762596e-02 1.495969751812684795e-02
6.622073578595317755e+00 4.067557973157880091e-04 1.507993620522689489e-02
6.662207357859531776e+00 8.516711524720707582e-03 1.520114390271458567e-02
6.702341137123745796e+00 4.298463386828683952e-02 1.532332841989950296e-02
6.742474916387959816e+00 1.479110030274547252e-02 1.544649762902689308e-02
6.782608695652173836e+00 3.726491988691389007e-02 1.557065946578488173e-02
6.822742474916387856e+00 4.651826201628897484e-02 1.569582192981574392e-02
6.862876254180601876e+00 3.142396354781213513e-02 1.582199308523133535e-02
6.903010033444815896e+00 2.785911918837154916e-02 1.594918106113264039e-02
6.943143812709029916e+00 5.325356314999467322e-02 1.607739405213352846e-02
6.983277591973243936e+00 3.354799722399479794e-02 1.620664031888872578e-02
7.023411371237457956e+00 3.850067687546786938e-02 1.633692818862604243e-02
7.063545150501672865e+00 7.072453352410681959e-02 1.646826605568289803e-02
7.103678929765886885e+00 4.858092552371232747e-02 1.660066238204713218e-02
7.143812709030100905e+00 3.319286912034630221e-02 1.673412569790225235e-02
7.183946488294314925e+00 3.465065727900575043e-02 1.686866460217695957e-02
7.224080267558528945e+00 7.483962318024937888e-02 1.700428776309925380e-02
7.264214046822742965e+00 4.854116211926228636e-02 1.714100391875483798e-02
7.304347826086956985e+00 4.658193305166969528e-02 1.727882187765016411e-02
7.344481605351171005e+00 5.708939536451076990e-02 1.741775051927992382e-02
7.384615384615385025e+00 3.422441291785630751e-02 1.755779879469916357e-02
7.424749163879599045e+00 5.034602816706081757e-02 1.769897572709999700e-02
7.464882943143813065e+00 6.222975761091290026e-02 1.784129041239294194e-02
7.505016722408027086e+00 3.943254690511291405e-02 1.798475201979297944e-02
7.545150501672241106e+00 6.058406966246425440e-02 1.812936979241031379e-02
7.585284280936455126e+00 4.009462574069909413e-02 1.827515304784588929e-02
7.625418060200669146e+00 6.173838639791012772e-02 1.842211117879174673e-02
7.665551839464883166e+00 6.977805603752673669e-02 1.857025365363614011e-02
7.705685618729097186e+00 3.217862759432604108e-02 1.871959001707361112e-02
7.745819397993311206e+00 7.646166974807194761e-02 1.887012989071993121e-02
7.785953177257525226e+00 8.323411638051303463e-02 1.902188297373201553e-02
7.826086956521739246e+00 7.340622665143889392e-02 1.917485904343284656e-02
7.866220735785953266e+00 6.685301041391737698e-02 1.932906795594140081e-02
7.906354515050167286e+00 5.949517001066680078e-02 1.948451964680766521e-02
7.946488294314381307e+00 4.442831583021580183e-02 1.964122413165279857e-02
7.986622073578595327e+00 2.426239088359140664e-02 1.979919150681440712e-02
8.026755852842809347e+00 4.414344488386366672e-02 1.995843194999706929e-02
8.066889632107024255e+00 4.729616064821783039e-02 2.011895572092805770e-02
8.107023411371237387e+00 4.154531166844382256e-02 2.028077316201834165e-02
8.147157190635452295e+00 3.485672510450998907e-02 2.044389469902900200e-02
8.187290969899665427e+00 4.602494196280595973e-02 2.060833084174289870e-02
8.227424749163880335e+00 4.811596882322062563e-02 2.077409218464183749e-02
8.267558528428093467e+00 5.088196911802798234e-02 2.094118940758913500e-02
8.307692307692308376e+00 8.542217446975119977e-02 2.110963327651775925e-02
8.347826086956521507e+00 5.477355381605404638e-02 2.127943464412390337e-02
8.387959866220736416e+00 2.940472205329890121e-02 2.145060445056629420e-02
8.428093645484949548e+00 6.227760206320427649e-02 2.162315372417098272e-02
8.468227424749164456e+00 9.769302774859651983e-02 2.179709358214196313e-02
8.508361204013377588e+00 4.879391351165904972e-02 2.197243523127735687e-02
8.548494983277592496e+00 3.433048481491787762e-02 2.214918996869154333e-02
8.588628762541805628e+00 6.611250354002223828e-02 2.232736918254297348e-02
8.628762541806020536e+00 7.519568877706386822e-02 2.250698435276792669e-02
8.668896321070233668e+00 1.491660072340104254e-02 2.268804705182010314e-02
8.709030100334448576e+00 5.565675490993229890e-02 2.287056894541630511e-02
8.749163879598661708e+00 5.016641159622081680e-02 2.305456179328797123e-02
8.789297658862876617e+00 2.486245945549873937e-02 2.324003744993890716e-02
8.829431438127089748e+00 8.322844845557567095e-02 2.342700786540901844e-02
8.869565217391304657e+00 8.111876465782905110e-02 2.361548508604428137e-02
8.909698996655517789e+00 3.038530119839695162e-02 2.380548125527282358e-02
8.949832775919732697e+00 5.683990004703695642e-02 2.399700861438738148e-02
8.989966555183947605e+00 4.004314781569354859e-02 2.419007950333394372e-02
9.030100334448160737e+00 8.209962583997655605e-02 2.438470636150681659e-02
9.070234113712375645e+00 6.389611518879076413e-02 2.458090172855011482e-02
9.110367892976588777e+00 5.759401317102935680e-02 2.477867824516561887e-02
9.150501672240803686e+00 6.431663865917350287e-02 2.497804865392727960e-02
9.190635451505016817e+00 -3.242771152760920428e-03 2.517902580010213803e-02
9.230769230769231726e+00 8.828131033329467137e-02 2.538162263247801045e-02
9.270903010033444858e+00 5.161350743640880784e-02 2.558585220419767534e-02
9.311036789297659766e+00 6.439336523542228685e-02 2.579172767359997134e-02
9.351170568561872898e+00 1.126267643929312057e-01 2.599926230506750813e-02
9.391304347826087806e+00 7.517103808319437752e-02 2.620846946988133683e-02
9.431438127090300938e+00 8.938783024381204145e-03 2.641936264708237211e-02
9.471571906354515846e+00 1.209517110687846064e-01 2.663195542433993701e-02
9.511705685618728978e+00 8.261988995277007308e-02 2.684626149882709395e-02
9.551839464882943886e+00 6.960511983339080777e-02 2.706229467810325820e-02
9.591973244147157018e+00 7.127848160852473525e-02 2.728006888100369468e-02
9.632107023411371927e+00 4.118326090835032482e-02 2.749959813853639773e-02
9.672240802675585059e+00 6.159291948481654400e-02 2.772089659478600004e-02
9.712374581939799967e+00 8.472207575375442778e-02 2.794397850782515472e-02
9.752508361204013099e+00 3.509693224023030522e-02 2.816885825063310950e-02
9.792642140468228007e+00 1.015186321480180398e-01 2.839555031202177851e-02
9.832775919732441139e+00 9.634378811783118890e-02 2.862406929756920390e-02
9.872909698996656047e+00 3.420584074505358951e-02 2.885442993056065719e-02
9.913043478260869179e+00 1.086645261515333388e-01 2.908664705293713057e-02
9.953177257525084087e+00 7.206617175293487942e-02 2.932073562625173158e-02
9.993311036789297219e+00 1.915912329368039263e-02 2.955671073263351975e-02
1.003344481605351213e+01 7.500438052313143644e-02 2.979458757575931607e-02
1.007357859531772526e+01 2.253746889505511830e-02 3.003438148183321110e-02
1.011371237458194017e+01 5.748481157436263755e-02 3.027610790057407714e-02
1.015384615384615330e+01 1.167747641388985347e-01 3.051978240621089009e-02
1.019397993311036821e+01 7.789699555705852096e-02 3.076542069848628436e-02
1.023411371237458134e+01 6.435851148621138385e-02 3.101303860366794521e-02
1.027424749163879625e+01 9.137097380965623905e-02 3.126265207556840064e-02
1.031438127090301116e+01 9.888133336676316332e-02 3.151427719657282772e-02
1.035451505016722429e+01 7.516329529993055758e-02 3.176793017867524105e-02
1.039464882943143920e+01 8.837799581031986762e-03 3.202362736452306347e-02
1.043478260869565233e+01 1.199698008226648266e-02 3.228138522847004421e-02
1.047491638795986724e+01 9.633101484151054827e-02 3.254122037763766684e-02
1.051505016722408037e+01 8.177706382159924403e-02 3.280314955298511970e-02
1.055518394648829528e+01 8.451881024629989692e-02 3.306718963038798864e-02
1.059531772575250841e+01 8.267099466179131384e-02 3.333335762172543598e-02
1.063545150501672332e+01 1.165701972485908844e-01 3.360167067597637919e-02
1.067558528428093645e+01 7.825742147639126733e-02 3.387214608032426688e-02
1.071571906354515136e+01 6.790413255066771181e-02 3.414480126127100029e-02
1.075585284280936449e+01 5.775400471024968313e-02 3.441965378575957690e-02
1.079598662207357940e+01 5.335039998638052561e-02 3.469672136230605997e-02
1.083612040133779253e+01 1.191326233021594017e-01 3.497602184214038123e-02
1.087625418060200744e+01 6.306980913869296435e-02 3.525757322035660835e-02
1.091638795986622057e+01 1.451468906032889195e-02 3.554139363707219806e-02
1.095652173913043548e+01 1.071097922241420475e-01 3.582750137859695011e-02
1.099665551839464861e+01 7.742346410078149166e-02 3.611591487861098154e-02
1.103678929765886352e+01 1.061783093359887353e-01 3.640665271935254049e-02
1.107692307692307665e+01 6.482333495896672182e-02 3.669973363281514578e-02
1.111705685618729156e+01 5.325508642798039427e-02 3.699517650195453811e-02
1.115719063545150469e+01 5.053549682543136135e-02 3.729300036190524859e-02
1.119732441471571960e+01 7.990393820208288589e-02 3.759322440120704822e-02
1.123745819397993273e+01 7.877766258620877426e-02 3.789586796304122984e-02
1.127759197324414764e+01 3.199862811532645096e-02 3.820095054647690974e-02
1.131772575250836077e+01 5.839574666793877211e-02 3.850849180772723812e-02
1.135785953177257568e+01 7.289584509192248429e-02 3.881851156141599007e-02
1.139799331103678881e+01 7.341834446994845165e-02 3.913102978185400982e-02
1.143812709030100372e+01 1.115349790689539461e-01 3.944606660432635470e-02
1.147826086956521685e+01 4.607954948723758104e-02 3.976364232638938956e-02
1.151839464882943176e+01 9.429533888531450858e-02 4.008377740917870580e-02
1.155852842809364489e+01 2.699239008668044559e-03 4.040649247872729610e-02
1.159866220735785980e+01 1.218676655863662472e-01 4.073180832729453998e-02
1.163879598662207471e+01 1.085178348669609272e-01 4.105974591470584051e-02
1.167892976588628784e+01 4.925455105255056865e-02 4.139032636970295387e-02
1.171906354515050275e+01 5.092930795492279367e-02 4.172357099130544200e-02
1.175919732441471588e+01 9.866006482121908450e-02 4.205950125018279723e-02
1.179933110367893079e+01 8.056650166948794989e-02 4.239813879003791891e-02
1.183946488294314392e+01 1.134998102013768523e-02 4.273950542900146338e-02
1.187959866220735883e+01 -2.889702808693238312e-02 4.308362316103771239e-02
1.191973244147157196e+01 9.653567514472932709e-02 4.343051415736148835e-02
1.195986622073578687e+01 1.113469747500649143e-01 4.378020076786672682e-02
1.200000000000000000e+01 3.938396918679128861e-02 4.413270552256642193e-02
