0.000000000000000000e+00 2.616438555122853615e-01 4.040000000000000188e-03
4.013377926421404784e-02 2.581782890114420193e-01 4.072236226492920684e-03
8.026755852842809569e-02 2.562744415821525124e-01 4.104732246560466313e-03
1.204013377926421435e-01 2.583811612051445938e-01 4.137490153893765531e-03
1.605351170568561914e-01 2.588250528219789848e-01 4.170512059057123258e-03
2.006688963210702392e-01 2.579698371376924482e-01 4.203800089623998919e-03
2.408026755852842871e-01 2.617189280088126901e-01 4.237356390314089491e-03
2.809364548494983627e-01 2.595415251405707169e-01 4.271183123131507171e-03
3.210702341137123828e-01 2.523322620573809627e-01 4.305282467504080272e-03
3.612040133779264028e-01 2.556067877555795453e-01 4.339656620423765210e-03
4.013377926421404784e-01 2.593626005328968365e-01 4.374307796588206010e-03
4.414715719063545540e-01 2.526242078800750024e-01 4.409238228543417917e-03
4.816053511705685741e-01 2.522080868232419726e-01 4.444450166827630666e-03
5.217391304347825942e-01 2.473989553273149289e-01 4.479945880116289678e-03
5.618729096989967253e-01 2.456506623330625971e-01 4.515727655368223861e-03
6.020066889632107454e-01 2.401789079581059527e-01 4.551797797972993026e-03
6.421404682274247655e-01 2.359062536909136421e-01 4.588158631899422711e-03
6.822742474916387856e-01 2.372273766908188641e-01 4.624812499845331638e-03
7.224080267558528057e-01 2.359077669236027686e-01 4.661761763388478676e-03
7.625418060200669368e-01 2.425905329975465152e-01 4.699008803138705892e-03
8.026755852842809569e-01 2.406675550756342541e-01 4.736556018891328011e-03
8.428093645484949770e-01 2.305441397972684547e-01 4.774405829781745714e-03
8.829431438127091081e-01 2.272854721850066095e-01 4.812560674441307071e-03
9.230769230769231282e-01 2.312998220945006733e-01 4.851023011154430124e-03
9.632107023411371483e-01 2.235301966930663964e-01 4.889795318016986608e-03
1.003344481605351168e+00 2.210593742246710625e-01 4.928880093095961562e-03
1.043478260869565188e+00 2.252143735129259194e-01 4.968279854590403576e-03
1.083612040133779209e+00 2.188438527050139137e-01 5.007997140993671742e-03
1.123745819397993451e+00 2.189984220799216508e-01 5.048034511256984519e-03
1.163879598662207471e+00 2.281646901771208769e-01 5.088394544954294788e-03
1.204013377926421491e+00 2.038110526960140445e-01 5.129079842448487636e-03
1.244147157190635511e+00 2.130454650736905153e-01 5.170093025058919087e-03
1.284280936454849531e+00 2.036248068179786208e-01 5.211436735230306171e-03
1.324414715719063551e+00 2.025620176311548060e-01 5.253113636702979629e-03
1.364548494983277571e+00 1.974714664008159482e-01 5.295126414684500973e-03
1.404682274247491591e+00 1.968340824345999884e-01 5.337477776022675133e-03
1.444816053511705611e+00 1.944951630332322490e-01 5.380170449379944805e-03
1.484949832775919853e+00 1.924967187356591836e-01 5.423207185409197745e-03
1.525083612040133874e+00 1.884409635197808741e-01 5.466590756930989579e-03
1.565217391304347894e+00 1.926696447085732844e-01 5.510323959112192575e-03
1.605351170568561914e+00 1.759716744325652560e-01 5.554409609646090290e-03
1.645484949832775934e+00 1.744455033813461509e-01 5.598850548933912048e-03
1.685618729096989954e+00 1.747181400719002020e-01 5.643649640267844533e-03
1.725752508361203974e+00 1.744037281326223099e-01 5.688809770015504884e-03
1.765886287625418216e+00 1.683171899940761884e-01 5.734333847805915194e-03
1.806020066889632236e+00 1.625757307718892763e-01 5.780224806716958465e-03
1.846153846153846256e+00 1.639725803571678853e-01 5.826485603464360251e-03
1.886287625418060276e+00 1.460152219221835523e-01 5.873119218592185581e-03
1.926421404682274297e+00 1.472266005561456148e-01 5.920128656664871113e-03
1.966555183946488317e+00 1.380148485976313011e-01 5.967516946460810733e-03
2.006688963210702337e+00 1.490272347422572363e-01 6.015287141167493731e-03
2.046822742474916357e+00 1.375671412732638321e-01 6.063442318578220712e-03
2.086956521739130377e+00 1.516563711651149338e-01 6.111985581290403299e-03
2.127090301003344397e+00 1.334483389464896086e-01 6.160920056905458929e-03
2.167224080267558417e+00 1.409140049871890898e-01 6.210248898230324131e-03
2.207357859531772437e+00 1.318628611696181230e-01 6.259975283480585448e-03
2.247491638795986901e+00 1.148178677930474650e-01 6.310102416485247057e-03
2.287625418060200921e+00 1.273423590007304040e-01 6.360633526893153325e-03
2.327759197324414941e+00 1.096634823001293862e-01 6.411571870381071493e-03
2.367892976588628962e+00 1.166955125869673232e-01 6.462920728863452702e-03
2.408026755852842982e+00 1.191654532727426802e-01 6.514683410703881773e-03
2.448160535117057002e+00 1.170508836598504049e-01 6.566863250928231359e-03
2.488294314381271022e+00 1.137520141459873180e-01 6.619463611439541269e-03
2.528428093645485042e+00 1.222798975483828515e-01 6.672487881234614310e-03
2.568561872909699062e+00 9.542748118012737979e-02 6.725939476622371134e-03
2.608695652173913082e+00 9.165595017031007152e-02 6.779821841443959760e-03
2.648829431438127102e+00 1.006341527166344091e-01 6.834138447294639714e-03
2.688963210702341122e+00 8.731518353389203235e-02 6.888892793747452073e-03
2.729096989966555142e+00 1.002528995738860285e-01 6.944088408578694485e-03
2.769230769230769162e+00 7.468458834757052411e-02 6.999728847995216781e-03
2.809364548494983183e+00 9.094443522801688717e-02 7.055817696863537179e-03
2.849498327759197203e+00 7.912378540156324302e-02 7.112358568940820719e-03
2.889632107023411223e+00 7.576604420527585648e-02 7.169355107107699965e-03
2.929765886287625687e+00 7.963964032019268946e-02 7.226810983602996105e-03
2.969899665551839707e+00 7.137365498646090767e-02 7.284729900260304009e-03
3.010033444816053727e+00 8.141082816922594334e-02 7.343115588746509763e-03
3.050167224080267747e+00 6.955734790262682599e-02 7.401971810802212073e-03
3.090301003344481767e+00 7.710226691977430102e-02 7.461302358484090021e-03
3.130434782608695787e+00 8.344257031636073685e-02 7.521111054409224117e-03
3.170568561872909807e+00 5.945264575279535918e-02 7.581401752001381070e-03
3.210702341137123828e+00 5.244717684158806126e-02 7.642178335739285670e-03
3.250836120401337848e+00 4.729621020405051779e-02 7.703444721406901494e-03
3.290969899665551868e+00 4.911395090651492212e-02 7.765204856345713468e-03
3.331103678929765888e+00 5.324337973343237773e-02 7.827462719709054814e-03
3.371237458193979908e+00 4.651101792890705022e-02 7.890222322718484435e-03
3.411371237458193928e+00 4.190438782899168907e-02 7.953487708922216473e-03
3.451505016722407948e+00 4.220689623307354726e-02 8.017262954455654095e-03
3.491638795986621968e+00 2.295214567930545929e-02 8.081552168304008410e-03
3.531772575250836432e+00 3.128101023774962353e-02 8.146359492567029417e-03
3.571906354515050452e+00 4.315421868725299870e-02 8.211689102725884537e-03
3.612040133779264472e+00 4.767123021635741309e-02 8.277545207912184733e-03
3.652173913043478493e+00 4.149379169313080484e-02 8.343932051179166892e-03
3.692307692307692513e+00 2.367153629645588064e-02 8.410853909775074105e-03
3.732441471571906533e+00 2.224211196093969778e-02 8.478315095418739039e-03
3.772575250836120553e+00 3.168797545487390260e-02 8.546319954577373881e-03
3.812709030100334573e+00 1.189083732627381484e-02 8.614872868746625834e-03
3.852842809364548593e+00 2.804643493992674264e-02 8.683978254732853050e-03
3.892976588628762613e+00 3.423270728621431724e-02 8.753640564937712962e-03
3.933110367892976633e+00 1.908689931449093768e-02 8.823864287645021356e-03
3.973244147157190653e+00 1.950314316555453592e-02 8.894653947309922107e-03
4.013377926421404673e+00 2.490956707953768945e-02 8.966014104850400512e-03
4.053511705685618693e+00 2.079033136032085519e-02 9.037949357941138517e-03
4.093645484949832714e+00 1.182168552669359170e-02 9.110464341309741296e-03
4.133779264214046734e+00 1.485964605823124687e-02 9.183563727035347346e-03
4.173913043478260754e+00 5.911815494438385152e-03 9.257252224849637709e-03
4.214046822742474774e+00 -1.451574835218859966e-03 9.331534582440292880e-03
4.254180602006688794e+00 2.988187710640092740e-02 9.406415585756880068e-03
4.294314381270902814e+00 1.964188446974211161e-02 9.481900059319198562e-03
4.334448160535116834e+00 5.092952651745622297e-03 9.557992866528131765e-03
4.374581939799330854e+00 -2.239506090343719100e-03 9.634698909978981624e-03
4.414715719063544874e+00 1.745079618667385452e-02 9.712023131777344429e-03
4.454849498327758894e+00 1.244463661702935320e-02 9.789970513857531448e-03
4.494983277591973803e+00 2.020068341193935815e-03 9.868546078303532670e-03
4.535117056856187823e+00 9.329418711487636948e-03 9.947754887672606919e-03
4.575250836120401843e+00 6.246728927440967777e-03 1.002760204532144456e-02
4.615384615384615863e+00 5.022337554224731195e-03 1.010809269573497912e-02
4.655518394648829883e+00 1.754284934205832536e-02 1.018923202485783573e-02
4.695652173913043903e+00 -4.427068524339371550e-03 1.027102526042846485e-02
4.735785953177257923e+00 1.721861606154410397e-03 1.035347767231595620e-02
4.775919732441471943e+00 -7.821570916515880462e-03 1.043659457285956750e-02
4.816053511705685963e+00 1.569063377324046021e-02 1.052038131721100972e-02
4.856187290969899983e+00 1.434898116085677952e-02 1.060484330367945406e-02
4.896321070234114003e+00 4.349556386536246669e-03 1.068998597407935965e-02
4.936454849498328024e+00 1.295834192172924670e-02 1.077581481408107153e-02
4.976588628762542044e+00 1.427779614061695443e-02 1.086233535356426194e-02
5.016722408026756064e+00 -1.664855293164610450e-03 1.094955316697422167e-02
5.056856187290970084e+00 -9.963277579405089429e-03 1.103747387368100505e-02
5.096989966555184104e+00 -7.288441458821775382e-03 1.112610313834149454e-02
5.137123745819398124e+00 1.453326526406626198e-02 1.121544667126435704e-02
5.177257525083612144e+00 5.807144118956759568e-03 1.130551022877796311e-02
5.217391304347826164e+00 -4.625244851676953498e-03 1.139629961360126217e-02
5.257525083612040184e+00 -5.439505190732760176e-03 1.148782067521763976e-02
5.297658862876254204e+00 -2.246581845099770297e-02 1.158007931025180348e-02
5.337792642140468224e+00 2.782289537620139669e-03 1.167308146284968748e-02
5.377926421404682245e+00 1.077077860238208860e-02 1.176683312506144295e-02
5.418060200668896265e+00 1.901063555296282626e-02 1.186134033722748005e-02
5.458193979933110285e+00 1.058553355076038288e-03 1.195660918836767041e-02
5.498327759197324305e+00 2.284748036775985369e-02 1.205264581657362888e-02
5.538461538461538325e+00 1.599068265121297155e-02 1.214945640940420443e-02
5.578595317725752345e+00 1.062339695451775153e-02 1.224704720428413003e-02
5.618729096989966365e+00 3.471451614996584611e-02 1.234542448890589561e-02
5.658862876254180385e+00 1.396990692650166947e-02 1.244459460163486846e-02
5.698996655518394405e+00 1.694651709458979555e-02 1.254456393191765926e-02
5.739130434782608425e+00 4.539440354332300101e-03 1.264533892069378586e-02
5.779264214046822445e+00 2.657585293869903914e-02 1.274692606081066250e-02
5.819397993311037354e+00 4.769706693997420588e-03 1.284933189744193356e-02
5.859531772575251374e+00 1.748121834706353392e-02 1.295256302850916405e-02
5.899665551839465394e+00 1.667423303070162191e-02 1.305662610510694745e-02
5.939799331103679414e+00 1.703972662981197150e-02 1.316152783193141884e-02
5.979933110367893434e+00 1.579499487884523240e-02 1.326727496771224098e-02
6.020066889632107454e+00 7.660988972035657346e-03 1.337387432564806841e-02
6.060200668896321474e+00 2.196642918473042799e-02 1.348133277384550022e-02
6.100334448160535494e+00 1.177586223150749352e-02 1.358965723576159926e-02
6.140468227424749514e+00 5.277418427968331646e-03 1.369885469064996072e-02
6.180602006688963534e+00 3.348248242830099974e-02 1.380893217401038195e-02
6.220735785953177555e+00 1.239182560196930294e-02 1.391989677804214218e-02
6.260869565217391575e+00 6.233403529833880102e-03 1.403175565210097384e-02
6.301003344481605595e+00 1.253325881808625003e-02 1.414451600315965417e-02
6.341137123745819615e+00 2.477161248652968648e-02 1.425818509627237336e-02
6.381270903010033635e+00 2.022779641288334831e-02 1.437277025504279937e-02
6.421404682274247655e+00 -1.112274025543380854e-02 1.448827886209593137e-02
6.461538461538461675e+00 2.078456436696487358e-02 1.460471835955378349e-02
6.501672240802675695e+00 3.771643399622396503e-02 1.472209624951482596e-02
6.541806020066889715e+00 -3.070335473167165596e-03 1.484042009453737966e-02
6.581939799331103735e+00 2.224058912103859739e-02 1.495969751812684795e-02
6.622073578595317755e+00 4.354307219075409519e-02 1.507993620522689489e-02
6.662207357859531776e+00 3.557308953024405918e-02 1.520114390271458567e-02
6.702341137123745796e+00 4.894707903181819142e-02 1.532332841989950296e-02
6.742474916387959816e+00 4.719353232003638959e-02 1.544649762902689308e-02
6.782608695652173836e+00 3.103468308627841885e-02 1.557065946578488173e-02
6.822742474916387856e+00 3.076842913316530162e-02 1.569582192981574392e-02
6.862876254180601876e+00 4.083061037482551420e-02 1.582199308523133535e-02
6.903010033444815896e+00 4.350476261029311009e-02 1.594918106113264039e-02
6.943143812709029916e+00 2.985427349197357708e-02 1.607739405213352846e-02
6.983277591973243936e+00 2.236227905564531007e-02 1.620664031888872578e-02
7.023411371237457956e+00 1.085918700515109761e-02 1.633692818862604243e-02
7.063545150501672865e+00 5.022594851983300940e-02 1.646826605568289803e-02
7.103678929765886885e+00 3.928158806369412559e-02 1.660066238204713218e-02
7.143812709030100905e+00 3.758859371547124129e-02 1.673412569790225235e-02
7.183946488294314925e+00 5.054443861817101147e-02 1.686866460217695957e-02
7.224080267558528945e+00 4.719319466663540741e-03 1.700428776309925380e-02
7.264214046822742965e+00 8.557969918647412300e-02 1.714100391875483798e-02
7.304347826086956985e+00 6.049173222380885978e-02 1.727882187765016411e-02
7.344481605351171005e+00 2.812583181980740296e-02 1.741775051927992382e-02
7.384615384615385025e+00 2.747373556891723190e-02 1.755779879469916357e-02
7.424749163879599045e+00 9.663867904704692702e-02 1.769897572709999700e-02
7.464882943143813065e+00 4.108122995189675275e-02 1.784129041239294194e-02
7.505016722408027086e+00 6.225759271064713191e-02 1.798475201979297944e-02
7.545150501672241106e+00 5.066820898231890608e-02 1.812936979241031379e-02
7.585284280936455126e+00 4.095070753310428580e-02 1.827515304784588929e-02
7.625418060200669146e+00 5.740835176750389013e-02 1.842211117879174673e-02
7.665551839464883166e+00 5.040139091576155417e-03 1.857025365363614011e-02
7.705685618729097186e+00 1.804051584380754469e-02 1.871959001707361112e-02
7.745819397993311206e+00 2.998926326902124143e-02 1.887012989071993121e-02
7.785953177257525226e+00 6.118078046039172185e-02 1.902188297373201553e-02
7.826086956521739246e+00 2.935791114627174167e-02 1.917485904343284656e-02
7.866220735785953266e+00 7.914505030977067590e-02 1.932906795594140081e-02
7.906354515050167286e+00 3.159768793267003772e-02 1.948451964680766521e-02
7.946488294314381307e+00 2.804285062338286380e-02 1.964122413165279857e-02
7.986622073578595327e+00 2.096711620906818035e-02 1.979919150681440712e-02
8.026755852842809347e+00 5.304620896273705422e-02 1.995843194999706929e-02
8.066889632107024255e+00 3.924867460185933049e-02 2.011895572092805770e-02
8.107023411371237387e+00 5.496684892569160541e-02 2.028077316201834165e-02
8.147157190635452295e+00 2.437041007540156207e-02 2.044389469902900200e-02
8.187290969899665427e+00 4.622771825356414288e-02 2.060833084174289870e-02
8.227424749163880335e+00 6.474334995225043687e-02 2.077409218464183749e-02
8.267558528428093467e+00 9.534424206136851709e-02 2.094118940758913500e-02
8.307692307692308376e+00 7.418162642493765502e-02 2.110963327651775925e-02
8.347826086956521507e+00 4.653744468459695971e-02 2.127943464412390337e-02
8.387959866220736416e+00 4.024208864410622200e-02 2.145060445056629420e-02
8.428093645484949548e+00 2.939482483735569168e-02 2.162315372417098272e-02
8.468227424749164456e+00 6.661745979902700121e-02 2.179709358214196313e-02
8.508361204013377588e+00 4.642667798336913565e-02 2.197243523127735687e-02
8.548494983277592496e+00 7.583527985738720834e-02 2.214918996869154333e-02
8.588628762541805628e+00 6.804615928692277216e-02 2.232736918254297348e-02
8.628762541806020536e+00 5.885755758835869988e-02 2.250698435276792669e-02
8.668896321070233668e+00 1.903868001959053285e-02 2.268804705182010314e-02
8.709030100334448576e+00 8.894314474617318056e-02 2.287056894541630511e-02
8.749163879598661708e+00 6.117549444224421040e-02 2.305456179328797123e-02
8.789297658862876617e+00 5.738784848273435768e-02 2.324003744993890716e-02
8.829431438127089748e+00 3.709320836231227297e-02 2.342700786540901844e-02
8.869565217391304657e+00 8.222971026252605398e-02 2.361548508604428137e-02
8.909698996655517789e+00 8.646006363397595873e-02 2.380548125527282358e-02
8.949832775919732697e+00 6.181169003655538619e-02 2.399700861438738148e-02
8.989966555183947605e+00 4.420200935340114906e-02 2.419007950333394372e-02
9.030100334448160737e+00 4.778681454317953992e-02 2.438470636150681659e-02
9.070234113712375645e+00 5.455809832210831156e-02 2.458090172855011482e-02
9.110367892976588777e+00 6.517665612245758522e-02 2.477867824516561887e-02
9.150501672240803686e+00 8.417319073474605062e-02 2.497804865392727960e-02
9.190635451505016817e+00 5.350973591115903982e-02 2.517902580010213803e-02
9.230769230769231726e+00 3.949977391139233851e-02 2.538162263247801045e-02
9.270903010033444858e+00 7.467343216966372543e-02 2.558585220419767534e-02
9.311036789297659766e+00 8.414809193074193616e-02 2.579172767359997134e-02
9.351170568561872898e+00 6.980188024256438195e-02 2.599926230506750813e-02
9.391304347826087806e+00 3.762402025761987095e-02 2.620846946988133683e-02
9.431438127090300938e+00 1.728275842810416546e-02 2.641936264708237211e-02
9.471571906354515846e+00 6.288571294396741451e-02 2.663195542433993701e-02
9.511705685618728978e+00 6.707087757009172480e-02 2.684626149882709395e-02
9.551839464882943886e+00 5.872560080515190628e-02 2.706229467810325820e-02
9.591973244147157018e+00 9.000153488596819573e-02 2.728006888100369468e-02
9.632107023411371927e+00 1.104607800621998231e-01 2.749959813853639773e-02
9.672240802675585059e+00 1.088502970691507254e-02 2.772089659478600004e-02
9.712374581939799967e+00 9.333761612271561370e-02 2.794397850782515472e-02
9.752508361204013099e+00 6.511118028611505293e-02 2.816885825063310950e-02
9.792642140468228007e+00 6.643376945580002635e-02 2.839555031202177851e-02
9.832775919732441139e+00 7.897877328048677481e-02 2.862406929756920390e-02
9.872909698996656047e+00 1.034324899641019813e-01 2.885442993056065719e-02
9.913043478260869179e+00 -1.400780381138359842e-02 2.908664705293713057e-02
9.953177257525084087e+00 5.080023656480064237e-02 2.932073562625173158e-02
9.993311036789297219e+00 3.763136840557684826e-02 2.955671073263351975e-02
1.003344481605351213e+01 1.443983746497366216e-01 2.979458757575931607e-02
1.007357859531772526e+01 7.940906483334529697e-03 3.003438148183321110e-02
1.011371237458194017e+01 9.343676400034404972e-02 3.027610790057407714e-02
1.015384615384615330e+01 8.745649715201452012e-02 3.051978240621089009e-02
1.019397993311036821e+01 1.097993497539950236e-01 3.076542069848628436e-02
1.023411371237458134e+01 1.256622573079623217e-01 3.101303860366794521e-02
1.027424749163879625e+01 2.594720045090222194e-02 3.126265207556840064e-02
1.031438127090301116e+01 5.748600335716325810e-02 3.151427719657282772e-02
1.035451505016722429e+01 7.160626141047583826e-02 3.176793017867524105e-02
1.039464882943143920e+01 1.028832736693777727e-01 3.202362736452306347e-02
1.043478260869565233e+01 2.657464174153988112e-02 3.228138522847004421e-02
1.047491638795986724e+01 -7.303895747028082974e-03 3.254122037763766684e-02
1.051505016722408037e+01 7.770289764674211119e-02 3.280314955298511970e-02
1.055518394648829528e+01 1.067342179463611207e-01 3.306718963038798864e-02
1.059531772575250841e+01 3.742190815876111909e-02 3.333335762172543598e-02
1.063545150501672332e+01 6.046920519645982567e-02 3.360167067597637919e-02
1.067558528428093645e+01 7.391973407344808178e-02 3.387214608032426688e-02
1.071571906354515136e+01 4.387498028692232710e-02 3.414480126127100029e-02
1.075585284280936449e+01 6.806524187677638615e-02 3.441965378575957690e-02
1.079598662207357940e+01 8.991663128625397572e-02 3.469672136230605997e-02
1.083612040133779253e+01 8.270626043052450860e-02 3.497602184214038123e-02
1.087625418060200744e+01 8.965438984139258161e-02 3.525757322035660835e-02
1.091638795986622057e+01 7.610726690440795805e-02 3.554139363707219806e-02
1.095652173913043548e+01 4.966777175590905008e-02 3.582750137859695011e-02
1.099665551839464861e+01 1.183954841015312787e-01 3.611591487861098154e-02
1.103678929765886352e+01 7.216376645317901239e-02 3.640665271935254049e-02
1.107692307692307665e+01 1.656821477927256092e-02 3.669973363281514578e-02
1.111705685618729156e+01 7.142622619225090508e-02 3.699517650195453811e-02
1.115719063545150469e+01 2.095979738445843954e-02 3.729300036190524859e-02
1.119732441471571960e+01 4.105760879318146733e-02 3.759322440120704822e-02
1.123745819397993273e+01 4.873622821254443294e-02 3.789586796304122984e-02
1.127759197324414764e+01 1.336703007245331198e-01 3.820095054647690974e-02
1.131772575250836077e+01 7.889540611380853330e-02 3.850849180772723812e-02
1.135785953177257568e+01 6.106144944175944528e-02 3.881851156141599007e-02
1.139799331103678881e+01 1.187400677891916889e-01 3.913102978185400982e-02
1.143812709030100372e+01 8.554314788763964228e-02 3.944606660432635470e-02
1.147826086956521685e+01 7.000191178439034434e-02 3.976364232638938956e-02
1.151839464882943176e+01 7.163245013522312465e-02 4.008377740917870580e-02
1.155852842809364489e+01 7.374721331974183614e-02 4.040649247872729610e-02
1.159866220735785980e+01 2.675747862256065701e-02 4.073180832729453998e-02
1.163879598662207471e+01 9.319367891071608789e-02 4.105974591470584051e-02
1.167892976588628784e+01 6.239844000576772604e-02 4.139032636970295387e-02
1.171906354515050275e+01 2.541447875255781891e-02 4.172357099130544200e-02
1.175919732441471588e+01 4.420286331703147942e-02 4.205950125018279723e-02
1.179933110367893079e+01 1.466666913124069493e-01 4.239813879003791891e-02
1.183946488294314392e+01 1.355511691735032664e-01 4.273950542900146338e-02
1.187959866220735883e+01 6.845138129541332439e-02 4.308362316103771239e-02
1.191973244147157196e+01 5.731500735603012320e-02 4.343051415736148835e-02
1.195986622073578687e+01 3.872736194140180555e-02 4.378020076786672682e-02
1.200000000000000000e+01 1.032535797243486486e-01 4.413270552256642193e-02
