0.000000000000000000e+00 2.621447641388027217e-01 4.040000000000000188e-03
4.013377926421404784e-02 2.540597312983357559e-01 4.072236226492920684e-03
8.026755852842809569e-02 2.600612017313615465e-01 4.104732246560466313e-03
1.204013377926421435e-01 2.622865618699856127e-01 4.137490153893765531e-03
1.605351170568561914e-01 2.605171091811169792e-01 4.170512059057123258e-03
2.006688963210702392e-01 2.490073325898059520e-01 4.203800089623998919e-03
2.408026755852842871e-01 2.548774146276762687e-01 4.237356390314089491e-03
2.809364548494983627e-01 2.619760462526998235e-01 4.271183123131507171e-03
3.210702341137123828e-01 2.494676322284860304e-01 4.305282467504080272e-03
3.612040133779264028e-01 2.544743614232380935e-01 4.339656620423765210e-03
4.013377926421404784e-01 2.537347800989500080e-01 4.374307796588206010e-03
4.414715719063545540e-01 2.467601739958827645e-01 4.409238228543417917e-03
4.816053511705685741e-01 2.471935007041338728e-01 4.444450166827630666e-03
5.217391304347825942e-01 2.552877364729409515e-01 4.479945880116289678e-03
5.618729096989967253e-01 2.432494671741269876e-01 4.515727655368223861e-03
6.020066889632107454e-01 2.461063528963841618e-01 4.551797797972993026e-03
6.421404682274247655e-01 2.422031475908578979e-01 4.588158631899422711e-03
6.822742474916387856e-01 2.448377237292228559e-01 4.624812499845331638e-03
7.224080267558528057e-01 2.438407920021190556e-01 4.661761763388478676e-03
7.625418060200669368e-01 2.373731935010771066e-01 4.699008803138705892e-03
8.026755852842809569e-01 2.326632989503778781e-01 4.736556018891328011e-03
8.428093645484949770e-01 2.295592842667404099e-01 4.774405829781745714e-03
8.829431438127091081e-01 2.308593668561342016e-01 4.812560674441307071e-03
9.230769230769231282e-01 2.298542201926977446e-01 4.851023011154430124e-03
9.632107023411371483e-01 2.267603738163805616e-01 4.889795318016986608e-03
1.003344481605351168e+00 2.147720865980772831e-01 4.928880093095961562e-03
1.043478260869565188e+00 2.253908696678312007e-01 4.968279854590403576e-03
1.083612040133779209e+00 2.195947358193086896e-01 5.007997140993671742e-03
1.123745819397993451e+00 2.150577470896838372e-01 5.048034511256984519e-03
1.163879598662207471e+00 2.145984936226998097e-01 5.088394544954294788e-03
1.204013377926421491e+00 2.087806813495643454e-01 5.129079842448487636e-03
1.244147157190635511e+00 2.056613629396202292e-01 5.170093025058919087e-03
1.284280936454849531e+00 2.080793675425976486e-01 5.211436735230306171e-03
1.324414715719063551e+00 2.101455346529513823e-01 5.253113636702979629e-03
1.364548494983277571e+00 2.000650967344854980e-01 5.295126414684500973e-03
1.404682274247491591e+00 1.984457480748122726e-01 5.337477776022675133e-03
1.444816053511705611e+00 1.891296823079564871e-01 5.380170449379944805e-03
1.484949832775919853e+00 1.941680212173275133e-01 5.423207185409197745e-03
1.525083612040133874e+00 1.888719821751607408e-01 5.466590756930989579e-03
1.565217391304347894e+00 1.790402033574392260e-01 5.510323959112192575e-03
1.605351170568561914e+00 1.762203571837634430e-01 5.554409609646090290e-03
1.645484949832775934e+00 1.718751337650354094e-01 5.598850548933912048e-03
1.685618729096989954e+00 1.727296601611466309e-01 5.643649640267844533e-03
1.725752508361203974e+00 1.694137374737953727e-01 5.688809770015504884e-03
1.765886287625418216e+00 1.799258249084472183e-01 5.734333847805915194e-03
1.806020066889632236e+00 1.596949614154993258e-01 5.780224806716958465e-03
1.846153846153846256e+00 1.633446879824453912e-01 5.826485603464360251e-03
1.886287625418060276e+00 1.587670239079796708e-01 5.873119218592185581e-03
1.926421404682274297e+00 1.534811428300906222e-01 5.920128656664871113e-03
1.966555183946488317e+00 1.558951317624834021e-01 5.967516946460810733e-03
2.006688963210702337e+00 1.584318184529820983e-01 6.015287141167493731e-03
2.046822742474916357e+00 1.427736279152908572e-01 6.063442318578220712e-03
2.086956521739130377e+00 1.476145230995575541e-01 6.111985581290403299e-03
2.127090301003344397e+00 1.380220993569740706e-01 6.160920056905458929e-03
2.167224080267558417e+00 1.326836731491296273e-01 6.210248898230324131e-03
2.207357859531772437e+00 1.265165811343781921e-01 6.259975283480585448e-03
2.247491638795986901e+00 1.405935986500758961e-01 6.310102416485247057e-03
2.287625418060200921e+00 1.303662366027125707e-01 6.360633526893153325e-03
2.327759197324414941e+00 1.180598580274631326e-01 6.411571870381071493e-03
2.367892976588628962e+00 1.228093988846484935e-01 6.462920728863452702e-03
2.408026755852842982e+00 1.193067363283438209e-01 6.514683410703881773e-03
2.448160535117057002e+00 1.181295618071402376e-01 6.566863250928231359e-03
2.488294314381271022e+00 1.099365194895235154e-01 6.619463611439541269e-03
2.528428093645485042e+00 1.113988292811331771e-01 6.672487881234614310e-03
2.568561872909699062e+00 9.977426027475581882e-02 6.725939476622371134e-03
2.608695652173913082e+00 1.059045775648043003e-01 6.779821841443959760e-03
2.648829431438127102e+00 8.260902267133946042e-02 6.834138447294639714e-03
2.688963210702341122e+00 9.734435419044010218e-02 6.888892793747452073e-03
2.729096989966555142e+00 8.995088138736159755e-02 6.944088408578694485e-03
2.769230769230769162e+00 8.683570296757088525e-02 6.999728847995216781e-03
2.809364548494983183e+00 9.002006564099709895e-02 7.055817696863537179e-03
2.849498327759197203e+00 7.253992732379535568e-02 7.112358568940820719e-03
2.889632107023411223e+00 6.230440001238779502e-02 7.169355107107699965e-03
2.929765886287625687e+00 7.761126556650915775e-02 7.226810983602996105e-03
2.969899665551839707e+00 6.607420163808504221e-02 7.284729900260304009e-03
3.010033444816053727e+00 6.352778586165332142e-02 7.343115588746509763e-03
3.050167224080267747e+00 6.709878781635600364e-02 7.401971810802212073e-03
3.090301003344481767e+00 6.915776698328471306e-02 7.461302358484090021e-03
3.130434782608695787e+00 5.438091594336796897e-02 7.521111054409224117e-03
3.170568561872909807e+00 5.074195042067581457e-02 7.581401752001381070e-03
3.210702341137123828e+00 5.804656933412728759e-02 7.642178335739285670e-03
3.250836120401337848e+00 5.751374679476869978e-02 7.703444721406901494e-03
3.290969899665551868e+00 6.071318391313090812e-02 7.765204856345713468e-03
3.331103678929765888e+00 4.743328775968357752e-02 7.827462719709054814e-03
3.371237458193979908e+00 5.264363406388514882e-02 7.890222322718484435e-03
3.411371237458193928e+00 6.439770243348713619e-02 7.953487708922216473e-03
3.451505016722407948e+00 3.878613171497392875e-02 8.017262954455654095e-03
3.491638795986621968e+00 4.232003417640172599e-02 8.081552168304008410e-03
3.531772575250836432e+00 4.749433324176476068e-02 8.146359492567029417e-03
3.571906354515050452e+00 3.272589080017276192e-02 8.211689102725884537e-03
3.612040133779264472e+00 4.629813972488232982e-02 8.277545207912184733e-03
3.652173913043478493e+00 3.768095032931580851e-02 8.343932051179166892e-03
3.692307692307692513e+00 3.089180212216126667e-02 8.410853909775074105e-03
3.732441471571906533e+00 2.705224356669705399e-02 8.478315095418739039e-03
3.772575250836120553e+00 2.400234824905522410e-02 8.546319954577373881e-03
3.812709030100334573e+00 3.277161332655173509e-02 8.614872868746625834e-03
3.852842809364548593e+00 2.961736364496849253e-02 8.683978254732853050e-03
3.892976588628762613e+00 2.768109118434523494e-02 8.753640564937712962e-03
3.933110367892976633e+00 2.542293246538704365e-02 8.823864287645021356e-03
3.973244147157190653e+00 4.377843792344415785e-02 8.894653947309922107e-03
4.013377926421404673e+00 2.877601511813446949e-02 8.966014104850400512e-03
4.053511705685618693e+00 2.339042971675608928e-02 9.037949357941138517e-03
4.093645484949832714e+00 -3.453055497122149015e-03 9.110464341309741296e-03
4.133779264214046734e+00 1.479038628238547003e-02 9.183563727035347346e-03
4.173913043478260754e+00 2.011365195155916802e-02 9.257252224849637709e-03
4.214046822742474774e+00 2.402297583545392329e-02 9.331534582440292880e-03
4.254180602006688794e+00 8.556051002684972318e-03 9.406415585756880068e-03
4.294314381270902814e+00 7.462343987359833404e-03 9.481900059319198562e-03
4.334448160535116834e+00 -8.886702680697602247e-04 9.557992866528131765e-03
4.374581939799330854e+00 8.252863964377651559e-03 9.634698909978981624e-03
4.414715719063544874e+00 9.888151751843984177e-03 9.712023131777344429e-03
4.454849498327758894e+00 1.728380304589670000e-02 9.789970513857531448e-03
4.494983277591973803e+00 -1.091627732804849316e-03 9.868546078303532670e-03
4.535117056856187823e+00 3.881456345443139166e-02 9.947754887672606919e-03
4.575250836120401843e+00 5.478093941734199154e-03 1.002760204532144456e-02
4.615384615384615863e+00 2.462908745441208525e-03 1.010809269573497912e-02
4.655518394648829883e+00 1.432172189810448915e-02 1.018923202485783573e-02
4.695652173913043903e+00 5.480746762094330232e-04 1.027102526042846485e-02
4.735785953177257923e+00 8.433165859392783778e-03 1.035347767231595620e-02
4.775919732441471943e+00 1.452741850204664585e-02 1.043659457285956750e-02
4.816053511705685963e+00 9.921912222901519904e-03 1.052038131721100972e-02
4.856187290969899983e+00 -6.168188471204079024e-03 1.060484330367945406e-02
4.896321070234114003e+00 5.990524794248675185e-03 1.068998597407935965e-02
4.936454849498328024e+00 1.215235658911189773e-02 1.077581481408107153e-02
4.976588628762542044e+00 -1.901045803591847050e-02 1.086233535356426194e-02
5.016722408026756064e+00 -3.767910011366571929e-03 1.094955316697422167e-02
5.056856187290970084e+00 7.568281117611120982e-03 1.103747387368100505e-02
5.096989966555184104e+00 -2.466268265122453091e-02 1.112610313834149454e-02
5.137123745819398124e+00 6.310153946010641987e-03 1.121544667126435704e-02
5.177257525083612144e+00 1.425100497745192610e-02 1.130551022877796311e-02
5.217391304347826164e+00 1.650082402200108919e-02 1.139629961360126217e-02
5.257525083612040184e+00 1.498580475621762165e-02 1.148782067521763976e-02
5.297658862876254204e+00 8.784783932108965535e-03 1.158007931025180348e-02
5.337792642140468224e+00 1.027560921680201189e-03 1.167308146284968748e-02
5.377926421404682245e+00 1.940395580781014567e-02 1.176683312506144295e-02
5.418060200668896265e+00 2.065195125011278637e-02 1.186134033722748005e-02
5.458193979933110285e+00 -9.735200017464419944e-03 1.195660918836767041e-02
5.498327759197324305e+00 9.856441618522740478e-03 1.205264581657362888e-02
5.538461538461538325e+00 -9.028393612423891990e-04 1.214945640940420443e-02
5.578595317725752345e+00 5.010381644201657679e-03 1.224704720428413003e-02
5.618729096989966365e+00 2.023154693117104608e-02 1.234542448890589561e-02
5.658862876254180385e+00 8.930587853602858783e-03 1.244459460163486846e-02
5.698996655518394405e+00 2.310915504539610976e-02 1.254456393191765926e-02
5.739130434782608425e+00 2.782235992916080175e-03 1.264533892069378586e-02
5.779264214046822445e+00 1.826838901072142321e-02 1.274692606081066250e-02
5.819397993311037354e+00 2.442707057911344681e-02 1.284933189744193356e-02
5.859531772575251374e+00 3.725951811429535632e-02 1.295256302850916405e-02
5.899665551839465394e+00 -1.266483110947609278e-02 1.305662610510694745e-02
5.939799331103679414e+00 4.385286901380416186e-02 1.316152783193141884e-02
5.979933110367893434e+00 3.323498123062312154e-02 1.326727496771224098e-02
6.020066889632107454e+00 1.482221074195919086e-02 1.337387432564806841e-02
6.060200668896321474e+00 3.042899314726033727e-02 1.348133277384550022e-02
6.100334448160535494e+00 7.412299812921142525e-03 1.358965723576159926e-02
6.140468227424749514e+00 1.535122368381992321e-02 1.369885469064996072e-02
6.180602006688963534e+00 3.015008148624015449e-02 1.380893217401038195e-02
6.220735785953177555e+00 3.029115557130514225e-03 1.391989677804214218e-02
6.260869565217391575e+00 8.604691980866082182e-03 1.403175565210097384e-02
6.301003344481605595e+00 2.767354470905835501e-02 1.414451600315965417e-02
6.341137123745819615e+00 1.604627280976651457e-02 1.425818509627237336e-02
6.381270903010033635e+00 1.476315274100576183e-02 1.437277025504279937e-02
6.421404682274247655e+00 4.005982476308919682e-02 1.448827886209593137e-02
6.461538461538461675e+00 1.932240734492115392e-02 1.460471835955378349e-02
6.501672240802675695e+00 3.794865736527353040e-02 1.472209624951482596e-02
6.541806020066889715e+00 4.202584225947744723e-02 1.484042009453737966e-02
6.581939799331103735e+00 2.528673130726098381e-02 1.495969751812684795e-02
6.622073578595317755e+00 4.091843121581321963e-02 1.507993620522689489e-02
6.662207357859531776e+00 4.239383246131470800e-02 1.520114390271458567e-02
6.702341137123745796e+00 5.839844896709896205e-02 1.532332841989950296e-02
6.742474916387959816e+00 2.514552548305725582e-02 1.544649762902689308e-02
6.782608695652173836e+00 4.038557375184792519e-02 1.557065946578488173e-02
6.822742474916387856e+00 1.323358165920162505e-02 1.569582192981574392e-02
6.862876254180601876e+00 4.540574296798502441e-02 1.582199308523133535e-02
6.903010033444815896e+00 1.930524826457682974e-02 1.594918106113264039e-02
6.943143812709029916e+00 4.066455939330795855e-02 1.607739405213352846e-02
6.983277591973243936e+00 3.737232607320319783e-02 1.620664031888872578e-02
7.023411371237457956e+00 1.879041089101453343e-02 1.633692818862604243e-02
7.063545150501672865e+00 2.651495822430754989e-02 1.646826605568289803e-02
7.103678929765886885e+00 1.681123162364257448e-02 1.660066238204713218e-02
7.143812709030100905e+00 2.354477338946885101e-02 1.673412569790225235e-02
7.183946488294314925e+00 3.474647687040768873e-02 1.686866460217695957e-02
7.224080267558528945e+00 3.864264064836615137e-02 1.700428776309925380e-02
7.264214046822742965e+00 6.089632126549332503e-02 1.714100391875483798e-02
7.304347826086956985e+00 4.771227471648732676e-02 1.727882187765016411e-02
7.344481605351171005e+00 2.945327873349171122e-02 1.741775051927992382e-02
7.384615384615385025e+00 5.960328155375055337e-02 1.755779879469916357e-02
7.424749163879599045e+00 3.932452481570825054e-02 1.769897572709999700e-02
7.464882943143813065e+00 6.974316292045043553e-02 1.784129041239294194e-02
7.505016722408027086e+00 3.131339459771587119e-02 1.798475201979297944e-02
7.545150501672241106e+00 3.823774181357154217e-02 1.812936979241031379e-02
7.585284280936455126e+00 4.129536582420888918e-02 1.827515304784588929e-02
7.625418060200669146e+00 6.983487756028738946e-02 1.842211117879174673e-02
7.665551839464883166e+00 3.513201860197617127e-02 1.857025365363614011e-02
7.705685618729097186e+00 5.428160904458881331e-02 1.871959001707361112e-02
7.745819397993311206e+00 3.649124341069079347e-02 1.887012989071993121e-02
7.785953177257525226e+00 4.435459091376328655e-02 1.902188297373201553e-02
7.826086956521739246e+00 3.358087636177577162e-02 1.917485904343284656e-02
7.866220735785953266e+00 3.733751406054948430e-02 1.932906795594140081e-02
7.906354515050167286e+00 1.734538010568241473e-02 1.948451964680766521e-02
7.946488294314381307e+00 5.015291671249010735e-02 1.964122413165279857e-02
7.986622073578595327e+00 6.611576812663820524e-02 1.979919150681440712e-02
8.026755852842809347e+00 4.201674941788244300e-02 1.995843194999706929e-02
8.066889632107024255e+00 5.552007818303405368e-02 2.011895572092805770e-02
8.107023411371237387e+00 6.484732237690979395e-02 2.028077316201834165e-02
8.147157190635452295e+00 7.135062566440188159e-02 2.044389469902900200e-02
8.187290969899665427e+00 5.717121805027350345e-02 2.060833084174289870e-02
8.227424749163880335e+00 6.145829568449857894e-02 2.077409218464183749e-02
8.267558528428093467e+00 2.830518591288672461e-02 2.094118940758913500e-02
8.307692307692308376e+00 1.852526180124644539e-02 2.110963327651775925e-02
8.347826086956521507e+00 2.368365096051113644e-02 2.127943464412390337e-02
8.387959866220736416e+00 6.711978823337355626e-02 2.145060445056629420e-02
8.428093645484949548e+00 5.530981056264040741e-02 2.162315372417098272e-02
8.468227424749164456e+00 5.604013216807634395e-02 2.179709358214196313e-02
8.508361204013377588e+00 5.537538666817518745e-02 2.197243523127735687e-02
8.548494983277592496e+00 9.545450258265884835e-02 2.214918996869154333e-02
8.588628762541805628e+00 2.437142446476884411e-02 2.232736918254297348e-02
8.628762541806020536e+00 6.345681282514493982e-02 2.250698435276792669e-02
8.668896321070233668e+00 7.472445765898329262e-02 2.268804705182010314e-02
8.709030100334448576e+00 4.354594729838827394e-02 2.287056894541630511e-02
8.749163879598661708e+00 4.991050591698703576e-02 2.305456179328797123e-02
8.789297658862876617e+00 9.656084245853432946e-02 2.324003744993890716e-02
8.829431438127089748e+00 2.303982812103674144e-02 2.342700786540901844e-02
8.869565217391304657e+00 6.167679220809837992e-02 2.361548508604428137e-02
8.909698996655517789e+00 3.959491469105762274e-02 2.380548125527282358e-02
8.949832775919732697e+00 4.179769400220836872e-02 2.399700861438738148e-02
8.989966555183947605e+00 7.743321361732050101e-02 2.419007950333394372e-02
9.030100334448160737e+00 7.098235104620621849e-02 2.438470636150681659e-02
9.070234113712375645e+00 5.020721072555091313e-02 2.458090172855011482e-02
9.110367892976588777e+00 5.402787407157801092e-02 2.477867824516561887e-02
9.150501672240803686e+00 8.692228784264297015e-02 2.497804865392727960e-02
9.190635451505016817e+00 5.591445201906062451e-02 2.517902580010213803e-02
9.230769230769231726e+00 1.123870181567282467e-02 2.538162263247801045e-02
9.270903010033444858e+00 6.856587836174227180e-02 2.558585220419767534e-02
9.311036789297659766e+00 1.106733687760953766e-02 2.579172767359997134e-02
9.351170568561872898e+00 6.384459024163240126e-02 2.599926230506750813e-02
9.391304347826087806e+00 3.659260838294018520e-02 2.620846946988133683e-02
9.431438127090300938e+00 3.177475268979933903e-02 2.641936264708237211e-02
9.471571906354515846e+00 9.385275355376912487e-02 2.663195542433993701e-02
9.511705685618728978e+00 2.469314901926899369e-02 2.684626149882709395e-02
9.551839464882943886e+00 3.613059467265029856e-02 2.706229467810325820e-02
9.591973244147157018e+00 6.381838480827432825e-02 2.728006888100369468e-02
9.632107023411371927e+00 9.856035245942187939e-02 2.749959813853639773e-02
9.672240802675585059e+00 5.496142674242730786e-02 2.772089659478600004e-02
9.712374581939799967e+00 1.169574529722233608e-01 2.794397850782515472e-02
9.752508361204013099e+00 4.650252681957491030e-02 2.816885825063310950e-02
9.792642140468228007e+00 1.634738503815920674e-01 2.839555031202177851e-02
9.832775919732441139e+00 6.607633356209396958e-02 2.862406929756920390e-02
9.872909698996656047e+00 1.440325275039711084e-02 2.885442993056065719e-02
9.913043478260869179e+00 6.396637936048321649e-02 2.908664705293713057e-02
9.953177257525084087e+00 8.617832937302422058e-02 2.932073562625173158e-02
9.993311036789297219e+00 2.037878738801812695e-02 2.955671073263351975e-02
1.003344481605351213e+01 6.155600874354003049e-02 2.979458757575931607e-02
1.007357859531772526e+01 1.206354740924882041e-01 3.003438148183321110e-02
1.011371237458194017e+01 8.566220903829338540e-02 3.027610790057407714e-02
1.015384615384615330e+01 6.487709618558029634e-02 3.051978240621089009e-02
1.019397993311036821e+01 4.603305423538198160e-02 3.076542069848628436e-02
1.023411371237458134e+01 1.381964126958341865e-02 3.101303860366794521e-02
1.027424749163879625e+01 1.074828846916875413e-01 3.126265207556840064e-02
1.031438127090301116e+01 1.562493105184458581e-02 3.151427719657282772e-02
1.035451505016722429e+01 2.235949805289952352e-02 3.176793017867524105e-02
1.039464882943143920e+01 5.168137841208463035e-02 3.202362736452306347e-02
1.043478260869565233e+01 1.116532665584726303e-01 3.228138522847004421e-02
1.047491638795986724e+01 3.015352011867640514e-02 3.254122037763766684e-02
1.051505016722408037e+01 2.606764806744268914e-02 3.280314955298511970e-02
1.055518394648829528e+01 1.126016283079807334e-01 3.306718963038798864e-02
1.059531772575250841e+01 3.771263301071919871e-02 3.333335762172543598e-02
1.063545150501672332e+01 3.194515860289647013e-03 3.360167067597637919e-02
1.067558528428093645e+01 9.930904693564687746e-02 3.387214608032426688e-02
1.071571906354515136e+01 4.508834802231763417e-02 3.414480126127100029e-02
1.075585284280936449e+01 8.750151762190191973e-02 3.441965378575957690e-02
1.079598662207357940e+01 8.579678938536974830e-02 3.469672136230605997e-02
1.083612040133779253e+01 6.331213213855275967e-02 3.497602184214038123e-02
1.087625418060200744e+01 1.502228812600681085e-02 3.525757322035660835e-02
1.091638795986622057e+01 4.986849163166486021e-02 3.554139363707219806e-02
1.095652173913043548e+01 1.126120140443922779e-01 3.582750137859695011e-02
1.099665551839464861e+01 1.101432970500419578e-01 3.611591487861098154e-02
1.103678929765886352e+01 1.285639582117195645e-02 3.640665271935254049e-02
1.107692307692307665e+01 7.446222753072111178e-02 3.669973363281514578e-02
1.111705685618729156e+01 3.323830193081837164e-02 3.699517650195453811e-02
1.115719063545150469e+01 3.951069329794577867e-02 3.729300036190524859e-02
1.119732441471571960e+01 9.644621976880306258e-02 3.759322440120704822e-02
1.123745819397993273e+01 4.143798014513515315e-02 3.789586796304122984e-02
1.127759197324414764e+01 6.398782537293440376e-02 3.820095054647690974e-02
1.131772575250836077e+01 8.217706135341262819e-02 3.850849180772723812e-02
1.135785953177257568e+01 4.855908829034004393e-02 3.881851156141599007e-02
1.139799331103678881e+01 6.783127690898432816e-02 3.913102978185400982e-02
1.143812709030100372e+01 1.160983796052676986e-01 3.944606660432635470e-02
1.147826086956521685e+01 9.336803651613084787e-02 3.976364232638938956e-02
1.151839464882943176e+01 9.913715953447635454e-02 4.008377740917870580e-02
1.155852842809364489e+01 -2.848255479596675799e-03 4.040649247872729610e-02
1.159866220735785980e+01 9.583490150071792557e-02 4.073180832729453998e-02
1.163879598662207471e+01 5.091360367521734209e-02 4.105974591470584051e-02
1.167892976588628784e+01 2.082717036435062508e-02 4.139032636970295387e-02
1.171906354515050275e+01 2.443906945112150897e-03 4.172357099130544200e-02
1.175919732441471588e+01 6.745822853974708933e-03 4.205950125018279723e-02
1.179933110367893079e+01 5.814637089417319660e-02 4.239813879003791891e-02
1.183946488294314392e+01 1.072107986743223024e-01 4.273950542900146338e-02
1.187959866220735883e+01 1.119926246906564477e-01 4.308362316103771239e-02
1.191973244147157196e+01 1.146048078496684219e-01 4.343051415736148835e-02
1.195986622073578687e+01 1.052501238388001831e-01 4.378020076786672682e-02
1.200000000000000000e+01 -5.048324756397479240e-03 4.413270552256642193e-02
