0.000000000000000000e+00 2.622659733901971379e-01 4.040000000000000188e-03
4.013377926421404784e-02 2.515498017562847188e-01 4.072236226492920684e-03
8.026755852842809569e-02 2.576990889357634318e-01 4.104732246560466313e-03
1.204013377926421435e-01 2.562269518706853932e-01 4.137490153893765531e-03
1.605351170568561914e-01 2.579514161937440653e-01 4.170512059057123258e-03
2.006688963210702392e-01 2.658020516359839158e-01 4.203800089623998919e-03
2.408026755852842871e-01 2.570468128534781349e-01 4.237356390314089491e-03
2.809364548494983627e-01 2.528028411956512178e-01 4.271183123131507171e-03
3.210702341137123828e-01 2.546796791094189105e-01 4.305282467504080272e-03
3.612040133779264028e-01 2.564335215843311921e-01 4.339656620423765210e-03
4.013377926421404784e-01 2.569399086430705359e-01 4.374307796588206010e-03
4.414715719063545540e-01 2.537447051638632711e-01 4.409238228543417917e-03
4.816053511705685741e-01 2.428022431988352270e-01 4.444450166827630666e-03
5.217391304347825942e-01 2.524901019646107470e-01 4.479945880116289678e-03
5.618729096989967253e-01 2.435138575605278743e-01 4.515727655368223861e-03
6.020066889632107454e-01 2.556931077423144627e-01 4.551797797972993026e-03
6.421404682274247655e-01 2.434460440893817246e-01 4.588158631899422711e-03
6.822742474916387856e-01 2.426073986844488606e-01 4.624812499845331638e-03
7.224080267558528057e-01 2.387971888543215238e-01 4.661761763388478676e-03
7.625418060200669368e-01 2.435648890956840507e-01 4.699008803138705892e-03
8.026755852842809569e-01 2.358851113429507318e-01 4.736556018891328011e-03
8.428093645484949770e-01 2.263221534610924679e-01 4.774405829781745714e-03
8.829431438127091081e-01 2.384026236999929327e-01 4.812560674441307071e-03
9.230769230769231282e-01 2.129849167948187072e-01 4.851023011154430124e-03
9.632107023411371483e-01 2.211878907401561012e-01 4.889795318016986608e-03
1.003344481605351168e+00 2.250831648257921869e-01 4.928880093095961562e-03
1.043478260869565188e+00 2.210394523428665936e-01 4.968279854590403576e-03
1.083612040133779209e+00 2.166783774174936839e-01 5.007997140993671742e-03
1.123745819397993451e+00 2.201936430964440417e-01 5.048034511256984519e-03
1.163879598662207471e+00 2.148601973549507937e-01 5.088394544954294788e-03
1.204013377926421491e+00 2.099014723442936547e-01 5.129079842448487636e-03
1.244147157190635511e+00 2.059291186727626177e-01 5.170093025058919087e-03
1.284280936454849531e+00 2.014874476762763822e-01 5.211436735230306171e-03
1.324414715719063551e+00 2.130713656769821773e-01 5.253113636702979629e-03
1.364548494983277571e+00 1.949862428047955121e-01 5.295126414684500973e-03
1.404682274247491591e+00 1.972365828749620686e-01 5.337477776022675133e-03
1.444816053511705611e+00 1.942495367422278074e-01 5.380170449379944805e-03
1.484949832775919853e+00 1.906634917443481569e-01 5.423207185409197745e-03
1.525083612040133874e+00 1.936517402278478406e-01 5.466590756930989579e-03
1.565217391304347894e+00 1.760754732982659498e-01 5.510323959112192575e-03
1.605351170568561914e+00 1.884612516017427353e-01 5.554409609646090290e-03
1.645484949832775934e+00 1.812398823386887903e-01 5.598850548933912048e-03
1.685618729096989954e+00 1.820298226064094860e-01 5.643649640267844533e-03
1.725752508361203974e+00 1.743455287409792775e-01 5.688809770015504884e-03
1.765886287625418216e+00 1.651513337682328775e-01 5.734333847805915194e-03
1.806020066889632236e+00 1.572957316830694841e-01 5.780224806716958465e-03
1.846153846153846256e+00 1.593749305368470648e-01 5.826485603464360251e-03
1.886287625418060276e+00 1.568697405949407986e-01 5.873119218592185581e-03
1.926421404682274297e+00 1.462876701210256425e-01 5.920128656664871113e-03
1.966555183946488317e+00 1.463676359392743487e-01 5.967516946460810733e-03
2.006688963210702337e+00 1.661157290541937503e-01 6.015287141167493731e-03
2.046822742474916357e+00 1.498243694430246020e-01 6.063442318578220712e-03
2.086956521739130377e+00 1.414345402151022946e-01 6.111985581290403299e-03
2.127090301003344397e+00 1.283494657393583760e-01 6.160920056905458929e-03
2.167224080267558417e+00 1.421725938304963521e-01 6.210248898230324131e-03
2.207357859531772437e+00 1.249670744847646425e-01 6.259975283480585448e-03
2.247491638795986901e+00 1.351439282132333441e-01 6.310102416485247057e-03
2.287625418060200921e+00 1.162612207002730047e-01 6.360633526893153325e-03
2.327759197324414941e+00 1.165348445525177107e-01 6.411571870381071493e-03
2.367892976588628962e+00 1.068051534488302229e-01 6.462920728863452702e-03
2.408026755852842982e+00 1.145983463428721927e-01 6.514683410703881773e-03
2.448160535117057002e+00 1.010747791991240263e-01 6.566863250928231359e-03
2.488294314381271022e+00 1.120200727359450810e-01 6.619463611439541269e-03
2.528428093645485042e+00 1.099532617296280212e-01 6.672487881234614310e-03
2.568561872909699062e+00 1.061335417559433614e-01 6.725939476622371134e-03
2.608695652173913082e+00 9.995139579490575077e-02 6.779821841443959760e-03
2.648829431438127102e+00 1.002473802824052490e-01 6.834138447294639714e-03
2.688963210702341122e+00 1.077703721092819894e-01 6.888892793747452073e-03
2.729096989966555142e+00 9.903424519186135311e-02 6.944088408578694485e-03
2.769230769230769162e+00 8.038760139814754568e-02 6.999728847995216781e-03
2.809364548494983183e+00 8.212690583198115069e-02 7.055817696863537179e-03
2.849498327759197203e+00 8.680233485436006369e-02 7.112358568940820719e-03
2.889632107023411223e+00 7.477233495933903462e-02 7.169355107107699965e-03
2.929765886287625687e+00 6.921019925925830929e-02 7.226810983602996105e-03
2.969899665551839707e+00 7.532163547468916087e-02 7.284729900260304009e-03
3.010033444816053727e+00 6.729122845959915888e-02 7.343115588746509763e-03
3.050167224080267747e+00 5.538939978054562008e-02 7.401971810802212073e-03
3.090301003344481767e+00 7.990809844427257391e-02 7.461302358484090021e-03
3.130434782608695787e+00 6.145586276439456153e-02 7.521111054409224117e-03
3.170568561872909807e+00 6.670573979961333388e-02 7.581401752001381070e-03
3.210702341137123828e+00 5.616326065135669038e-02 7.642178335739285670e-03
3.250836120401337848e+00 4.052796942277234193e-02 7.703444721406901494e-03
3.290969899665551868e+00 4.811664831046084945e-02 7.765204856345713468e-03
3.331103678929765888e+00 5.712394182492892825e-02 7.827462719709054814e-03
3.371237458193979908e+00 5.255149457799870860e-02 7.890222322718484435e-03
3.411371237458193928e+00 4.158729186447776560e-02 7.953487708922216473e-03
3.451505016722407948e+00 4.342419665600256995e-02 8.017262954455654095e-03
3.491638795986621968e+00 4.789178220486124682e-02 8.081552168304008410e-03
3.531772575250836432e+00 2.988032226095128224e-02 8.146359492567029417e-03
3.571906354515050452e+00 3.874562913596856645e-02 8.211689102725884537e-03
3.612040133779264472e+00 3.874974771270591617e-02 8.277545207912184733e-03
3.652173913043478493e+00 5.181576033054047237e-02 8.343932051179166892e-03
3.692307692307692513e+00 4.356019518157584064e-02 8.410853909775074105e-03
3.732441471571906533e+00 3.472151172731224866e-02 8.478315095418739039e-03
3.772575250836120553e+00 4.645762466876858510e-02 8.546319954577373881e-03
3.812709030100334573e+00 3.771240293189493525e-02 8.614872868746625834e-03
3.852842809364548593e+00 3.813586724480215462e-02 8.683978254732853050e-03
3.892976588628762613e+00 2.215684288177426770e-02 8.753640564937712962e-03
3.933110367892976633e+00 1.804256785995907858e-02 8.823864287645021356e-03
3.973244147157190653e+00 1.770419999236894429e-02 8.894653947309922107e-03
4.013377926421404673e+00 2.496136781285560047e-02 8.966014104850400512e-03
4.053511705685618693e+00 1.737681808998399122e-02 9.037949357941138517e-03
4.093645484949832714e+00 1.472866004290915819e-02 9.110464341309741296e-03
4.133779264214046734e+00 2.376807998272232464e-02 9.183563727035347346e-03
4.173913043478260754e+00 1.690979457868214270e-02 9.257252224849637709e-03
4.214046822742474774e+00 2.820449895370608778e-02 9.331534582440292880e-03
4.254180602006688794e+00 1.285157202444171115e-04 9.406415585756880068e-03
4.294314381270902814e+00 2.236238269605783646e-02 9.481900059319198562e-03
4.334448160535116834e+00 7.822273479954252803e-03 9.557992866528131765e-03
4.374581939799330854e+00 6.102521692294997011e-03 9.634698909978981624e-03
4.414715719063544874e+00 7.237058747262021564e-03 9.712023131777344429e-03
4.454849498327758894e+00 1.146012224698624710e-02 9.789970513857531448e-03
4.494983277591973803e+00 2.014797684923972515e-02 9.868546078303532670e-03
4.535117056856187823e+00 4.891102385358103537e-03 9.947754887672606919e-03
4.575250836120401843e+00 5.961364651014983487e-03 1.002760204532144456e-02
4.615384615384615863e+00 5.432225467962657067e-04 1.010809269573497912e-02
4.655518394648829883e+00 1.703611167964019790e-02 1.018923202485783573e-02
4.695652173913043903e+00 1.409100942082924107e-02 1.027102526042846485e-02
4.735785953177257923e+00 3.158947267948235965e-02 1.035347767231595620e-02
4.775919732441471943e+00 1.154523948246020948e-04 1.043659457285956750e-02
4.816053511705685963e+00 -7.551695186060193923e-03 1.052038131721100972e-02
4.856187290969899983e+00 -2.113752271664061030e-03 1.060484330367945406e-02
4.896321070234114003e+00 2.584542171353422166e-02 1.068998597407935965e-02
4.936454849498328024e+00 1.202409619363136242e-02 1.077581481408107153e-02
4.976588628762542044e+00 1.790498030749070393e-02 1.086233535356426194e-02
5.016722408026756064e+00 8.241335056878984835e-03 1.094955316697422167e-02
5.056856187290970084e+00 7.223022840690981189e-03 1.103747387368100505e-02
5.096989966555184104e+00 2.573886152212861642e-02 1.112610313834149454e-02
5.137123745819398124e+00 2.069358194720987906e-02 1.121544667126435704e-02
5.177257525083612144e+00 1.015719723385064173e-02 1.130551022877796311e-02
5.217391304347826164e+00 1.356784321289884222e-03 1.139629961360126217e-02
5.257525083612040184e+00 -8.694665912038639782e-03 1.148782067521763976e-02
5.297658862876254204e+00 8.694833036857821384e-03 1.158007931025180348e-02
5.337792642140468224e+00 1.104620824427863732e-02 1.167308146284968748e-02
5.377926421404682245e+00 1.760233059447348369e-02 1.176683312506144295e-02
5.418060200668896265e+00 6.387845695340266770e-03 1.186134033722748005e-02
5.458193979933110285e+00 3.321355682880952967e-03 1.195660918836767041e-02
5.498327759197324305e+00 4.200040583838561201e-03 1.205264581657362888e-02
5.538461538461538325e+00 3.068338499522418536e-03 1.214945640940420443e-02
5.578595317725752345e+00 9.331725433873182957e-03 1.224704720428413003e-02
5.618729096989966365e+00 2.006754321081145528e-03 1.234542448890589561e-02
5.658862876254180385e+00 -9.045263696603486267e-03 1.244459460163486846e-02
5.698996655518394405e+00 1.988078015763746625e-02 1.254456393191765926e-02
5.739130434782608425e+00 2.542872077711172407e-02 1.264533892069378586e-02
5.779264214046822445e+00 2.816374560445528141e-02 1.274692606081066250e-02
5.819397993311037354e+00 -4.097393372614551582e-03 1.284933189744193356e-02
5.859531772575251374e+00 2.160642431988379908e-02 1.295256302850916405e-02
5.899665551839465394e+00 4.078815806154695994e-02 1.305662610510694745e-02
5.939799331103679414e+00 -8.166372723245017562e-04 1.316152783193141884e-02
5.979933110367893434e+00 1.862839917459845757e-02 1.326727496771224098e-02
6.020066889632107454e+00 1.940947294203322279e-02 1.337387432564806841e-02
6.060200668896321474e+00 -5.119371238197119311e-04 1.348133277384550022e-02
6.100334448160535494e+00 2.110260902369543584e-02 1.358965723576159926e-02
6.140468227424749514e+00 3.519627479282565197e-02 1.369885469064996072e-02
6.180602006688963534e+00 1.096245623867341847e-02 1.380893217401038195e-02
6.220735785953177555e+00 2.407659145496444247e-02 1.391989677804214218e-02
6.260869565217391575e+00 3.662763622305946487e-02 1.403175565210097384e-02
6.301003344481605595e+00 9.691201800420377530e-03 1.414451600315965417e-02
6.341137123745819615e+00 3.801144489996960418e-02 1.425818509627237336e-02
6.381270903010033635e+00 6.475233691135416636e-03 1.437277025504279937e-02
6.421404682274247655e+00 3.365765958079357245e-02 1.448827886209593137e-02
6.461538461538461675e+00 3.780331578215002930e-02 1.460471835955378349e-02
6.501672240802675695e+00 2.072375368628782272e-02 1.472209624951482596e-02
6.541806020066889715e+00 4.433571201295431752e-02 1.484042009453737966e-02
6.581939799331103735e+00 2.944071712683908951e-02 1.495969751812684795e-02
6.622073578595317755e+00 3.631158694943604354e-02 1.507993620522689489e-02
6.662207357859531776e+00 6.238429519195982931e-02 1.520114390271458567e-02
6.702341137123745796e+00 3.232517282995612390e-02 1.532332841989950296e-02
6.742474916387959816e+00 2.769475044521547275e-02 1.544649762902689308e-02
6.782608695652173836e+00 3.229382097200201446e-02 1.557065946578488173e-02
6.822742474916387856e+00 1.086187076457314354e-02 1.569582192981574392e-02
6.862876254180601876e+00 2.168738715913040571e-03 1.582199308523133535e-02
6.903010033444815896e+00 3.556415580298268042e-02 1.594918106113264039e-02
6.943143812709029916e+00 3.413526852863810884e-02 1.607739405213352846e-02
6.983277591973243936e+00 5.871472086304395377e-02 1.620664031888872578e-02
7.023411371237457956e+00 5.297979651534505396e-02 1.633692818862604243e-02
7.063545150501672865e+00 4.202823125137553767e-02 1.646826605568289803e-02
7.103678929765886885e+00 4.205863692425067940e-02 1.660066238204713218e-02
7.143812709030100905e+00 4.041038788433536783e-02 1.673412569790225235e-02
7.183946488294314925e+00 4.686278557457264349e-02 1.686866460217695957e-02
7.224080267558528945e+00 1.998138545416321132e-02 1.700428776309925380e-02
7.264214046822742965e+00 7.005039418260133877e-02 1.714100391875483798e-02
7.304347826086956985e+00 5.456985747330896086e-03 1.727882187765016411e-02
7.344481605351171005e+00 5.139772944358799583e-02 1.741775051927992382e-02
7.384615384615385025e+00 4.826803499383323925e-02 1.755779879469916357e-02
7.424749163879599045e+00 5.164151081604688442e-02 1.769897572709999700e-02
7.464882943143813065e+00 3.763605045457454890e-02 1.784129041239294194e-02
7.505016722408027086e+00 5.682067166366923383e-02 1.798475201979297944e-02
7.545150501672241106e+00 6.187789063942535778e-02 1.812936979241031379e-02
7.585284280936455126e+00 6.299932601386301623e-02 1.827515304784588929e-02
7.625418060200669146e+00 4.617029004720639429e-02 1.842211117879174673e-02
7.665551839464883166e+00 5.767457445452941339e-02 1.857025365363614011e-02
7.705685618729097186e+00 6.520132937351474922e-02 1.871959001707361112e-02
7.745819397993311206e+00 6.243200204364869610e-02 1.887012989071993121e-02
7.785953177257525226e+00 4.865299476658730554e-02 1.902188297373201553e-02
7.826086956521739246e+00 3.820553677319431241e-02 1.917485904343284656e-02
7.866220735785953266e+00 6.448579044786535708e-02 1.932906795594140081e-02
7.906354515050167286e+00 3.709214892365183397e-02 1.948451964680766521e-02
7.946488294314381307e+00 5.628399199882557630e-02 1.964122413165279857e-02
7.986622073578595327e+00 8.439324451080781886e-02 1.979919150681440712e-02
8.026755852842809347e+00 2.113744582850403397e-02 1.995843194999706929e-02
8.066889632107024255e+00 3.123476029956195887e-02 2.011895572092805770e-02
8.107023411371237387e+00 3.818659642122056164e-02 2.028077316201834165e-02
8.147157190635452295e+00 5.463939593927322896e-02 2.044389469902900200e-02
8.187290969899665427e+00 -1.865952331614774418e-03 2.060833084174289870e-02
8.227424749163880335e+00 3.870508928887388123e-02 2.077409218464183749e-02
8.267558528428093467e+00 3.009693309044535192e-02 2.094118940758913500e-02
8.307692307692308376e+00 5.250256197249092427e-02 2.110963327651775925e-02
8.347826086956521507e+00 1.043599341599217301e-01 2.127943464412390337e-02
8.387959866220736416e+00 7.018348486739275915e-02 2.145060445056629420e-02
8.428093645484949548e+00 6.272513996045929463e-02 2.162315372417098272e-02
8.468227424749164456e+00 2.562910777958334746e-02 2.179709358214196313e-02
8.508361204013377588e+00 2.398625469657054976e-02 2.197243523127735687e-02
8.548494983277592496e+00 6.919335806978450798e-02 2.214918996869154333e-02
8.588628762541805628e+00 4.475178732114345331e-02 2.232736918254297348e-02
8.628762541806020536e+00 4.551137235754602883e-02 2.250698435276792669e-02
8.668896321070233668e+00 7.620893681409890430e-02 2.268804705182010314e-02
8.709030100334448576e+00 9.767219504514365602e-02 2.287056894541630511e-02
8.749163879598661708e+00 2.633503287697282896e-02 2.305456179328797123e-02
8.789297658862876617e+00 5.894781318168626494e-02 2.324003744993890716e-02
8.829431438127089748e+00 2.270414146443455738e-02 2.342700786540901844e-02
8.869565217391304657e+00 7.280916799818289153e-02 2.361548508604428137e-02
8.909698996655517789e+00 6.994150407318716622e-02 2.380548125527282358e-02
8.949832775919732697e+00 6.274599680907140542e-02 2.399700861438738148e-02
8.989966555183947605e+00 1.883603068006590997e-03 2.419007950333394372e-02
9.030100334448160737e+00 7.853592894391156487e-02 2.438470636150681659e-02
9.070234113712375645e+00 7.515624990348704348e-02 2.458090172855011482e-02
9.110367892976588777e+00 5.393042499170118409e-02 2.477867824516561887e-02
9.150501672240803686e+00 4.786020073868923336e-02 2.497804865392727960e-02
9.190635451505016817e+00 1.147118288187676943e-01 2.517902580010213803e-02
9.230769230769231726e+00 8.399521227577191884e-02 2.538162263247801045e-02
9.270903010033444858e+00 4.766212245008695503e-02 2.558585220419767534e-02
9.311036789297659766e+00 5.384530190935170324e-02 2.579172767359997134e-02
9.351170568561872898e+00 1.055233641937988465e-01 2.599926230506750813e-02
9.391304347826087806e+00 5.356288397317988947e-02 2.620846946988133683e-02
9.431438127090300938e+00 3.731042862923071579e-02 2.641936264708237211e-02
9.471571906354515846e+00 -1.437130136646452838e-03 2.663195542433993701e-02
9.511705685618728978e+00 7.718518962698910080e-02 2.684626149882709395e-02
9.551839464882943886e+00 3.453034405570341164e-02 2.706229467810325820e-02
9.591973244147157018e+00 1.043093341571849769e-01 2.728006888100369468e-02
9.632107023411371927e+00 2.156457071768994732e-02 2.749959813853639773e-02
9.672240802675585059e+00 5.798113863018999198e-02 2.772089659478600004e-02
9.712374581939799967e+00 4.790049666155163366e-02 2.794397850782515472e-02
9.752508361204013099e+00 5.228028116167320050e-02 2.816885825063310950e-02
9.792642140468228007e+00 3.322083577629456747e-02 2.839555031202177851e-02
9.832775919732441139e+00 6.602094931469976169e-02 2.862406929756920390e-02
9.872909698996656047e+00 7.638145067618302975e-02 2.885442993056065719e-02
9.913043478260869179e+00 3.849670930360429150e-02 2.908664705293713057e-02
9.953177257525084087e+00 3.973371881098558545e-03 2.932073562625173158e-02
9.993311036789297219e+00 8.037459696301527123e-02 2.955671073263351975e-02
1.003344481605351213e+01 4.654676709867763829e-02 2.979458757575931607e-02
1.007357859531772526e+01 6.640045096769195410e-02 3.003438148183321110e-02
1.011371237458194017e+01 6.493114428498521218e-02 3.027610790057407714e-02
1.015384615384615330e+01 2.016272019346861122e-02 3.051978240621089009e-02
1.019397993311036821e+01 7.581968972816106878e-03 3.076542069848628436e-02
1.023411371237458134e+01 6.977607093792451143e-02 3.101303860366794521e-02
1.027424749163879625e+01 6.283178981503226290e-02 3.126265207556840064e-02
1.031438127090301116e+01 9.261419964216500988e-02 3.151427719657282772e-02
1.035451505016722429e+01 3.895780335130825944e-02 3.176793017867524105e-02
1.039464882943143920e+01 4.277214975419000448e-02 3.202362736452306347e-02
1.043478260869565233e+01 6.641492007524656127e-02 3.228138522847004421e-02
1.047491638795986724e+01 1.052119610883366085e-01 3.254122037763766684e-02
1.051505016722408037e+01 5.332078872015921789e-02 3.280314955298511970e-02
1.055518394648829528e+01 5.394361425562421708e-02 3.306718963038798864e-02
1.059531772575250841e+01 1.428079710685412063e-01 3.333335762172543598e-02
1.063545150501672332e+01 5.615448549788509131e-02 3.360167067597637919e-02
1.067558528428093645e+01 1.068642223005075026e-01 3.387214608032426688e-02
1.071571906354515136e+01 3.296893500720206316e-02 3.414480126127100029e-02
1.075585284280936449e+01 1.284212723112836407e-01 3.441965378575957690e-02
1.079598662207357940e+01 8.809476575192741465e-02 3.469672136230605997e-02
1.083612040133779253e+01 1.098840486617553014e-01 3.497602184214038123e-02
1.087625418060200744e+01 9.138260847123566566e-02 3.525757322035660835e-02
1.091638795986622057e+01 7.650036309678855118e-02 3.554139363707219806e-02
1.095652173913043548e+01 9.656706379855166389e-02 3.582750137859695011e-02
1.099665551839464861e+01 6.933690961751827475e-02 3.611591487861098154e-02
1.103678929765886352e+01 2.717623460341388880e-02 3.640665271935254049e-02
1.107692307692307665e+01 1.231148764935292850e-02 3.669973363281514578e-02
1.111705685618729156e+01 6.875556756916566259e-02 3.699517650195453811e-02
1.115719063545150469e+01 5.937604413837275358e-02 3.729300036190524859e-02
1.119732441471571960e+01 1.047119499271095266e-01 3.759322440120704822e-02
1.123745819397993273e+01 1.093283879008803416e-01 3.789586796304122984e-02
1.127759197324414764e+01 1.042711305885934830e-01 3.820095054647690974e-02
1.131772575250836077e+01 1.081969571175935146e-01 3.850849180772723812e-02
1.135785953177257568e+01 5.389949863799078922e-02 3.881851156141599007e-02
1.139799331103678881e+01 3.983885810589829490e-02 3.913102978185400982e-02
1.143812709030100372e+01 9.276601558308528173e-02 3.944606660432635470e-02
1.147826086956521685e+01 7.964869567671616080e-02 3.976364232638938956e-02
1.151839464882943176e+01 1.067808432048050205e-01 4.008377740917870580e-02
1.155852842809364489e+01 2.701524965303382653e-03 4.040649247872729610e-02
1.159866220735785980e+01 1.032497310692272185e-01 4.073180832729453998e-02
1.163879598662207471e+01 1.134043092985581036e-01 4.105974591470584051e-02
1.167892976588628784e+01 7.218398463602943016e-02 4.139032636970295387e-02
1.171906354515050275e+01 1.058817292333350812e-01 4.172357099130544200e-02
1.175919732441471588e+01 7.406741794923096811e-02 4.205950125018279723e-02
1.179933110367893079e+01 6.655361583071731091e-02 4.239813879003791891e-02
1.183946488294314392e+01 8.973093796592067350e-02 4.273950542900146338e-02
1.187959866220735883e+01 4.824488456531460245e-02 4.308362316103771239e-02
1.191973244147157196e+01 9.308226451940890267e-02 4.343051415736148835e-02
1.195986622073578687e+01 7.416470597219178285e-03 4.378020076786672682e-02
1.200000000000000000e+01 1.018341508485017810e-01 4.413270552256642193e-02
